0,1,2,3,4,5,6,7,8,9,10,11,12,13,14,15,16,17,18,19,20,21,22,23,24,25,26,27,28,29,30,31,32,33,34,35,36,37,38,39,40,41,42,43,44,45,46,47,48,49,50,51,52,53,54,55,56,57,58,59,60,61,62,63,64,65,66,67,68,69,70,71,72,73,74,75,76,77,78,79,80,81,82,83,84,85,86,87,88,89,90,91,92,93,94,95,96,97,98,99,100,101,102,103,104,105,106,107,108,109,110,111,112,113,114,115,116,117,118,119,120,121,122,123,124,125,126,127,128,129,130,131,132,133,134,135,136,137,138,139,140,141,142,143,144,145,146,147,148,149,150,151,152,153,154,155,156,157,158,159,160,161,162,163,164,165,166,167,168,169,170,171,172,173,174,175,176,177,178,179,180,181,182,183,184,185,186,187,188,189,190,191,192,193,194,195,196,197,198,199,200,201,202,203,204,205,206,207,208,209,210,211,212,213,214,215,216,217,218,219,220,221,222,223,224,225,226,227,228,229,230,231,232,233,234,235,236,237,238,239,240,241,242,243,244,245,246,247,248,249,250,251,252,253,254,255,256,257,258,259,260,261,262,263,264,265,266,267,268,269,270,271,272,273,274,275,276,277,278,279,280,281,282,283,284,285,286,287,288,289,290,291,292,293,294,295,296,297,298,299,300,301,302,303,304,305,306,307,308,309,310,311,312,313,314,315,316,317,318,319,320,321,322,323,324,325,326,327,328,329,330,331,332,333,334,335,336,337,338,339,340,341,342,343,344,345,346,347,348,349,350,351,352,353,354,355,356,357,358,359,360,361,362,363,364,365,366,367,368,369,370,371,372,373,374,375,376,377,378,379,380,381,382,383,384,385,386,387,388,389,390,391,392,393,394,395,396,397,398,399,400,401,402,403,404,405,406,407,408,409,410,411,412,413,414,415,416,417,418,419,420,421,422,423,424,425,426,427,428,429,430,431,432,433,434,435,436,437,438,439,440,441,442,443,444,445,446,447,448,449,450,451,452,453,454,455,456,457,458,459,460,461,462,463,464,465,466,467,468,469,470,471,472,473,474,475,476,477,478,479,480,481,482,483,484,485,486,487,488,489,490,491,492,493,494,495,496,497,498,499,500,501,502,503,504,505,506,507,508,509,510,511,512,513,514,515,516,517,518,519,520,521,522,523,524,525,526,527,528,529,530,531,532,533,534,535,536,537,538,539,540,541,542,543,544,545,546,547,548,549,550,551,552,553,554,555,556,557,558,559,560,561,562,563,564,565,566,567,568,569,570,571,572,y
0.0,0.0,0.0,0.0,0.0,0.0,0.0,0.7228106676754302,0.0,0.0,0.0,0.0,0.0,0.8257099501409062,0.0,0.0,0.0,0.47441642183492017,0.0,0.0,0.0,0.0,0.0,0.0,0.0,0.16751837905684042,0.6422080266193713,0.029322268326417822,0.0,0.0,0.0,0.8840868352917746,0.0,0.0,0.0,0.8564580734125682,0.6976744186046512,0.0,0.0,0.27560468631897217,0.0,0.3846153846153846,0.0,0.33749429136854936,0.0,0.0,0.21774065053604352,0.0,0.6666666666666667,0.28531199051430267,0.7777175549533273,0.0,0.0,0.0,0.0,0.4230080572963296,0.7259095058025818,0.4490062761506276,0.15233362143474505,0.06911857958148382,0.601638349514563,0.12809667673716008,0.0,0.0,0.0,1.0,0.0,0.22222222222222232,0.6916973963571349,0.24444241149025703,0.5714285714285714,0.0,0.0,0.5714285714285714,0.0,0.0,0.36186650185414093,0.0,0.0,0.0,0.9440058898114443,0.0,0.0,1.0,0.41446159500183744,0.7993318485523385,0.0,0.45249870820107774,0.0,0.0,0.0,0.0,0.0,0.17391304347826086,0.8753358409457281,0.2666666666666666,0.4489668127739511,0.7133870724725027,0.0,0.8939061814993424,0.125,0.5805016295876435,0.0,0.0,0.07937111702802047,0.0,0.75,0.0,0.0,0.6666666666666667,0.8291131021945202,0.7777777777777778,0.014105058365758372,0.11111111111111105,0.0,0.0,0.532650448143406,1.0,0.0,0.0,0.5,0.5,0.0,0.8571428571428572,1.0,0.631578947368421,0.0,1.0,0.0,0.0,0.0,0.7063686110140878,0.5594553706505296,0.0,0.0,0.6733373823261464,0.0,0.6839175257731959,0.0,0.0,0.9971161610335679,0.0,0.0,0.0,0.11111111111111116,0.16666666666666674,0.3076923076923077,1.0,0.0,0.8067226890756303,0.5,0.29166666666666663,0.0,0.9042601615051334,0.0,0.0,0.5027659574468085,0.9233379126597561,0.28920652968407357,0.5273021001615508,0.0,0.0,0.0,0.16000000000000003,0.967919014482458,0.0,0.0,0.206896551724138,0.0,0.7,0.0,0.0,0.48232316094607275,0.0,0.0,0.0,0.0,0.0,0.5622875624522716,0.8211749515816656,0.0,0.0,0.0,0.9431026474686484,0.655,0.0,0.3510794823289193,0.6572180104578904,0.0,0.0,0.40942708155822916,0.0,0.0,0.0,0.0,0.0,0.0,0.0,0.5212121212121212,0.0,0.0,0.0,0.0,0.0,0.7435897435897436,0.0,0.0,0.0,0.8427225130890053,0.0,0.0,0.0,0.0,0.0,0.0,0.4098360655737705,0.0,0.6206896551724137,0.21212121212121204,1.0,0.0,0.0,0.6068438296323261,0.0,0.0,0.0,0.8649743184512051,0.5087719298245614,0.0,0.0,0.0,0.0,0.6453367875647668,0.011605415860734936,0.198267244251916,0.0,0.0,0.40111279716742543,0.23076923076923073,1.0,0.07314252674183286,0.9341783928363763,0.0,0.0,0.0,0.0,0.7975903614457831,0.8700417536534446,0.40619340818544003,0.0,0.0,0.7374897456931911,0.7368421052631579,0.19318905155951616,0.5,1.0,0.0,0.05695570112135029,0.0,0.9047619047619048,0.0043010752688174,1.0,0.13123236124176862,0.0,0.6666666666666667,0.48475887170154697,0.0,0.5509391007398975,0.0,0.0,0.0,0.9762500948478641,0.0,0.0,0.0,0.7345663265306123,0.6666666666666666,1.0,0.5651284150209761,0.0,0.0,0.0,0.0,0.5,0.32515831276161855,0.3571428571428571,0.0625,0.7676419965576593,0.8317239195820801,0.0,1.0,0.0,0.5638401559454191,0.4545454545454546,0.75,0.47777777777777786,0.0,1.0,0.0,0.0,1.0,0.8724751281278263,1.0,0.0,0.0,0.0,0.0,0.39391691394658745,0.375,0.0,0.0,1.0,0.8,0.0,0.0,0.5882352941176471,0.0,0.0,0.5,0.0,1.0,0.0,1.0,0.0,0.1504664970313826,0.0,0.8079284713993321,0.0,0.500788110785859,0.3658682634730538,0.0,0.9835578657048902,0.11043017088980556,0.0,0.0,0.0,1.0,0.65,0.875,0.5629139072847682,1.0,0.0,0.7906976744186047,0.0,0.9101331185750154,0.0,0.0,0.0,0.978316935714968,1.0,0.69115197493197,0.0,0.0,0.0,0.13636363636363646,0.9667962506573724,0.0,0.9084556254367575,0.375,0.0,1.0,0.0022881113547525977,0.0,0.1855416433065472,0.0,0.0,0.0,0.0,0.0,0.5695643939393938,0.673633608527537,0.0,0.0,0.0,0.9361158432708688,0.5,0.0,0.7875503135823271,0.9213628650531392,0.0,0.0,0.32907471931862164,0.0,0.0,0.0,0.0,0.0,0.0,0.0,0.23096393165998752,0.0,0.0,0.0,0.0,0.0,0.5582655826558266,0.0,0.0,0.0,0.9716077132379037,0.0,0.0,0.0,0.0,0.0,0.0,0.0,0.35620102471368287,0.5847083430165001,0.0,0.5454545454545454,0.0,0.0,0.674245939675174,0.0,0.0,0.0,0.6318559232838266,1.0,0.0,0.0,0.2564102564102564,0.0,0.6626506024096386,0.4146868250539957,0.3076923076923076,0.0,0.0,0.39188102893890686,0.0,0.6666666666666667,0.4083688844513026,0.7682198327359617,0.0,0.43619167717528373,0.0,0.0,0.41092327698309505,0.40701983867451497,0.25948406676783,0.4374999999999999,1.0,0.1428571428571428,0.33826366559485543,0.0,0.0,0.0,0.0,0.011150234741783782,0.5714285714285714,0.445063140101422,0.34324876057159515,0.3999999999999999,0.0,1.0,0.0,0.0,0.0,1.0,0.2857142857142857,0.0,1.0,0.8661805281828932,0.0,0.0,0.0,0.0,0.6512539184952978,0.0,0.055135135135135016,0.0,0.0,0.5,0.07840722495894914,0.0,0.0,0.45656779661016955,0.0,0.48951048951048937,0.20916666666666672,0.23529411764705876,0.5497512437810945,0.0,0.0,0.1986062717770034,0.25,0.6046511627906976,0.0,0.0,0.0,0.0,0.0,0.6590693257359925,0.0,0.0,0.2857142857142857,0.1646795827123696,0.0,0.88,1.0,1.0,0.0,0.0,0.0,0.0,1.0,0.061514195583596276,1.0,1.0,0.0,0.0,0.0,0.024721543058951356,0.6923076923076923,0.7264957264957265,0.0,0.0,0.0,0.0,1.0,0.0,0.5882751609623856,0.8218012866333095,0.0,0.0,1.0,0.5,0.0,0.29268292682926833,0.7368421052631579,0.0,0.7885714285714286,1.0,0.6923076923076923,0.0,0.8933747412008282,0.0,0.0,0.04604569420035154,0.526185069543003,0.0,0.018178283270146478,0.0,0.0,0.0,0.33333333333333326,0.9900641613198901,0.0,0.8768974145120935,0.7,0.0,0.5714285714285714,0.0,0.0,0.48228235544929876,0.0,0.0,0.0,0.0,0.0,0.6160543973429681,0.8872875887287588,0.0,0.0,0.0,0.9154098360655738,1.0,0.0,0.0,0.5194870146107955,0.0,0.0,0.6645335103063055,qsampled
0.5714285714285714,0.0,0.0,0.0,0.0,0.0,0.0,0.0,0.0,0.0,0.0,0.0,0.0,0.0,0.0,0.0,0.0,0.6186629513611765,0.0,0.0,0.0,0.0,0.0,0.0,0.0,0.0,0.0,0.0,0.0,0.0,0.0,0.0,0.83596104623866,0.0,0.0,0.0,0.0,0.0,0.0,0.7899990670771526,0.608510011778563,0.3846153846153846,0.0,0.0,0.0,0.0,0.31644139757722123,1.0,0.0,0.0,0.14823712026018188,0.0,0.3112033195020746,0.7346720357462977,0.0,0.0,0.4276193428394296,0.4641261498028909,0.0,0.1489795918367347,0.0,0.0,0.0,0.7142857142857143,0.4,0.0,0.4361696276332435,0.22222222222222232,0.0,0.0,0.0,0.6931169012122056,0.8225806451612903,0.0,0.0,0.0,0.7966573816155988,0.19354838709677413,0.0,0.2857142857142857,0.0,0.7852794687327062,0.0,0.18181818181818188,0.31264667535853985,0.0,0.0,0.9024470627008322,0.66,0.0,0.33333333333333337,0.0,1.0,0.6521739130434783,0.0,0.0,0.9642023346303502,0.0,0.8055302339714372,0.0,0.0,0.5798829287651299,0.012653516933383013,0.33333333333333337,0.9055892573178632,0.0,0.0,0.0,0.19999999999999996,0.0,0.0,0.0,0.3193717277486907,0.0,0.0,0.0,0.6190476190476191,1.0,0.6666666666666667,0.3174296745725317,0.0,0.0,0.6666666666666667,0.8571428571428572,1.0,0.447808764940239,0.0,0.75,0.0,0.0,0.6406548300878196,0.8251422659079151,0.0,0.0,0.7222222222222222,0.0,0.0,0.664304044971282,0.7968010343461306,0.7054590315616326,0.0,0.2619792725055883,0.7395109395109394,0.0,0.11111111111111116,0.5,0.0,0.5827232796486091,0.5625,0.37750294464075396,0.0,0.0,0.0,0.0,0.0,0.6149796682808308,0.40115541778216135,0.532996929811229,0.20409848758581528,0.0,0.33333333333333326,0.0,0.594813127120901,0.16000000000000003,0.0,0.0,0.0,0.0,0.0,0.0,0.9144309256121977,0.5023815611298921,0.0,0.0,0.0,0.0,0.0,0.0,0.0,0.0,0.0,0.0,0.0,0.0,0.7621951219512195,0.0,0.0,0.1359794493613674,0.6666666666666667,0.0,0.21516820713907825,0.0,0.0,0.0,0.0,0.0,0.0,0.0,0.0,0.0,0.0,0.0,0.0,0.0,0.0,0.0,0.0,0.0,0.8427225130890053,0.0,0.0,0.0,0.0,0.0,0.0,0.4098360655737705,0.0,0.0,0.0,0.0,0.33333333333333326,0.0,0.0,0.8655913978494624,0.0,0.0,0.0,0.0,0.0,0.0,0.6172566371681417,0.7124786324786325,0.7174203113417346,0.6466666666666666,0.0,0.0,0.0,0.0,0.6153846153846154,1.0,0.0,0.0,1.0,0.2659768715763845,0.48884127834315294,0.0,0.0,0.314151190164792,0.406318082788671,0.0862068965517242,0.0,0.0,0.0,0.1887043189368771,0.0,1.0,0.0,0.4965856323408905,0.0,0.11111111111111116,0.0388768898488121,0.0,0.9496707431796801,0.8769230769230769,0.0,0.21310080816673738,0.0,0.755834829443447,0.0,0.0,0.5714285714285714,0.0,0.8042584434654919,0.0,0.0,0.6105054509415263,0.1428571428571428,1.0,0.9202609288287411,0.5,0.0,1.0,0.0,1.0,0.6712955122777307,0.0,0.0625,0.9731285988483686,0.061313291139240444,1.0,0.0,0.0,0.5006090133982947,0.4545454545454546,0.0,0.5446410412853366,0.0,0.0,0.0,0.5,0.0,0.0,0.0,0.0,0.33333333333333337,0.6927536231884058,0.0,0.8872416891284816,0.375,1.0,0.0,0.0,0.0,1.0,0.0,0.0,0.0,0.0,1.0,0.0,0.0,0.8934583579444773,1.0,0.2857142857142857,0.5103092783505154,0.7777777777777778,0.0,0.0,0.4679459223724378,0.23031283710895356,1.0,0.0,0.0,0.6321752265861027,0.0,0.0,1.0,0.0,0.25,0.0,1.0,1.0,0.0,0.0,0.0,0.0,0.6456874720691197,0.37038689172289085,0.16512059369202237,0.8106241067174845,0.0,0.5,0.0,0.7798113401004819,0.13636363636363646,0.0,0.0,0.8320384757676655,0.0,0.0,0.0,0.8845762409994148,0.5624231695923685,0.0,0.0,0.0,0.0,0.0,0.0,0.0,0.0,0.0,0.0,0.0,0.0,0.5,0.0,0.0,0.6360099397808895,1.0,0.0,0.09129762662544327,0.0,0.0,0.0,0.0,0.0,0.0,0.0,0.0,0.0,0.0,0.0,0.0,0.0,0.0,0.0,0.0,0.0,0.9688443103142198,0.0,0.0,0.0,0.3317073170731707,0.0,0.0,0.0,0.3212992387850121,0.0,0.0,0.5454545454545454,0.0,0.0,0.0,0.5013907581875281,0.0,0.0,0.0,0.0,0.5963983050847457,0.0,0.0,0.5409304002884963,0.5845410628019323,0.0,0.15384615384615385,0.0,0.0,0.0,1.0,0.0,0.0,0.46790778222751384,0.0,0.0,0.9558075544067373,0.0,0.0,0.8026777875329236,0.24127310061601648,0.2932692307692307,0.2857142857142857,0.0,0.0,0.0,0.7964601769911505,0.4,0.0,0.653142402545744,0.5714285714285714,0.0,0.0,0.0,0.5282657297987863,0.5,0.33333333333333337,0.0,0.0,1.0,0.368421052631579,0.0,0.0,0.2794060179757717,0.0,0.0,0.5,0.0,0.0,0.0,0.015285996055226736,0.0,0.0,0.0,0.08087027914614131,0.0,0.6940024479804162,0.0,0.0,0.0,0.4331715924128805,1.0,0.0,0.625,0.8622196329740752,0.4285714285714286,0.25,0.8596491228070176,0.0,1.0,0.0,1.0,0.0,0.0,0.5,0.5221238938053097,0.0,0.3821428571428571,0.47426340078097273,0.75,1.0,0.0,0.6408317580340264,0.0,0.0,0.0,1.0,0.9022082018927444,1.0,1.0,0.6666666666666666,0.0,1.0,0.13570761083999583,0.8666666666666667,0.0,0.6356870575422036,0.5555555555555556,0.2709923664122136,0.0,1.0,0.8574908647990256,0.8020603384841796,0.5558574222995001,0.6830570384939589,0.9117647058823529,1.0,0.5,0.0,0.0,0.625,0.6714285714285714,0.122889305816135,0.0,0.0,0.0,0.0,0.0,0.6268082486919052,0.0,0.0,0.2068965517241378,0.0,1.0,0.0,0.3884281420460871,0.33333333333333326,0.0,0.0,0.8768974145120935,0.0,0.0,0.0,0.878863050749804,0.6983762034775111,0.0,0.0,0.0,0.0,0.0,0.0,0.0,0.0,0.0,0.0,0.0,0.0,1.0,0.0,0.29113264561842256,0.5000384644972691,0.0,0.0,0.8531672739979035,qsampled
0.0,0.0,0.0,0.0,0.0,0.0,0.0,0.0,0.0,0.0,0.6548980606663353,0.593064746844397,0.0,0.0,0.0,0.0,0.0,0.0,0.0,0.0,0.0,0.717948717948718,0.0,0.0,0.0,0.039616217889198446,0.7029024698034974,0.0,0.0,0.0,0.8435735636001328,0.8842042361065002,0.0,0.0,1.0,0.0,0.0,0.0,0.0,0.12295923127157371,0.0,0.8461538461538461,0.2591496426766766,0.43038850912866666,0.0,0.8519008264462811,0.5065966141272621,0.33333333333333326,0.6666666666666667,0.28920374880082644,0.2759339362957136,0.0,0.0,0.5370275219688285,0.0,0.47539236008291386,0.9237612832002078,0.0,0.39152981849611057,0.1489795918367347,0.1961668545659525,0.0,0.40353460972017663,1.0,0.0,0.0,0.9080358616137726,0.33333333333333337,0.0,0.3064182194616978,0.5714285714285714,0.3653829732729911,1.0,0.5714285714285714,0.0,0.8333333333333334,0.36186650185414093,0.7741935483870968,0.0,0.2857142857142857,0.08745807085003676,0.0,0.0,0.0,0.01983765049252062,0.02850779510022239,0.5,0.4578141445693137,1.0,0.887877534133223,0.33333333333333337,0.9578651685393258,1.0,0.17391304347826086,0.5658248253627083,0.5,0.0,0.0,0.5524156791248862,0.0,0.0,0.280775215730655,0.0,0.33333333333333337,0.041109605983862485,0.0,0.0,0.0,0.19999999999999996,0.0,0.5029043106083768,0.11111111111111116,0.0,0.11111111111111105,0.6020460358056265,0.0,0.0,1.0,0.0,0.0,0.0,0.875,0.0,1.0,0.0,0.10463215258855585,1.0,0.25,0.0,0.0,0.45294630662651614,0.0,0.5373062015503876,0.18282312925170052,0.4722222222222222,0.6511049889201653,0.0,0.4005626223091975,0.5304963924338613,0.7769465809714466,0.4140604258482451,0.2613064310696883,0.0,0.36363636363636365,0.11111111111111116,1.0,0.1923076923076923,1.0,1.0,0.0,0.0,0.0,0.9142857142857143,0.0,0.0,0.0,0.7348730118122393,0.0,0.20259048414895287,0.0,0.9850746268656716,0.0,0.0,0.72,0.0,0.0,0.529071706503613,0.0,0.16666666666666663,0.0,0.6784980212903028,0.0,0.0,0.0,0.0,0.0,0.0,0.0,0.0,0.8910551065948891,0.0,0.0,0.6666666666666667,0.0,0.7,0.0,0.0,0.07644759772377319,0.0,0.0,0.5976009682675989,0.0,0.0,0.0,0.0,0.0,0.0,0.0,0.0,0.0,0.0,0.6530047373183585,0.61901957897836,0.0,0.0,0.0,0.0,0.0,0.0,0.0,0.0,0.0,0.7142857142857143,0.0,0.0,0.0,0.5224565514547941,0.6206896551724137,0.0,0.25,0.0,0.6977832011389059,0.6190543601359003,0.0,0.0,0.8955223880597015,0.0,0.0,0.0,0.0,0.3915929203539824,0.0,0.88860103626943,0.6966192170818506,0.40619793402199267,0.0,0.4874133527909522,0.35504642108415696,0.23076923076923073,1.0,0.07314252674183286,0.0,1.0,0.0,0.7825704225352113,0.0,0.26034063260340634,1.0,0.0,0.6233766233766234,0.0,0.7574660633484163,0.0,0.0,0.75,1.0,0.0,0.9485955368047074,0.2500000000000001,0.11111111111111116,0.5635910224438903,1.0,0.0,1.0,0.0,0.2691117984975694,1.0,0.5170814002530577,0.6886792452830188,0.0,0.5714285714285714,0.22795558458523812,0.0,0.0,0.0,0.0,0.0,0.0,0.5639451606302435,0.5,0.7192982456140351,1.0,0.967741935483871,1.0,0.32515831276161855,0.6325602546612097,0.0,0.5959752321981424,0.11135857461024479,0.0,0.0,0.0,0.3317904993909867,0.0,0.0,0.11917836078909905,0.0,0.0,0.0,0.5,0.0,0.7960396039603961,0.0,0.32740213523131656,0.0,0.5945027794935145,0.0,0.0,0.0,0.0,0.0,0.0,0.8,0.0,0.9,0.0,0.2794263105835805,1.0,0.0,0.0,1.0,0.6111538955204723,0.6666666666666667,0.0,0.0,0.37037037037037035,0.5987238567883728,0.0,0.5597838324701644,0.9362007168458781,1.0,0.75289124668435,0.0,0.0,0.6363636363636364,0.0,1.0,0.0,0.75,1.0,0.0,1.0,0.0,0.9117647058823529,0.0,0.0,0.0,0.5379211854528143,0.0,0.0,0.0,0.9850746268656716,0.0,0.0,0.6818181818181819,0.0,0.0,0.0,0.0,0.1724137931034483,0.0,0.6232687920345351,0.2535100065222615,0.0,0.0,0.0,0.0,0.0,0.0,0.0,0.9593160661746973,0.0,0.0,0.5,0.0,0.5,0.0,0.0,0.8484848484848485,0.0,0.0,0.4263085399449037,1.0,0.0,0.0,0.0,0.0,0.0,0.0,0.0,0.0,0.0,0.7785359801488834,0.894047619047619,0.0,0.0,0.0,0.0,0.0,0.0,0.0,0.0,0.0,0.881578947368421,0.0,0.0,0.25374732334047123,0.0,0.8840486867392697,0.0,0.0,0.0,0.8682602921646747,0.9200885668276972,0.0,0.0,1.0,0.0,0.0,0.6459296125133309,0.0,0.863456577815993,0.1458885941644562,0.9537612146307799,0.0,0.7692307692307692,0.0,0.8700894593543368,0.1746641074856048,0.0,0.6666666666666667,0.421934312592837,0.5913541004450096,0.0,0.37406947890818854,0.12182875264270587,0.0,0.4151888974556669,0.7682819383259912,0.0,0.0,0.2857142857142857,0.1428571428571428,0.0,0.33922025991336224,0.803921568627451,0.0,0.0,1.0,0.5714285714285714,0.0,0.2415169660678642,0.3999999999999999,0.6892366656020441,1.0,0.0,0.0,0.6666666666666667,1.0,1.0,0.0,0.0,0.2136279926335175,0.0,0.0,0.0,0.3962085308056872,0.0,1.0,0.04157549234135682,0.5,0.4623205741626796,0.0,0.6559934318555009,0.8666666666666667,0.0,0.02164502164502169,0.33333333333333337,0.0,0.4331715924128805,0.0,0.0,0.0,0.0033460803059273125,0.3766233766233765,0.25,0.0,0.01115760111576003,1.0,0.0,1.0,0.0,0.04689655172413776,1.0,0.19999999999999996,0.2857142857142857,0.39047619047619064,0.0,0.0,1.0,1.0,0.0,0.0,1.0,0.0,0.0,0.9022082018927444,0.3798882681564246,0.5,0.6666666666666666,0.0,0.0,0.015863859244303558,0.0,0.7202572347266881,0.6353546726717065,0.7777777777777778,0.8759003910269603,0.0,0.38662486938349017,0.579676674364896,0.49586776859504145,0.19539869608826466,0.7349829657521965,0.0,0.0,0.5,0.0,0.41463414634146345,0.7368421052631579,1.0,0.047235023041474644,0.0,0.0,1.0,0.0,0.0,0.0,0.0,0.6380925347715016,0.0,0.0,0.5,0.0,0.0,1.0,0.0,0.0,0.0,0.0,0.5,0.0,0.6951927416468244,0.0,0.0,0.0,0.0,0.0,0.0,0.0,0.0,0.9457230945723094,0.0,0.0,1.0,0.0,0.5555555555555556,0.0,0.2478731631863883,0.0,0.0,0.0,0.5943985678812728,qsampled
0.5714285714285714,0.0,0.0,0.0,0.0,0.75,0.0,0.0,0.0,0.0,0.6548980606663353,0.0,0.0,0.5570692194403535,0.0,0.0,0.0,0.0,0.0,0.7751700462012321,0.0,0.4813404417364813,0.0,0.4833273574757979,0.0,0.16394434361766475,0.0,0.14924452667283383,0.0,0.0,0.0,0.884327120779996,0.83596104623866,0.0,0.0,0.8884663584114775,0.0,0.20613726868118976,0.7042695987433956,0.0,0.0,0.5769230769230769,0.05355404089581306,0.43038850912866666,0.0,0.4689871329594194,0.0,0.39622641509433965,0.33333333333333337,0.248379015620395,0.0,0.0,0.6446776611694154,0.5009637564382089,0.7157168299198575,0.0,0.0,0.0,0.27838908450704225,0.7989854153455929,0.23362831858407052,0.0,0.0,0.33333333333333337,0.4,0.0,0.1252956383037237,0.44444444444444453,0.0,0.20981387478849423,0.8571428571428571,0.7081942125765164,1.0,1.0,0.7227997227997228,0.0,0.36186650185414093,0.0,0.0,0.0,0.005671769226078038,0.0,0.6428571428571428,0.0,0.0,0.01248120300751887,0.5,0.2914092380111797,1.0,0.0,0.33333333333333337,0.9578651685393258,0.0,0.0,0.0,0.2666666666666666,0.6237424547283702,0.1441912836137238,0.9367533380182713,0.0,0.125,0.0,0.0,0.8333333333333334,0.07117008443908324,0.0,0.0,0.0,0.19999999999999996,0.6666666666666667,0.570613261388399,1.0,0.0,0.7777777777777778,0.0,0.9416581371545548,0.532650448143406,0.375,0.0,0.892592962814874,0.0,0.625,0.0,0.75,0.0,0.36911898274296095,1.0,0.25,0.4285714285714285,0.0,0.0,0.0,0.34925201380897586,0.495834530307383,0.4722222222222222,0.0,0.6666666666666667,0.5507759990223634,0.0,0.7769465809714466,0.3178694158075601,0.26160893447108646,0.7436676798378926,0.0,0.11111111111111116,1.0,0.1923076923076923,1.0,0.0,0.0,0.5,0.0,0.9142857142857143,0.0,0.0,0.0,0.0,0.0,0.0,0.35923852598798844,0.33333333333333326,0.0,0.738067509903461,0.0,0.9613268693374404,0.0,0.5290548424737456,0.206896551724138,0.16666666666666663,0.0,0.3665855636658556,0.2364026910918373,0.0,0.0,0.0,0.0,0.0,0.0,0.7376119463881352,0.0,0.0,0.0,0.0,0.0,0.0,0.0,0.0,0.0846031486464387,0.0,0.817391304347826,0.0,0.0,0.0,0.0,0.0,0.0,0.0,0.0,0.0,0.0,0.0,0.6530047373183585,0.0,0.0,0.4736842105263158,0.0,0.0,0.0,0.0,0.0,0.9174122149247557,0.0,0.7142857142857143,0.0,0.7940379403794038,0.0,0.5667909255511767,0.0,0.0,0.0,0.0,0.0,0.6055731475617478,0.8655913978494624,0.0,0.0,0.8872163690546027,0.0,0.12613458528951482,0.766266188172882,0.19435736677115978,0.0,0.6560415122312824,0.09792284866468837,0.2967140755272193,0.0,0.7931596091205212,0.0,0.0,1.0,0.11652435961828234,0.6169436052366566,0.0,0.0,0.5379258264809532,0.7489257213014119,0.0,0.0,0.0,0.0,0.8161120840630472,0.7211796246648794,0.0,0.19318905155951616,0.5,0.5,0.0,0.0,0.75,0.33333333333333326,0.586427656850192,1.0,0.9421252371916509,1.0,1.0,0.9490445859872612,0.0,0.07364341085271309,1.0,0.0,0.0,0.0,0.0,0.625,0.0,0.13580711998493133,0.0,0.0,0.8413054309915297,0.5,0.0,1.0,0.967741935483871,0.0,0.0,0.0,0.0625,0.10616929698708755,0.11135857461024479,0.9606060606060606,0.15420560747663548,0.46475770925110127,0.5,0.0,0.08333333333333337,0.5564368517388651,0.0,0.0,0.0,0.0,1.0,0.9319429198682766,0.0,0.15929203539823023,1.0,0.500955500955501,0.5087585681645088,0.2776572668112799,0.375,0.0,0.93589258698941,0.0,0.8,0.0,0.44999999999999996,0.0,0.0,1.0,0.0,0.33333333333333326,1.0,0.0,0.6666666666666667,0.7857142857142857,0.5898767034393252,0.37037037037037035,0.0,0.6470588235294118,0.7945922372437855,0.2803889789303079,1.0,0.7325024877979435,0.0,0.6742937853107345,0.0,0.0,1.0,0.0,0.875,0.47422680412371143,0.0,0.0,0.0,0.9117647058823529,0.0,0.0,0.0,0.0,0.0,0.9232954545454546,0.5422747803981207,0.5,0.0,0.8957354627271528,0.0,0.9664415534416657,0.0,0.0,0.375,0.1724137931034483,0.0,0.0,0.0,0.0,0.0,0.0,0.0,0.0,0.0,0.7394563733399528,0.0,0.0,0.0,0.0,0.0,0.0,0.0,0.0,0.8383345878599274,0.0,0.48447734903946715,0.0,0.0,0.0,0.0,0.0,0.0,0.0,0.0,0.0,0.0,0.0,0.7661788617886179,0.0,0.0,0.5355704697986577,0.0,0.0,0.0,0.0,0.0,0.8821426512137461,0.0,0.0,0.33333333333333326,0.6327688260440645,0.25374732334047123,0.0,0.0,0.6338771593090212,0.0,0.0,0.0,0.919921875,0.848605577689243,0.0,0.0,0.6342062193126023,0.0,0.5975773889636609,1.0,0.0,0.1458885941644562,0.5753012048192772,0.24852304056715258,0.7692307692307692,1.0,0.31271878646441076,0.34788867562380044,1.0,0.33333333333333337,0.3305223410950283,0.0,0.0,0.37406947890818854,0.014014325755216661,0.6923076923076923,0.0,0.0,0.0,0.43028846153846145,0.8571428571428571,0.1428571428571428,0.0,0.0,0.2941176470588235,0.6,0.0,0.1187010078387456,0.4285714285714285,0.0,0.2904191616766466,0.8,0.5282657297987863,1.0,0.33333333333333337,0.0,0.0,1.0,0.2857142857142857,0.0,1.0,0.28182893180922364,0.0,0.0,0.0,0.18411214953271038,0.18981805458362488,1.0,0.062178072111846894,1.0,0.0,0.0,0.8888888888888888,0.0,0.4129955947136563,0.0,1.0,0.4785223367697595,0.6223118279569892,1.0,0.0,0.0,0.3642464917632704,0.5714285714285714,0.75,0.34426229508196726,0.0,1.0,0.0,0.44444444444444453,0.0,0.3708248125426039,0.5,0.0,0.7142857142857142,0.620715350223547,0.26937466595403525,0.5,1.0,1.0,0.9675126903553299,0.0,0.33333333333333337,0.0,0.0,0.9022082018927444,1.0,1.0,0.6666666666666666,1.0,0.0,0.16452905811623242,0.0,0.5412293853073464,0.6281704430165709,1.0,0.3018160284247927,1.0,0.0,0.0,0.49586776859504145,0.35340143447076733,0.649410291201336,0.0,1.0,0.5,0.5,0.41463414634146345,0.9375,0.0,0.0,1.0,0.0,1.0,0.0,0.0,0.0,0.04166666666666674,0.8512567655643402,0.6666666666666667,0.6785956541061446,1.0,0.0,0.9462884731442366,0.0,0.9622144660163919,0.0,0.0,0.0,0.5,0.0,0.0,0.6526790185277916,0.0,0.0,0.0,0.0,0.0,0.0,0.9366544644278211,0.0,0.0,0.0,0.0,0.0,0.5,0.0,0.271326530612245,0.3493810178817054,0.0,0.27814431918541227,0.0,qsampled
0.5714285714285714,0.706499193362526,0.0,0.0,0.0,0.75,0.0,0.0,0.0,0.0,0.0,0.0,0.0,0.0,0.0,0.0,0.0,0.0,0.0,0.8700840737936806,0.0,0.0,0.33333333333333326,0.7498274331919929,0.0,0.2234090607147603,0.0,0.0,0.0,0.0,0.0,0.8850656261085491,0.0,0.8571428571428572,0.0,0.0,0.0,0.9023102310231023,0.7308677098150782,0.07069219440353447,0.0,0.5769230769230769,0.0,0.6458423466297483,0.0,0.0,0.6759952272480746,0.5,0.6666666666666667,0.0,0.0,0.0,0.43905769887333557,0.4709037732632103,0.7075606276747504,0.47729291254662787,0.35716604974348987,0.49357094518384836,0.8837606837606837,0.0,0.601638349514563,0.6126526082130965,0.3334141022534528,0.0,0.4,0.0,0.1252956383037237,0.22222222222222232,0.0,0.0,0.1428571428571428,0.6981222587719298,0.8225806451612903,0.5714285714285714,0.0,0.0,0.0,0.3548387096774194,1.0,0.2857142857142857,0.9440058898114443,0.7988857938718663,0.0,0.0,0.7633074935400517,0.007769353177946359,0.5,0.8863043705017211,0.8,0.0,0.0,0.0,0.0,0.17391304347826086,0.8964401294498382,1.0,0.5157620041753653,0.28542357552004816,0.0,0.0,0.125,0.24659369005886633,0.0,0.33333333333333337,0.0,0.6974693483118923,0.0,0.0,0.0,0.0,0.588404408241495,0.11111111111111116,0.2422338568935425,0.11111111111111105,0.7070582979673888,0.11072530864197538,0.6209987195902689,1.0,0.0,0.892592962814874,0.5,0.625,0.33333333333333337,0.0,0.0,0.09355015530787525,0.0,0.25,0.0,0.0,0.0,0.583117723156533,0.0,0.0,0.7222222222222222,0.9099335079588958,0.6666666666666667,0.4046193327630452,0.0,0.38820988304709725,0.2819093739190591,0.33366093366093375,0.8761174968071519,0.0,0.0,0.0,0.3076923076923077,0.9326500732064422,0.2195121951219512,0.0,0.5,0.0,0.0,0.0,0.0,0.6223440270836691,0.7348730118122393,0.0,0.16341612490970714,0.6554421768707483,0.0,0.0,0.7419064285346647,0.76,0.0,0.0,0.5207727219830095,0.206896551724138,0.0,0.8,0.0,0.0,0.47536118340680933,0.0,0.0,0.0,0.0,0.0,0.0,0.6616312142943965,0.9488281423064995,0.0,0.0,0.0,0.0,0.0,0.6770874371393478,0.2597092972431717,0.0,0.0,0.17665229972772,0.0,0.5741935483870968,0.0,0.0,0.0,0.0,0.0,0.0,0.0,0.0,0.0,0.0,0.0,0.0,0.0,0.0,0.0,0.0,0.0,0.8574884382781929,0.0,0.0,0.0,0.7919441801458929,0.0,0.5162556807486487,0.0,0.0,0.25,0.33333333333333326,0.0,0.8295964125560539,0.0,0.6666666666666667,0.0,0.0,0.0,0.8025039123630673,0.8552529182879378,0.3915929203539824,0.0,0.6560415122312824,0.09482758620689657,0.7988980716253443,0.0,0.0,0.4286033020972779,1.0,1.0,0.0,0.5755935628202352,1.0,0.3735294117647058,0.41245256718036083,0.1836734693877552,0.7904761904761904,0.22537878787878773,0.3865997850232892,1.0,0.0,0.7712392829306313,0.36496350364963503,0.0,0.0,0.5,0.0,0.0,0.0,0.0,0.0,0.0,0.9496707431796801,0.8769230769230769,0.6666666666666667,0.2847682119205297,0.0,0.0,0.23113207547169812,0.48677884615384603,0.5714285714285714,0.9762500948478641,0.8131395824805567,0.0,0.33333333333333326,0.9466745667308547,0.0,0.0,0.9024764055819956,0.0,0.0,0.0,0.0,1.0,0.32515831276161855,0.905319896883056,0.8125,0.19013360739979435,0.7266086415915449,0.4077669902912622,0.0,0.0,0.5,0.4545454545454546,0.0,0.11917836078909905,0.9049405878674172,0.0,0.0,0.0,0.0,0.8397365532381997,0.0,0.6909227306826706,0.0,0.7384187770228536,0.0,0.8993148298687725,0.0,0.0,0.9325164594001463,1.0,0.8,0.0,0.0,0.3529411764705882,0.3319819819819818,0.0,0.0,0.0,1.0,0.0,0.0,0.2857142857142857,0.0,0.7777777777777778,1.0,0.6470588235294118,0.5574028308245338,0.3720430107526882,0.8116926355040618,0.5631033629194808,0.0,0.918429003021148,0.0,0.0,0.0,0.65,0.75,0.45695364238410585,0.0,0.0,0.0,0.0,0.0,0.0,0.6470458065943794,0.5379211854528143,0.0,0.7601238685088137,0.30477714512547605,0.0,0.0,0.45559224249937424,0.8181818181818182,0.0,0.0,0.0,0.375,0.0,0.6666666666666666,0.0,0.2454303642067931,0.3718973231807833,0.0,0.0,0.0,0.0,0.0,0.0,0.5827424878213476,0.9259259259259259,0.0,0.0,0.0,0.0,0.0,0.8750666903788014,0.0,0.0,0.0,0.09129762662544327,1.0,0.8101670814077497,0.0,0.0,0.0,0.0,0.0,0.0,0.0,0.0,0.0,0.0,0.0,0.0,0.0,0.0,0.0,0.0,0.0,0.8058621600211249,0.0,0.16000000000000003,0.0,0.6552164762477449,0.262496166819994,0.0,0.0,0.0,0.0,0.0,0.0,0.9186672185430463,0.0,1.0,0.0,0.0,0.0,0.9536489151873767,0.9144736842105263,0.8632449190492594,0.17365269461077848,0.5348516218081434,0.0826446280991735,0.0,0.0,0.0,0.5996621621621623,0.75,0.6666666666666667,0.0,0.0,0.0,0.4737704918032788,0.1315882249250837,1.0,0.42877594846098777,0.6314645806171231,0.5424499696785932,1.0,0.2857142857142857,0.1428571428571428,0.2936972059779077,0.3181667220192629,0.8979591836734694,0.6,0.0,0.0,0.5714285714285714,0.0,0.0,0.19999999999999996,0.5282657297987863,0.5,0.0,0.0,0.0,0.0,0.4736842105263158,0.0,1.0,0.8661805281828932,0.0,0.0,0.5,0.5738498789346247,0.2106832971800432,1.0,0.2351648351648351,0.8,0.0,0.5,0.08087027914614131,0.20000000000000018,0.0,0.45656779661016955,1.0,0.5773115773115773,0.0,0.7058823529411765,0.0,1.0,0.0,0.1986062717770034,0.25,0.0,0.1659693165969316,1.0,0.0,0.0,0.0,0.14383561643835607,1.0,0.24825662482566235,0.2857142857142857,0.6222056631892697,0.29659775354061535,0.75,1.0,1.0,0.9642637091805298,0.0,0.33333333333333337,1.0,1.0,0.2570977917981073,0.3798882681564246,1.0,0.6666666666666666,0.0,0.0,0.015271717572391874,0.6923076923076923,0.0,0.6111204717775907,1.0,0.5267298769416986,1.0,0.38662486938349017,0.0,0.0,0.0,0.6497027844405048,0.9016393442622951,1.0,0.0,0.5,0.29268292682926833,0.4736842105263157,0.3784090909090909,0.047235023041474644,1.0,0.0,0.0,0.0,0.0,0.6268082486919052,0.0,0.7562946396363899,1.0,0.0,0.0,0.0,0.768424206111444,0.33333333333333326,0.0,0.0,0.0,0.0,0.0,0.8571428571428571,0.0,0.0,0.48533442982456143,0.0,0.0,0.0,0.0,0.0,0.0,0.3596692873838546,1.0,0.0,0.0,0.0,0.0,0.0,0.22150295524908536,0.6534436510635082,0.0,0.0,0.8884465088844651,qsampled
0.5714285714285714,0.0,0.0,0.8431179775280899,0.0,0.0,0.0,0.0,0.0,0.0,0.0,0.8889964005108952,0.0,0.0,0.0,0.0,0.0,0.7957403299390706,0.0,0.0,0.0,0.0,0.0,0.0,0.8461028321760162,0.6579811597960419,0.0,0.0,0.0,0.77227200843437,0.0,0.0,0.0,0.8571428571428572,0.8095238095238095,0.0,0.0,0.0,0.0,0.0,0.0,0.0,0.0,0.675317604355717,0.6513067400275103,0.9413823272090989,0.21999955397961712,0.0,0.33333333333333337,0.29244708390437035,0.16783480292410868,0.0,0.4755825087775295,0.0,0.0,0.7250222090612971,0.0,0.5508908096666079,0.0,0.0,0.0,0.8617886178861789,0.9667673716012084,0.7142857142857143,0.0,0.0,0.1712191872085277,0.5555555555555556,0.0,0.0,0.0,0.22963113092825305,0.0,0.5714285714285714,0.0,0.0,0.7354758961681088,0.0,0.16455696202531644,0.2857142857142857,0.15650060753341444,0.3023324475937408,0.0,0.0,0.8854822903541929,0.0,0.0,0.4646247477921476,0.8,0.0,0.0,0.06882022471910121,0.75,0.7647058823529411,0.0,1.0,0.45966562173458725,0.33192653380226655,0.9179580674567,0.24741587860127556,0.125,0.5805347290988825,0.45968519113395434,1.0,0.3390323754092397,0.3068582955118506,0.0,0.0,1.0,0.0,0.6807009290838528,1.0,0.17530631479736114,0.0,0.5341850484080246,0.8934266822248152,0.3134920634920634,0.0,0.0,0.0,0.0,0.0,0.33333333333333337,0.0,1.0,0.18746574090992152,0.0,0.0,0.0,0.0,0.5886152475499553,0.7511639937920331,0.46190476190476193,0.5074600355239787,0.0,0.0,0.8333333333333334,0.4005626223091976,0.0,0.0,0.0,0.0,0.026929260450160752,0.0,0.11111111111111116,0.0,0.0,0.5851449275362319,0.7151898734177214,0.8780918727915195,0.5,0.0,0.0,0.0,0.0,0.0,0.7348730118122393,0.0,0.023857951734374327,0.0,0.0,1.0,0.0,0.72,0.0,0.0,0.0,0.206896551724138,1.0,0.0,0.250299107279811,0.5108716203441104,0.0,0.0,0.0,0.0,0.0,0.0,0.0,0.0,0.0,0.0,0.0,0.0,0.7194244604316546,0.0,0.0,0.9794865141489715,0.6666666666666667,0.0,0.7347007616331023,0.0,0.0,0.0,0.7916666666666666,0.0,0.0,0.0,0.0,0.0,0.0,0.0,0.9130674002751031,0.0,0.0,0.0,0.0,0.0,0.9860340932429656,0.0,0.0,0.0,0.0,0.0,0.0,0.8681318681318682,0.8173488911045839,0.0,0.0,0.25,0.9166666666666666,0.0,0.0,0.0,0.6666666666666667,0.8374512353706112,0.0,0.0,0.0,0.0,0.18584070796460184,0.8181818181818181,0.12343558282208589,0.0,0.7123469049983449,0.7333333333333334,0.9224393132030787,0.0,0.23076923076923073,0.0,0.7620056497175142,0.0,1.0,0.3735294117647058,0.0,0.0,0.6702082447938802,0.0,0.26872088857040477,0.0862068965517242,0.2571428571428571,0.0,1.0,0.972917731221257,0.0,1.0,0.0,0.05695570112135029,0.75,0.0,0.0,0.0,0.0,0.0,0.0,0.2847682119205297,0.0,0.5934204976803037,0.0,0.48677884615384603,0.5714285714285714,0.2678958785249458,0.32232920678587795,0.0,0.0,1.0,0.1428571428571428,1.0,0.5639451606302435,0.0,0.0,0.0,0.19354838709677402,1.0,0.9123108296662016,0.0,0.8125,0.2137486573576799,0.0,0.2799352750809063,0.15420560747663548,0.45833333333333337,0.5638401559454191,0.7142857142857143,0.75,0.0,0.5189255189255191,0.0,0.0,0.0,0.0,0.762585969738652,0.0,0.6426116838487973,0.33333333333333337,0.8846258503401361,0.5087585681645088,0.2889305816135084,0.0,0.0,0.49626865671641796,0.0,0.0,0.0,0.0,0.5882352941176471,0.8164335664335665,0.0,0.5,0.0,0.5,0.5864834659128263,1.0,0.0,0.8404963136126595,0.0,0.0,0.8823529411764706,0.5671609245529874,0.3720430107526882,0.0,0.0,0.0988647635842611,0.0,0.0,0.0,0.0,0.44999999999999996,0.25,1.0,1.0,0.0,0.0,0.0,0.0,0.0,0.0,0.5379211854528143,0.0,0.0,0.0,0.0,1.0,0.0,0.6818181818181819,0.0,0.0,0.9139710942876806,0.375,1.0,0.0,0.028721837693246544,0.857710422607414,0.0,0.0,0.0,0.0,0.0,0.0,0.0,0.0,0.0,0.0,0.0,0.0,0.5,0.0,0.0,0.9420057242269487,1.0,0.0,0.6999874497991969,0.0,0.0,0.0,0.8507799671592775,0.0,0.0,0.0,0.0,0.0,0.0,0.0,0.894047619047619,0.0,0.0,0.0,0.0,0.0,0.9674172637325145,0.0,0.0,0.0,0.0,0.0,0.0,0.7561260210035006,0.0,0.0,0.0,0.0,1.0,0.0,0.0,0.0,1.0,1.0,0.0,0.0,0.6376355369010143,0.19999999999999996,0.0,0.15076923076923088,0.5348516218081434,0.23922674184454307,0.0,0.29999999999999993,0.35769561478933787,0.0,0.0,0.6666666666666667,0.4265081991876034,0.6422098801520024,0.0,0.47295266716754325,0.0,0.25,0.8536148890479599,0.0,0.7069040382110291,0.2932692307692307,0.0,0.0,0.842668863261944,0.12298387096774166,0.8979591836734694,0.0,0.0,0.10441767068273089,0.5714285714285714,0.0,0.0,0.0,0.6525885558583107,1.0,0.0,0.0,0.0,1.0,0.0,0.0,1.0,0.22064489961468248,0.0,0.0,0.0,0.6479041916167665,0.0,0.0,0.05206073752711504,0.75,0.0,0.5,0.0,0.26315789473684215,0.6731439960139511,0.0,1.0,0.4652605459057072,0.8383333333333334,1.0,0.03606965174129362,0.0,0.0052757793764987015,0.5950920245398772,0.25,0.03508771929824561,0.009628610729023324,1.0,0.0,0.0,0.0,0.4404646660212973,1.0,1.0,0.0,0.08061749571183519,0.3809213739215366,0.5,1.0,1.0,0.0,0.0,0.0,1.0,1.0,0.061514195583596276,0.13379310344827577,1.0,0.0,0.0,0.5,0.8917411787328142,0.3846153846153846,0.5699088145896656,0.8122851855115889,0.0,0.21417017146554507,0.0,0.38662486938349017,0.0,0.693594306049822,0.5950679056468906,0.0,0.17333333333333356,1.0,0.5,0.5,0.0,0.0,0.6931818181818181,0.7885714285714286,1.0,0.0,0.0,0.0,0.0,0.0,0.44272445820433437,0.6287782897068503,0.0,0.6056097315773599,0.0,1.0,0.0,1.0,0.0,0.0,0.8715679190751445,0.1428571428571428,1.0,0.0,0.6721422627669738,0.4872441827866555,0.3753286590709902,0.0,0.0,0.0,0.0,0.0,0.0,0.0,0.0,0.0,0.0,0.0,1.0,0.0,0.2420283892203251,0.0,0.0,0.0,0.8567793893741485,qsampled
0.0,0.7065637065637065,0.0,0.0,0.0,0.0,0.0,0.0,0.0,0.6678271108778846,0.0,0.5988818360129113,0.0,0.0,0.0,0.0,0.0,0.0,0.0,0.0,0.0,0.41691248770894784,0.33333333333333326,0.0,0.006175156968088569,0.0,0.0,0.0,0.0,0.0,0.0,0.0,0.0,0.0,0.0,0.0,0.6976744186046512,0.907622248726011,0.0,0.0,0.5073569482288829,0.1794871794871794,0.0,0.3776066453231809,0.43220048060418803,0.4689871329594194,0.1788889217047167,0.0,0.0,0.28531199051430267,0.0,0.0,0.2632297712529873,0.5081279346910814,0.0,0.8110012434128723,0.9010017146466925,0.49247880390190546,0.8296374516015488,0.0,0.5122100122100122,0.5821138211382115,0.8305084745762712,1.0,0.0,0.0,0.641933887024916,0.0,0.5156772334293949,0.0,0.1428571428571428,0.35405571487095455,0.0,0.5714285714285714,0.6666666666666667,0.0,0.36186650185414093,0.19354838709677413,0.0,0.2857142857142857,0.5385720601237842,0.0,0.0,0.18181818181818188,0.3447757575757575,0.7953789893617021,0.5,0.555907469029387,0.66,0.0,0.0,0.0,0.0,0.2941176470588235,0.8796992481203008,0.0,0.0,0.28488640443099666,0.7894736842105263,0.8729232150875617,0.125,0.0,0.009763424708974844,0.8333333333333334,0.5926518734085122,0.0,0.75,0.6666666666666667,0.19999999999999996,0.0,0.4026418321771357,0.0,0.0,0.0,0.17208774583963693,0.9098856758574311,0.6209987195902689,0.0,0.0,0.892592962814874,0.0,0.0,0.0,0.8571428571428572,0.9090909090909091,0.7158779462817468,0.7483870967741936,1.0,0.0,0.0,0.4475730801917803,0.6252703120173,0.0,0.35684045699704237,0.7222222222222222,0.0,0.0,0.0,0.9183705392058278,0.18483829650976635,0.0,0.8192566449762876,0.6432877813504823,0.0,0.7777777777777778,0.0,0.0,1.0,0.5625,0.0,0.0,0.6666666666666667,0.0,0.0,0.0,0.0,0.8900711718694948,0.7556652974569622,0.4755948996995045,0.0,0.33333333333333326,0.0,0.6692087926801247,0.0,0.0,0.0,0.5095785440613028,0.0,0.6666666666666667,0.0,0.0,0.34840894995467775,0.6513163204907447,0.0,0.0,0.0,0.0,0.0,0.0,0.0,0.0,0.0,0.6666666666666667,0.0,0.0,0.0,0.17692589386776758,0.0,0.0,0.0,0.8443084386281589,0.0,0.5741935483870968,0.0,0.0,0.0,0.845108695652174,0.0,0.0,0.0,0.7326787512588117,0.0,0.6186190616701092,0.0,0.0,0.0,0.0,0.0,0.0,0.0,0.0,0.0,0.8,0.0,0.0,0.0,0.0,0.0,0.0,0.0,0.0,0.0,0.0,0.0,0.0,0.0,0.0,0.5087719298245614,0.7563451776649746,0.0,0.18584070796460184,0.46153846153846145,0.3589325426241661,0.6744040150564617,0.27148634984833153,0.3999999999999999,0.7670384138785625,0.0,0.23076923076923073,1.0,0.1896032144650931,0.6169436052366566,1.0,0.25,0.23717155041958993,0.44827586206896564,0.9701492537313433,1.0,0.40619340818544003,0.6000000000000001,0.2571428571428571,0.05850234009360378,0.5583756345177664,0.9124087591240876,0.75,1.0,0.0,0.827023426224048,0.5,0.704225352112676,0.5038167938931297,0.0,0.0,0.0,0.6666666666666667,0.42227378190255227,0.0,0.5509391007398975,0.41509433962264153,0.0,0.5714285714285714,0.7289135716765012,0.0,0.0,0.0,0.5935464772054471,0.6666666666666666,0.0,0.44515052823893875,0.5,0.0,0.0,0.0,1.0,0.853390875462392,0.6190476190476191,0.0,0.5824,0.0,0.941747572815534,1.0,0.3460884353741498,0.0,0.4545454545454546,0.08333333333333337,0.980272523896685,0.0,1.0,0.0,0.0,0.0,0.0,0.0,0.0,0.33333333333333337,0.8842478842478843,0.5087585681645088,0.8980500211954218,0.875,0.0,0.9347826086956522,0.0,0.0,0.0,0.0,0.3529411764705882,0.9071207430340558,1.0,0.5,0.0,0.5,0.6474083856058104,1.0,0.2857142857142857,0.0,0.7777777777777778,0.0,0.0,0.0,0.23906810035842285,0.7627118644067796,0.0,0.6745366284201235,0.4687910643889619,0.0,0.8571428571428572,0.0,0.0,0.75,0.0,0.0,1.0,0.0,0.0,0.0,0.0,0.0,0.854220600769482,0.0668016194331984,0.0,0.0,0.5,0.0,0.839907192575406,0.0,0.0,0.0,0.0,0.0,0.6551724137931034,0.0,0.0,0.5510169285105346,0.7408369589032521,0.0,0.0,0.0,0.0,0.0,0.0,0.0,0.0,0.0,0.5,0.0,0.0,0.0,0.6809729903021561,0.7997895958789814,0.0,0.0,0.8875793844650709,1.0,0.8152337858220211,0.0,0.0,0.0,0.7142857142857143,0.0,0.0,0.0,0.7091041869522882,0.0,0.894047619047619,0.0,0.0,0.0,0.0,0.0,0.0,0.0,0.0,0.0,0.0,0.0,0.0,0.262496166819994,0.4034021871202915,0.0,0.0,0.5454545454545454,0.0,0.0,0.0,0.0,0.0,0.0,0.0,0.16666666666666663,0.9612903225806452,0.0,0.35204960385807804,0.36482449589245725,0.34023464458247066,0.0,0.3076923076923076,0.6,0.2925278219395867,0.0,0.0,0.0,0.40704845814977986,0.0,0.0,0.0,0.12295081967213117,0.0,0.5828625235404898,0.6019845644983461,0.5424499696785932,1.0,0.0,0.8571428571428572,0.5569395017793594,0.7665656128194024,0.803921568627451,0.0,0.0,0.7832140015910899,0.0,0.5323498964803313,0.0,0.19999999999999996,0.6969157769869514,1.0,0.0,0.0,0.0,1.0,0.0,0.0,0.0,0.0,0.0,0.0,0.5,0.0,0.5518172888015718,1.0,0.7278562259306803,0.0,0.0,0.5,0.034013605442176686,0.20000000000000018,0.701195219123506,0.02164502164502169,1.0,0.0,0.8383333333333334,0.5882352941176471,0.5497512437810945,0.0,0.3368883312421581,0.1986062717770034,0.75,1.0,0.0,0.0,1.0,0.5,0.0,0.7437845303867403,0.5,0.0014084507042254613,0.0,0.0,0.2505547337278107,0.75,1.0,1.0,0.9675126903553299,0.0,0.0,0.0,1.0,0.38157894736842113,0.4888438133874239,0.0,0.0,0.0,0.5,0.0,0.6666666666666666,0.0,0.6218276310090949,0.5555555555555556,0.2956419316843346,0.0,0.5733194009056078,0.8637951105937136,0.0,0.5953952087218477,0.9543628013777268,1.0,1.0,0.5,0.5,0.0,1.0,0.6714285714285714,0.0,0.0,1.0,0.0,0.0,0.0,0.0,0.6481546572934975,0.0,0.6724137931034482,0.0,0.0,0.0,0.49268061894689985,0.0,0.0,0.0,0.0,1.0,1.0,0.0,0.0,0.4647971957936905,0.48304141705156933,0.0,0.0,0.0,0.0,0.0,0.0,0.0,0.0,0.0,1.0,0.0,0.0,0.0,0.0,0.0,0.0,0.0,0.806677801715443,qsampled
0.0,0.0,0.0,0.0,0.0,0.0,0.0,0.8503937007874016,0.6699544764795144,0.0,0.0,0.0,0.0,0.0,0.0,0.0,0.0,0.0,0.0,0.0,0.0,0.0,1.0,0.0,0.054650421094738166,0.0,0.0,0.7202272667352159,0.0,0.0,0.0,0.884327120779996,0.0,0.0,0.0,0.0,0.0,0.03146853146853168,0.7042695987433957,0.0,0.0,0.5769230769230769,0.7984420642648491,0.0,0.7397260273972603,0.6859710434348478,0.0,0.0,0.33333333333333337,0.0,0.3259891021085052,0.0,0.7028985507246377,0.0,0.0,0.0,0.3500822819528252,0.47879503839338444,0.27838908450704225,0.17168262653898758,0.6577579806978471,0.5821138211382115,0.4067796610169492,0.8571428571428572,0.0,0.0,0.0,0.33333333333333337,0.0,0.0,0.8571428571428571,0.35405571487095455,1.0,0.0,0.713375796178344,0.0,0.0,0.0,0.0,0.2857142857142857,0.6927536231884057,0.29689440993788796,0.6428571428571428,0.0,0.11305300252392958,0.34050919099577315,0.0,0.8828365878725591,0.0,0.9920980926430518,0.0,0.6309696092619392,1.0,0.0,0.584055459272097,1.0,0.0,0.0,0.529109589041096,0.13041853512705548,0.125,0.8598081023454158,0.0,0.0,0.041109605983862485,0.0,0.0,0.6666666666666667,0.19999999999999996,0.0,0.0,1.0,0.09288963370840353,0.11111111111111105,0.18946624248851185,0.0,0.3134920634920636,0.375,0.0,0.5823950331474272,0.0,0.0,0.33333333333333337,1.0,0.18181818181818177,0.18856203179243558,1.0,0.75,0.0,0.0,0.6306512893145387,0.22032172673589923,0.46190476190476193,0.0,0.0,0.630066676260373,0.0,0.40486374190394714,0.5304015552725079,0.0,0.42182751755213244,0.6126875192468435,0.6441921221864952,0.0,0.11111111111111116,0.0,0.0,0.8760683760683761,0.22345890410958913,0.0,0.0,0.6666666666666667,0.0,0.0,0.0,0.0,0.9896027212630768,0.0,0.20729095941923015,0.3586158517121838,0.33333333333333326,0.9634301359147355,0.6434320126069337,0.76,0.0,0.9075019148515022,0.5174072377462209,0.206896551724138,0.0,0.0,0.0,0.3554381662107349,0.6558167790938545,0.0,0.0,0.0,0.0,0.0,0.0,0.0,0.0,0.0,0.0,0.9377399683806369,0.0,0.0,0.0,0.0,0.0,0.713551097269501,0.520523241046482,0.0,0.0,0.0,0.0,0.0,0.0,0.0,0.7666666666666666,0.5945945945945946,0.0,0.0,0.0,0.0,0.0,0.0,0.0,0.0,0.0,0.0,0.0,0.0,0.0,0.0,0.0,0.8681318681318682,0.0,0.0,0.6444444444444444,0.0,0.0,0.0,0.6243309002433091,0.0,0.0,0.0,0.0,0.0,0.1399999999999999,0.7196606418295832,0.14367816091954033,0.0,0.6560415122312824,1.0,0.0,0.7333333333333334,0.8777052559257987,0.30288713910761156,0.0,0.0,0.0,0.0,1.0,0.2574558734023127,0.0,0.0,0.0,0.23238095238095235,0.38674828952106577,0.0,0.0,0.9273504273504274,0.5583756345177664,0.24232851985559567,0.75,1.0,0.0,0.05695570112135029,0.2500000000000001,0.0,0.0388768898488121,1.0,0.6666666666666667,1.0,0.1428571428571429,0.8409893992932862,0.0,0.0,0.0,0.0,0.5714285714285714,0.5689300411522634,0.3431763766959298,0.625,0.0,0.0,0.5238095238095237,1.0,0.9583333333333334,0.0,0.9224806201550387,0.0,0.6129032258064515,1.0,0.6330215000820614,0.5636653024101865,0.8125,0.5824,0.0,0.0,0.0,0.46475770925110127,1.0,0.0,0.75,0.11917836078909905,0.0,0.0,0.0,0.5,0.0,0.5413929040735872,0.0,0.49183006535947715,0.0,0.8834288834288835,0.005331302361005319,0.23876347366280237,0.375,0.0,0.5652173913043479,0.0,0.0,0.0,0.9,0.0,0.8281733746130031,1.0,1.0,0.0,0.0,0.5937459869012458,0.0,0.0,0.15147407658420875,0.0,0.38547904191616755,0.0,0.5040530582166545,0.0,0.0,0.731744301758044,0.9309355692850838,0.5258918296892982,0.0,0.0,0.0,0.44999999999999996,0.75,0.3711340206185566,0.0,1.0,0.0,0.0,0.0,0.0,0.0,0.9690004788374659,0.18518518518518523,0.0,0.5606076606272723,0.5,0.9576271186440678,0.7631748486019843,0.8181818181818182,0.0,0.8915547729107052,0.0,0.375,0.0,0.0,0.5284912598446805,0.8477223576258968,0.7416214192098858,0.0,0.0,0.0,0.0,0.0,0.0,0.0,0.0,0.0,0.0,0.9850199733688415,0.0,0.0,0.0,0.8383345878599274,0.0,0.48447734903946715,0.21572827417380636,1.0,0.0,0.0,0.0,0.0,0.0,0.0,0.6880534971986265,0.6554140127388535,0.0,0.0,0.0,0.0,0.0,0.0,0.0,0.0,0.0,0.0,0.0,0.0,0.35121951219512193,0.33333333333333326,0.0,0.0,0.3561741882016124,0.0,0.8257839721254355,0.0,0.0,0.0,0.9187344913151365,0.0,0.0,0.0,0.0,0.0,0.0,0.96,0.5817843866171004,0.17365269461077848,0.5348516218081434,0.644514353126229,0.15384615384615385,0.0,0.7569039284325165,0.4200351493848856,0.0,0.6666666666666667,0.0,0.5913541004450096,0.0,0.47542011537496864,0.0,0.0,0.0,0.6230492196878752,0.3737950731881471,0.43028846153846145,0.2857142857142857,1.0,0.5635087719298246,0.33922025991336224,1.0,0.0,0.0,0.0,0.5714285714285714,0.0,0.0,0.8,0.6969157769869514,0.5,0.33333333333333337,0.0,0.0,0.0,0.2857142857142857,0.0,0.0,0.4038379530916846,0.0,0.0,0.0,0.38740920096852294,0.4276030368763557,0.0,0.7287194670614359,0.4,1.0,0.5,0.4367816091954022,0.0,0.17389138016940708,0.21504237288135586,1.0,0.0,0.0,0.0,0.3276157804459692,0.0,0.37425552353506264,0.3766233766233765,0.25,0.37704918032786894,0.0,1.0,1.0,0.33333333333333337,0.0,0.04236200256739431,1.0,0.0,0.2857142857142857,0.0,0.13215712383488665,0.5,1.0,1.0,0.6931106471816284,0.0,0.0,1.0,1.0,1.0,0.05555555555555536,1.0,0.6666666666666666,0.0,1.0,0.9143286573146292,0.6923076923076923,0.5699088145896656,0.0,0.0,0.0,0.0,0.3829787234042553,0.6965352449223416,0.6840221282134722,0.15419254658385095,0.3884492857876889,0.5733333333333335,1.0,0.5,0.5,0.0,1.0,0.3784090909090909,0.0,0.0,0.0,0.0,0.0,0.0,0.0,0.8478031634446398,0.8851105173670148,0.0,0.6805406665113027,0.0,0.5,0.9424635332252836,0.33333333333333326,0.0,0.7699474438604873,0.0,0.1428571428571428,0.0,0.0,0.5103328023421019,0.0,0.48128154152011027,0.0,0.0,0.0,0.0,0.0,0.0,0.0,0.0,0.0,0.0,0.9100418410041842,0.0,0.0,0.27925559878035966,0.19718504208638066,0.0,0.29408771751297436,0.6439599738660982,qsampled
0.0,0.7057535565668955,0.0,0.0,0.0,0.0,0.0,0.7777389684480149,0.0,0.0,0.6593532229965157,0.0,0.0,0.0,0.0,0.9161871403552664,0.0,0.687800428414763,0.0,0.0,0.0,0.0,0.0,0.0,0.0,0.0,0.7833037300177619,0.7202272667352159,0.0,0.77227200843437,0.809828376505703,0.884327120779996,0.0,0.0,0.0,0.0,0.0,0.8444185504544395,0.0,0.90260594893393,0.5120967741935483,0.1794871794871794,0.578383641674781,0.38636363636363635,0.4365620736698499,0.0,0.972483407079646,0.39622641509433965,0.0,0.26762928139691067,0.26157456795391476,0.0,0.0,0.0,0.0,0.4900815800772863,0.9150175618949713,0.0,0.3165236051502144,0.0,0.0,0.23224932249322494,0.40353460972017663,0.33333333333333337,0.4,0.0,0.9080358616137726,0.0,0.4359077809798271,0.0,0.5714285714285714,0.40216014897579144,0.0,0.0,0.16666666666666674,0.0,0.0,0.7741935483870968,1.0,0.0,0.42536037136574634,0.0,0.0,0.0,0.08411703239289436,0.3190230391539718,0.0,0.030523662839540666,0.8,0.0,0.0,0.4595687331536389,0.11111111111111116,0.17391304347826086,0.5416666666666666,1.0,0.0,0.3772597194109024,0.5291095890410958,0.10565593087195613,0.0,0.24167409104407944,0.0,0.0,0.06867951982539078,0.0,0.0,0.6666666666666667,0.6,0.0,0.0,1.0,0.8794066317626527,0.11111111111111105,0.02827854365500193,0.8060388945752304,0.5302445302445302,0.0,0.0,0.0,0.0,0.0,0.0,0.75,0.0,0.7613480055020633,0.7483870967741936,0.0,0.8571428571428571,0.0,0.30348322810634387,0.5991492146596858,0.8038063909774437,0.46978143527121496,0.41666666666666663,0.6228720011774518,0.0,0.9547843089331541,0.0,0.6268043409545886,0.7660888965162176,0.0,0.7295890410958905,0.36363636363636365,0.7777777777777778,0.0,0.1923076923076923,0.5851449275362319,0.5333333333333333,0.0,0.5,0.0,0.0,0.0,0.0,0.0,0.7250433172287976,0.0,0.143214543837216,0.7084598184537472,0.33333333333333326,0.0,0.602137586104398,0.0,0.0,0.0,0.0,0.0,0.0,0.7,0.7081062456931655,0.5529893663748633,0.41920509075735446,0.0,0.0,0.0,0.0,0.0,0.0,0.0,0.812436481349042,0.0,0.0,0.0,0.7621951219512195,0.0,0.3983925199207775,0.03698418182637542,0.0,0.0,0.1445956381647272,0.0,0.5741935483870968,0.0,0.0,0.0,0.0,0.0,0.7666666666666666,0.0,0.0,0.6530047373183585,0.0,0.0,0.0,0.0,0.9240719910011248,0.0,0.8427225130890053,0.0,0.0,0.0,0.0,0.0,0.0,0.0,0.0,0.6206896551724137,0.6444444444444444,0.25,0.0,0.6977832011389059,0.5989302164330642,0.0,0.0,0.0,0.0,0.0,0.8448767191178292,0.0,0.9090909090909091,0.46153846153846145,0.3589325426241661,0.0,0.383177570093458,0.3999999999999999,0.0,1.0,1.0,1.0,0.03667404362946569,0.6336147795338097,0.0,0.3735294117647058,0.0,0.0,0.5499362515937103,0.9739884393063584,0.0,0.0,0.0,0.0,0.1725888324873096,0.0,0.5,1.0,0.0,0.97350450696531,0.5,0.0,0.5038167938931297,0.5,0.0,0.0,0.0,0.8011695906432749,0.0,0.0,1.0,0.48677884615384603,0.0,0.7442126104173012,0.0,0.0,0.0,0.0,0.5238095238095237,1.0,0.47022900763358777,0.0,0.0,0.0,0.0,0.0,0.32063223257126716,0.6325602546612097,0.6875,0.0,0.0,0.5454545454545454,0.49425287356321845,0.0,0.0,1.0,0.08333333333333337,0.5650224215246638,0.20394736842105265,0.0,0.0,0.5,0.0,0.4357105674128059,0.0,0.9586631486367634,0.0,0.0,0.5822922324823465,0.2889305816135084,0.0,0.0,0.4520057306590257,0.0,0.0,0.0,0.44999999999999996,0.0,0.9561567164179104,0.7769230769230769,0.5,1.0,1.0,0.6462775769202391,0.5869565217391305,0.9571428571428572,0.0,0.5555555555555556,0.8158625247851949,0.0,1.0,0.2803889789303079,0.5254237288135593,0.7465782803665432,0.17159425024501795,0.6321752265861027,0.6363636363636364,0.8571428571428572,0.0,0.0,0.25,0.21739130434782616,0.0,0.0,0.0,0.0,0.0,0.0,0.0,0.49670698784812584,0.0,0.0,0.8947924267444987,0.5,0.0,0.8958628895702714,0.0,0.0,0.0,0.9124649859943977,0.0,0.0,1.0,0.07686300032541493,0.0,0.550132545887722,0.0,0.0,0.0,0.0,0.0,0.0,0.0,0.8148148148148148,0.0,0.0,0.0,0.5,0.0,0.6469039404394408,0.7292127638066783,0.0,0.0,0.09129762662544305,1.0,0.8931977113795295,0.0,0.0,0.0,0.0,0.0,0.2668561348490788,0.0,0.0,0.7863525588952072,0.0,0.0,0.0,0.0,0.894316163410302,0.0,0.9682157890215617,0.0,0.0,0.0,0.27142857142857135,0.0,0.0,0.262496166819994,0.4034021871202915,0.8840486867392697,0.8286011801457828,0.0,1.0,0.8686716791979949,0.6597390043499275,0.0,0.0,0.0,0.0,0.0,0.3507225942897426,0.19999999999999996,1.0,0.0,0.03127572016460922,0.5292961069602831,0.7692307692307692,0.6,0.75,0.9510135135135135,0.6666666666666667,0.0,0.37549473684210544,0.3506265113211694,0.0,0.0,0.0,0.0,0.5681818181818182,0.6058981233243967,0.0,1.0,0.2857142857142857,0.0,0.2863157894736842,0.3403543965229019,0.0,0.4,0.0,0.7368421052631579,0.0,0.44385185185185183,0.0,0.6,0.6892366656020441,1.0,0.0,0.8823529411764706,0.0,0.0,0.7894736842105263,0.0,1.0,0.0,0.0,0.0,0.0,0.3962085308056873,0.4811381074168798,0.0,0.14884051112162788,0.8,0.0,0.5,0.10620012277470836,0.0,0.0,0.060381355932203506,0.0,0.9617067833698031,0.8383333333333334,0.23529411764705876,0.03606965174129362,0.625,0.0,0.0,0.75,0.7719298245614036,0.0,1.0,1.0,1.0,0.0,0.0,0.5,0.5,0.2857142857142857,0.06408345752608058,0.0,0.5,1.0,1.0,0.0,0.0,0.0,0.0,0.0,0.9022082018927444,0.6206896551724137,1.0,0.0,0.0,0.0,0.0,0.3846153846153846,0.8216694772344013,0.8320451032099664,0.0,0.0,0.0,0.7851412626438786,0.0,1.0,0.22385321100917444,0.026125401929260272,0.0,0.0,0.5,0.5,0.41463414634146345,0.625,0.9,0.0,1.0,0.0,0.0,0.0,0.0,0.0,0.4736842105263157,0.7997594151938558,0.0,0.955222904954896,0.0,0.0,0.9424635332252836,0.0,0.0,0.0,0.8715679190751445,0.0,0.5,0.5714285714285714,0.6721972890883539,0.6526790185277916,0.21998739062908468,0.0,0.0,0.0,0.0,0.0,0.0,0.0,1.0,0.0,0.0,0.0,1.0,0.0,0.0,0.33186464575255537,0.0,0.0,0.8913295380119906,qsampled
0.5714285714285714,0.0,0.8451672010994045,0.8409074745750658,0.75,0.0,0.0,0.8503937007874016,0.8549923195084486,0.0,0.0,0.0,0.0,0.8669821240799158,0.0,0.0,0.0,0.0,0.0,0.0,0.0,0.44376278118609414,0.0,0.0,0.03986054318171495,0.0,0.0,0.0,0.0,0.0,0.0,0.0,0.5803671294164089,0.0,0.0,0.0,0.0,0.26922150641218623,0.8861985472154964,0.2847280529900176,0.6372541180233489,0.3846153846153846,0.3641088572872303,0.3776066453231809,0.6511065006915628,0.8505574970877018,0.21659791652100935,0.0,0.0,0.0,0.30235050631975746,0.0,0.0,0.0,0.0,0.8193024971025182,0.0,0.4801727861771059,0.39152981849611057,0.0,0.0,0.12809667673716008,0.8306332842415316,0.33333333333333337,0.4,1.0,0.23715927010587956,0.0,0.6807706837929732,0.44651830581478824,0.0,0.28497181758290024,0.8225806451612903,0.0,0.0,0.0,0.0,0.3548387096774194,0.0,0.0,0.9440058898114442,0.31327762302692674,0.0,0.0,0.11076222980659833,0.0,0.0,0.4581456330262892,0.0,0.0,0.0,0.06882022471910121,0.5,0.0,0.8446601941747574,0.0,0.5157620041753653,0.6542344735968116,0.0,0.0,0.125,0.0,0.0,0.6666666666666667,0.6716992526609797,0.34857318195765574,0.0,0.0,0.0,0.0,0.47310671256454373,0.11111111111111116,0.009715025906736119,0.0,0.0,0.5871186440677967,0.19047619047619047,1.0,0.0,0.33888629404743364,0.5,0.875,0.33333333333333337,0.9,0.0,0.447808764940239,0.0,0.0,0.0,0.0,0.6406548300878196,0.0,0.0,0.4567981934870454,0.0,0.0,0.0,0.10356778797145816,0.4855805689770978,0.0,0.7291288831685485,0.6583398590446358,0.8761174968071519,0.0,0.0,0.0,0.0,0.49786324786324787,0.5625,0.8780918727915195,0.0,0.0,0.0,0.0,0.0,0.0,0.40115541778216135,0.9915609176720636,0.28920652968407357,0.0,0.33333333333333326,1.0,0.21411356820659233,1.0,0.0,0.9968708719399657,0.0,0.0,0.0,0.0,0.250299107279811,0.0,0.0,0.0,0.0,0.0,0.0,0.0,0.0,0.5284156602712181,0.0,0.0,0.6666666666666667,1.0,0.0,0.0,0.5904659746979211,0.03661265374160927,0.0,0.0,0.0,0.0,0.0,0.8888888888888888,0.7916666666666666,0.65,0.0,0.0,1.0,0.5,0.0,0.0,0.0,0.0,0.6796116504854368,0.0,0.0,0.0,0.0,0.0,0.0,0.0,0.7142857142857143,0.0,0.0,0.0,0.0,0.0,0.0,0.0,0.33333333333333326,0.0,0.0,0.8655913978494624,0.0,0.0,0.0,0.0,0.19450778229404198,0.9089494163424124,0.0,0.717948717948718,0.7174203113417346,0.0,0.2653261402648358,0.7333333333333334,0.5277365766834767,0.0,0.0,1.0,0.0,0.6336147795338097,1.0,0.0,0.0,0.0,0.8681572860447186,0.0,0.40619340818544003,1.0,0.2571428571428571,0.0,0.1725888324873096,0.9379444085326438,0.5,1.0,0.0,0.4703008770955923,0.5,1.0,0.529262086513995,0.0,0.8146754468485419,0.8769230769230769,0.1428571428571429,0.2691117984975694,0.0,0.0,0.23113207547169812,0.0,0.0,0.9762500948478641,0.39807944129201234,0.0,0.33333333333333326,0.0,0.1428571428571428,1.0,0.5624949437747755,0.0,0.0,0.0,0.19354838709677402,1.0,0.0,0.0,0.0,0.3163793103448277,0.9260792430514488,0.0,0.0,0.0,0.0,0.5,0.9166666666666666,0.35575485799701045,0.5396618985695708,0.0,0.0,0.0,0.0,0.0,0.0,0.0,0.33333333333333337,0.0,0.7969410999023755,0.6837378381268042,0.0,0.0,1.0,1.0,1.0,0.0,0.9,0.0,0.0,0.0,0.5,0.0,0.5,0.8890962924819773,0.0,0.2857142857142857,0.8064746914684314,0.0,0.0,0.0,0.5574028308245338,0.0,0.0,0.7229560520500858,0.9440137109279361,0.7513043478260869,0.0,0.0,0.0,0.0,0.25,0.0,1.0,1.0,0.0,0.0,0.0,0.0,0.0,0.37038689172289085,1.0,0.803030303030303,0.0,0.5,1.0,0.4389790718632828,0.0,0.0,0.9889535311878637,0.9084556254367575,0.0,0.0,0.0,0.07479920955991481,0.0,0.0,0.0,0.0,0.0,0.0,0.0,0.0,0.5827424878213476,0.0,0.0,0.5,1.0,0.0,0.0,0.9122354267869535,0.19068873947680653,0.0,0.0,0.0,1.0,0.0,0.7583892617449665,0.590817610062893,0.75,0.0,0.0,0.7404291123264619,0.6608856088560886,0.0,0.0,0.0,0.0,0.47815040650406504,0.0,0.0,0.0,0.0,0.0,0.0,0.0,0.0,0.33333333333333326,0.0,0.262496166819994,0.0,0.0,0.0,0.5454545454545454,0.0,0.0,0.0,0.501031297641467,0.0,0.0,0.0,0.0,0.0,1.0,0.3781818181818182,0.5388349514563107,0.5845410628019323,0.543801652892562,0.3076923076923076,0.29999999999999993,0.8700894593543368,0.39188102893890686,0.0,0.0,0.0,0.3657322221019591,0.0,0.43483202828997225,0.0,0.0,0.6385110952040086,0.0,0.5424499696785932,0.0,0.0,0.0,0.2819506726457398,0.6874375208263912,0.0,0.4,0.0,0.6995305164319249,0.0,0.7447185699512484,0.2748524738992284,0.0,0.1121047588629831,0.5,0.33333333333333337,0.0,0.0,0.0,1.0,0.0,1.0,0.8651817116060961,0.0,0.0,0.5,0.4449039881831611,0.0,0.0,0.046367287331142704,0.4,0.0,0.5,0.0,0.68,0.42800199302441466,0.060381355932203506,0.33333333333333337,0.4652605459057072,0.1714554875176636,0.23529411764705876,0.0,0.0,0.31488494028546476,0.5714285714285714,0.25,0.9772727272727273,0.005093378607809673,1.0,0.0,0.0,0.0,0.7437845303867403,1.0,0.9,0.0,0.10223367697594499,0.0754062154914027,0.0,1.0,1.0,0.27849661121380176,0.0,0.6666666666666667,1.0,1.0,0.9175,0.9554896142433235,1.0,0.0,0.0,0.5,0.15380801269337574,0.0,0.0,0.791696113074205,0.0,0.3784378437843784,0.0,0.38662486938349017,0.695626183122447,0.271692745376956,0.11566565674567819,0.24721758486366163,0.9016393442622951,1.0,0.0,0.5,0.0,0.26315789473684204,0.6714285714285714,0.7106184364060677,0.0,0.0,0.0,0.0,0.0,0.0,0.43343653250773984,0.9330896823165589,0.0,0.0,1.0,0.0,0.16929199599243017,0.0,0.0,0.9641490275716629,0.7905443434911956,0.0,0.5,0.0,0.71802456192901,0.0,0.0,0.0,0.0,0.0,0.0,0.0,0.0,0.3596692873838546,0.0,0.0,1.0,1.0,0.0,0.0,0.25142857142857156,0.2639180672268906,0.0,0.0,0.6677540430248374,qsampled
0.0,0.0,0.0,0.0,0.9,0.9404761904761905,0.0,0.0,0.8525621816002398,0.6592196467168518,0.0,0.8873102610807528,0.0,0.0,0.0,0.0,0.0,0.0,0.0,0.8893214068797968,0.0,0.0,0.0,0.0,0.0,0.0,0.6621742799873405,0.0,0.8571428571428572,0.0,0.0,0.0,0.0,0.0,0.0,0.8259438601800712,0.0,0.0,0.8861985472154964,0.9197686351338744,0.0,0.0,0.0,0.675317604355717,0.6513067400275103,0.06692913385826782,0.0,1.0,0.0,0.29244708390437035,0.0,0.0,0.3112033195020746,0.0,0.0,0.0,0.6126556758690209,0.6406063702946687,0.15233362143474505,0.0,0.9814159292035398,0.0,1.0,0.33333333333333337,0.0,0.0,0.879746835443038,0.44444444444444453,0.32217604835663016,0.5703216505991531,0.0,0.0,0.0,1.0,0.7227997227997228,0.0,0.7354758961681088,0.3548387096774194,0.0,0.2857142857142857,0.0,0.0,0.0,1.0,0.11912282284992326,0.7931292708040812,0.0,0.453591606133979,0.66,0.0,0.33333333333333337,0.7222612359550562,0.0,0.0,0.0,1.0,0.0,0.5986412681497268,0.5789473684210527,0.25093468220804904,0.0,0.280775215730655,0.8978630930822166,0.6666666666666667,0.3343405348239915,0.3244088692612016,0.75,0.6666666666666667,0.5,0.0,0.0,0.0,0.30210772833723654,0.11111111111111105,0.0,0.9032576505429417,0.6190476190476191,0.0,0.6666666666666667,0.5851755526657998,0.0,0.5,0.33333333333333337,0.0,0.9090909090909091,0.0,0.7483870967741936,1.0,0.0,0.0,0.5244967559474296,0.0,0.0,0.0,0.4722222222222222,0.6587460508165354,0.0,0.6701631701631703,0.6236782170164308,0.5497395187298437,0.4668617886178862,0.0,0.03024517684887451,0.4444444444444444,0.7777777777777778,0.0,0.1923076923076923,0.0,0.5333333333333333,0.37750294464075396,0.0,0.0,0.0,0.0,0.0,0.0,1.0,0.0,0.023857951734374327,0.5576846189157572,0.0,0.0,0.31468814135418266,0.0,0.0,0.0,0.0,0.0,0.6666666666666667,0.0,0.2543034055727553,0.6254369563450126,0.34614662410472385,0.0,0.0,0.0,0.0,0.0,0.0,0.5306820416640687,0.7888022678951099,0.985535295915249,0.0,0.0,0.8305084745762712,0.0,0.0,0.9794746787058807,0.0,0.0,0.735289044403923,0.0,0.0,0.0,0.0,0.8571428571428572,0.8434873949579832,0.0,0.0,0.5945945945945946,0.6362799263351748,0.0,0.9130674002751031,0.0,0.0,0.0,0.0,0.0,0.0,0.0,0.8653646989199586,0.0,0.0,0.0,0.0,0.0,0.0,0.6206896551724137,0.0,0.5,0.0,0.0,0.0,0.0,0.0,0.0,0.8729347508046426,0.0,0.0,0.9248895434462445,0.8628318584070797,0.8181818181818181,0.12343558282208589,0.12944162436548234,0.7243975903614457,0.7333333333333334,0.0881938574246266,0.18598382749326137,0.6153846153846154,1.0,0.41780581843673303,0.5663464959089293,0.0,0.2659768715763845,0.0,0.0,0.0,0.7382857142857143,0.0,0.6271186440677966,0.2571428571428571,0.42715559960356786,0.0,1.0,0.5,1.0,0.0,0.827023426224048,0.75,0.0,0.837730870712401,0.0,0.30904183535762486,0.0,0.1428571428571429,0.8641864634692963,0.0,0.5959510754955715,0.23113207547169812,0.48677884615384603,0.5714285714285714,0.0,0.0,0.0,0.0,0.0,0.6666666666666666,1.0,0.5506926320016061,0.5,0.0,1.0,0.7096774193548387,0.0,0.6669526424159232,0.0,0.6875,0.4768756423432683,0.8034014982790039,0.0,0.0,1.0,0.3317904993909867,1.0,0.9166666666666666,0.0,0.5189255189255191,1.0,0.0,0.0,0.0,0.3795707472178059,0.0,0.0,0.0,0.0,0.5087585681645088,0.900797373358349,0.0,1.0,0.0,0.0,0.8,0.0,0.0,0.3529411764705882,0.47678571428571437,1.0,0.5,0.0,0.0,0.34211426616489904,0.6666666666666667,0.2857142857142857,0.12174069411976263,0.37037037037037035,0.4459373000639796,0.0,0.5097276264591439,0.9362007168458781,0.21194029850746254,0.5776237845087739,0.0819754324392078,0.0,0.6363636363636364,0.8571428571428572,0.0,0.0,0.0,0.5138888888888888,1.0,1.0,0.0,0.0,0.0,0.0,0.0,1.0,0.0,0.2045399072492068,0.48465173460371125,0.0,0.0,0.7031142568250759,0.0,0.0,0.0,0.9139710942876806,0.0,0.6551724137931034,0.0,0.09494175420052409,0.9908686040178142,0.7615161757605022,0.0,0.0,0.0,0.0,0.0,0.0,0.5422974659504043,0.8148148148148148,0.9830238082852139,0.0,0.0,1.0,0.0,0.0,0.8484848484848485,0.0,0.0,0.6999874497991969,0.0,0.0,0.0,0.0,1.0,0.7142857142857143,0.0,0.0,0.6757012888551933,0.6267677964762581,0.0,0.894047619047619,0.0,0.0,0.0,0.0,0.0,0.0,0.0,0.8171778571760011,0.0,0.21363636363636362,0.33333333333333326,0.0,0.0,0.4035002430724357,0.9002535925612849,0.0,0.5454545454545454,0.0,0.0,0.0,0.0,0.0,0.0,0.6053726825576996,0.0,0.6459296125133309,0.30000000000000004,0.7963636363636364,0.15076923076923088,0.5348516218081434,0.10256410256410242,0.0,0.29999999999999993,0.0,0.3932926829268293,0.5555555555555556,0.0,0.4265081991876034,0.0,0.0,0.0,0.0,0.25,0.0,0.1750405186385735,0.8324664659184232,0.4374999999999999,0.0,0.8571428571428572,0.0,0.5936863543788188,0.0,0.0,0.0,0.8095238095238095,0.4285714285714285,0.3412449619346173,0.39909425417492217,0.0,0.0,1.0,0.33333333333333337,0.41176470588235303,0.0,1.0,0.4736842105263158,0.0,0.0,0.32021902251064693,0.0,0.0,0.0,0.3962085308056873,0.48740377886634,0.0,0.04322344322344307,0.0,0.0,0.0,0.5652709359605912,0.0,0.17389138016940708,0.0,0.0,0.0,0.2046757829730923,0.0,0.03606965174129362,0.0,0.0,0.05521472392638038,0.25,0.03508771929824561,0.0892857142857143,0.0,1.0,0.5,0.0,0.0,0.5,0.0,0.2857142857142857,0.0,0.3809213739215366,0.75,1.0,0.0,0.8873456790123456,0.0,0.0,1.0,1.0,0.2570977917981073,0.13966480446927354,0.0,0.0,0.0,1.0,0.1820392890551915,0.0,0.0,0.0,0.7777777777777778,0.0,0.0,1.0,0.38786489987047934,0.7247834590667784,0.0,0.0,0.17333333333333356,0.0,0.5,0.5,0.41463414634146345,0.0,0.9,0.0,0.0,0.0,0.0,0.0,0.0,0.0,0.9690402476780186,0.7070871946082561,0.0,0.6966468672159418,1.0,0.0,0.768424206111444,0.0,0.0,0.0,0.8715679190751445,1.0,1.0,0.0,0.6812573723977429,0.8069339314082796,0.0,0.0,0.0,0.0,0.0,0.0,0.0,0.33487297921478054,0.7358490566037736,0.9797297297297297,0.0,0.0,0.8571428571428572,0.0,0.271326530612245,0.0,0.0,0.0,0.8612258522134602,qsampled
0.0,0.0,0.0,0.0,0.75,0.0,0.0,0.7777389684480149,0.0,0.7775850319063254,0.6593532229965157,0.0,0.0,0.0,0.0,0.0,0.0,0.6678325838151664,0.0,0.0,0.0,0.0,0.25,0.0,0.12727719729563614,0.646612096407458,0.0,0.029322268326417822,0.8571428571428572,0.0,0.0,0.0,0.0,0.0,0.0,0.0,0.0,0.0,0.2314814814814815,0.07069219440353447,0.0,0.47916666666666663,0.0,0.3217838196286472,0.0,0.0,0.21400941623748382,0.0,0.33333333333333337,0.0,0.25614021890397554,0.0,0.0,0.3543275752916706,0.0,0.0,0.5781835085091547,0.0,0.0,0.0,0.5049566294919455,0.0,0.7391742195367572,0.0,0.4,0.0,0.06106870229007644,0.22222222222222232,0.6916973963571349,0.29504666188083273,0.0,0.8313447927199191,0.0,0.0,0.0,0.0,0.36186650185414093,0.0,0.0,0.2857142857142857,0.5570243961062373,0.0,0.0,0.0,0.4011562849682955,0.00501015572105612,0.0,0.5615341972143302,1.0,0.0,0.0,0.6379915730337079,1.0,0.5294117647058824,0.5867556468172486,0.2666666666666666,0.49017969076473045,0.20220829385613281,0.0,0.8738199401335482,0.0,0.47502150466485793,0.7398008352071956,1.0,0.06867951982539078,0.5906875105059674,0.0,0.0,1.0,0.6666666666666667,0.053160738971974264,0.0,0.31355932203389814,0.4444444444444444,0.8376863804663264,0.28698824483177965,0.19047619047619047,0.0,0.0,0.7198302266561651,0.5,0.625,0.33333333333333337,0.75,0.9090909090909091,0.36543029417138695,0.7483870967741936,0.75,0.4285714285714285,0.0,0.0,0.3165618448637316,0.51,0.04592366078741872,0.0,0.9095507467600491,0.6666666666666667,0.6843730697961705,0.0,0.0,0.21343956389558683,0.0,0.6432877813504823,0.8888888888888888,0.0,0.0,0.1923076923076923,0.0,1.0,0.2879091516366067,0.0,0.6666666666666667,0.9142857142857143,0.0,0.0,0.0,0.8900711718694948,0.9935264976478915,0.29154660275226885,0.0,0.33333333333333326,0.0,0.0,0.0,0.0,0.0,0.3275602409638555,0.206896551724138,0.0,0.7,0.250299107279811,0.36672958714486226,0.0,0.0,0.0,0.0,0.0,0.0,0.7769379559194719,0.0,0.0,0.0,0.0,0.0,0.0,0.0,0.0,0.9311817889223747,0.6666666666666667,0.0,0.44746176726681985,0.0,0.0,0.0,0.0,0.65,0.0,0.0,1.0,0.0,0.9510734929810074,0.6525514008735485,0.0,0.0,0.0,0.0,0.0,0.0,0.986146409528081,0.0,0.0,0.0,0.0,0.0,0.0,0.4098360655737705,0.6634221389510881,0.0,0.21212121212121204,0.0,0.0,0.0,0.0,0.0,0.0,0.0,0.0,0.0,0.054020100502512824,0.9248895434462445,0.2911051212938005,0.37130339539978097,0.0,0.0005045408678102659,0.39817011182649953,0.0,0.043516873889875685,0.0,0.23076923076923073,1.0,0.3813559322033899,0.0,1.0,0.0,0.48604960141718334,0.0,0.0,0.7088673816374575,0.0,0.0862068965517242,0.12959719789842372,0.0,0.0,0.7340301974448316,0.5,0.5,0.0,0.05695570112135029,0.0,0.9047619047619048,0.10980392156862762,0.0,0.9496707431796801,0.0,0.1428571428571429,0.4338830584707646,0.0,0.5338645418326693,0.0,0.0,0.5714285714285714,0.7259580621836588,0.0,0.0,0.0,0.7345663265306123,0.0,1.0,0.44515052823893875,0.5,0.0,0.0,0.6129032258064515,0.5,0.0,0.0,0.0625,0.29183508488278087,0.4248753857108948,0.0,1.0,0.0,0.5631539044730858,1.0,0.0,0.5650224215246638,0.36996336996337,0.0,0.0,0.5,1.0,0.0,0.0,0.0,0.6666666666666667,0.9580952380952381,0.2456207159177457,0.6667448405253282,0.0,0.0,0.9758064516129032,1.0,0.8,0.0,0.9,0.3529411764705882,0.0,0.7769230769230769,1.0,0.33333333333333326,1.0,0.0,1.0,0.7857142857142857,0.0,0.0,0.8367777309152257,0.6470588235294118,0.47236551215917466,0.3720430107526882,0.0,0.5707762557077626,0.0988647635842611,0.9406021155410903,0.9090909090909091,0.0,0.0,0.0,0.0,1.0,1.0,1.0,0.0,0.9117647058823529,0.0,0.0,0.0,0.854220600769482,0.9753036437246964,0.7796257796257796,0.0,0.5,0.0,0.0,0.0,0.0,0.0,0.0,0.375,0.0,1.0,0.02301086599210167,0.5631320906657824,0.0,0.0,0.0,0.0,0.0,0.0,0.7353332808068075,0.0,0.0,0.0,0.0,0.0,0.0,0.0,0.0,0.7845244846550519,1.0,0.0,0.21621787025703798,1.0,0.0,0.0,0.0,1.0,0.0,0.0,0.7364374199060231,0.0,0.6149577500315299,0.9254658385093167,0.0,0.0,0.0,0.0,0.0,0.0,0.9684321290775166,0.0,0.0,0.0,0.0,0.33333333333333326,0.0,0.7561260210035006,0.0,0.0,0.0,0.5454545454545454,0.0,0.0,0.0,0.0,0.0,0.0,0.0,0.0,0.6392405063291138,0.32799999999999996,0.863456577815993,0.0,0.0,0.23922674184454307,0.7692307692307692,0.0,0.8164591229020033,0.3318965517241381,0.0,0.33333333333333337,0.0,0.5437060781654542,0.0,0.4390182819934886,0.14216626365379792,0.25,0.0,0.19937304075235118,0.0,0.2932692307692307,0.0,0.8571428571428572,0.0,0.0,0.0,0.6,0.0,0.0234375,0.5714285714285714,0.4519864244360151,0.31239804241435576,0.0,0.6403269754768393,1.0,0.33333333333333337,0.0,0.0,1.0,0.2857142857142857,0.0,1.0,0.0,0.0,0.0,0.0,0.0,0.005485893416928067,0.0,0.7235537190082644,0.5,0.0,0.5,0.4367816091954022,0.0,0.4211060375443938,0.060381355932203506,0.0,0.4652605459057072,0.0,0.23529411764705876,0.5497512437810945,0.625,0.2585596221959857,0.7300613496932515,0.25,0.6046511627906976,0.81292984869326,1.0,0.0,0.0,0.0,0.49342105263157887,0.5,0.8826086956521739,0.4285714285714285,0.7611940298507462,0.30951254141031714,0.0,1.0,1.0,0.671866594943518,0.0,0.33333333333333337,1.0,0.0,0.2570977917981073,1.0,1.0,0.6666666666666666,1.0,0.0,0.0,0.3846153846153846,0.5349544072948329,0.5997111131172699,0.0,0.5032811711256941,1.0,1.0,0.0,0.6587329366468324,0.0,0.0,0.6,1.0,0.0,0.5,0.41463414634146345,0.0,1.0,0.0,0.0,0.0,1.0,0.0,0.0,0.0,0.30030959752321995,0.8047874535699546,0.0,0.7790277709990727,0.0,0.0,0.0,0.0,0.0,0.0,0.0,0.1428571428571428,0.0,0.5714285714285714,0.6945614959178299,0.4872441827866555,0.0,0.0,0.0,0.0,0.0,0.0,0.9329288843950118,0.0,0.0,0.0,0.0,0.0,0.0,0.0,0.2420283892203251,0.0,0.0,0.0,0.603233432166039,qsampled
0.0,0.0,0.0,0.0,0.0,0.75,0.0,0.7228106676754302,0.0,0.0,0.6548980606663353,0.0,0.0,0.0,0.0,0.9161871403552664,0.0,0.0,0.0,0.0,0.8778062532034854,0.0,0.0,0.4833273574757979,0.0,0.0,0.0,0.0,0.8571428571428572,0.0,0.0,0.0,0.8489945636289239,0.0,0.0,0.8884663584114775,0.0,0.0,0.0,0.8116303491730112,0.0,0.5769230769230769,0.0,0.38636363636363635,0.6558993539612377,0.4689871329594194,0.0,1.0,0.33333333333333337,0.248379015620395,0.40852710086547284,0.0,0.7752247752247752,0.0,0.0,0.44168562666930455,0.9154233097450764,0.46675164648396006,0.11284722222222221,0.12633996937212877,0.6288723667905824,0.0,0.40353460972017663,1.0,0.0,0.0,0.0,0.0,0.945692256118002,0.4438661710037174,0.5714285714285714,0.4061128876329293,0.0,0.5714285714285714,0.6666666666666667,0.8333333333333334,0.36186650185414093,0.0,1.0,0.2857142857142857,0.0,0.0,0.0,0.18181818181818188,0.8808217182264096,0.10517746662324956,0.0,0.8406926406926407,1.0,0.0,0.0,0.4595687331536389,0.7777777777777778,0.17391304347826086,0.5416666666666666,0.2666666666666666,0.6603773584905659,0.0,0.5291095890410958,0.0,0.125,0.5796390635161501,0.8529411764705882,0.33333333333333337,0.0,0.656006179992275,0.0,0.0,0.19999999999999996,0.0,0.0,0.0,0.3451982799808885,0.11111111111111105,0.0,0.0,0.0,0.875,0.0,0.53568942217126,0.0,0.625,0.33333333333333337,0.0,0.9090909090909091,0.2095588235294117,0.0,0.25,0.4285714285714285,0.0,0.0,0.6178887090750653,0.39144736842105254,0.19109780635029705,0.41666666666666663,0.8734669753238438,0.0,0.5504798930871098,0.5304015552725079,0.5907884104813574,0.0,0.14160866814299256,0.7341772151898736,0.0,0.7777777777777778,0.0,0.1923076923076923,0.0,0.5333333333333333,0.0,0.0,0.0,0.9142857142857143,0.0,0.0,0.0,0.7250497400680316,0.0,0.6912770334130205,0.7080447838659449,0.33333333333333326,0.0,0.0,0.0,0.9612093063260655,0.0,0.0,0.206896551724138,0.16666666666666663,0.0,0.3665855636658556,0.44497402411705844,0.4387782539561347,0.0,0.0,0.0,0.0,0.0,0.9622103089268622,0.0,0.0,0.0,0.0,0.0,0.0,0.9077049449646788,0.6655151766385703,0.0,0.0,0.0,0.8425091282519397,0.0,0.0,0.0,0.0,0.0,0.0,0.0,0.7666666666666666,0.0,0.0,0.6530047373183585,0.0,0.0,0.0,0.0,0.9240719910011248,0.0,0.0,0.0,0.0,0.8580630830741892,0.0,0.0,0.7940379403794038,0.0,0.0,0.0,0.21212121212121204,0.0,0.0,0.0,0.0,0.8655913978494624,0.0,0.0,0.8827842851846257,0.0,0.0,0.0,0.9090909090909091,0.0,0.6560415122312824,0.028469750889679624,0.19560669456066948,0.7333333333333334,0.9101196249595862,0.30236220472440944,0.6153846153846154,0.0,0.2744170327813452,0.6571428571428571,0.0,0.0,0.0,0.0,0.8429639700883753,0.9739884393063584,0.3865997850232892,0.0,0.08027923211169263,0.9259796806966618,0.0,0.0,1.0,1.0,0.0,0.02021305654192851,0.5,1.0,0.5572139303482587,0.5,0.0,0.0,0.6666666666666667,0.5804416403785488,0.8333333333333334,0.07364341085271309,1.0,0.5625,0.5714285714285714,0.28982637831251923,0.0,0.0,0.0,1.0,0.0,1.0,0.9409669211195929,0.5,0.0,0.0,0.0,1.0,0.32063223257126716,0.6325602546612097,0.0625,0.10738255033557043,0.24315339559917692,0.06375838926174504,0.15384615384615385,0.3460884353741498,0.5006090133982947,0.6363636363636365,0.0,0.11917836078909905,0.684729064039409,0.0,0.0,0.5,0.0,0.48682766190998905,1.0,0.6802973977695168,0.0,0.0,0.2456207159177457,0.0,1.0,0.0,0.7178517397881996,0.0,0.8,0.0,0.0,0.3529411764705882,0.6666666666666667,0.0,0.0,0.33333333333333326,0.0,0.0,0.0,0.7857142857142857,0.5898767034393252,0.5555555555555556,1.0,0.0,0.7945922372437855,0.0,0.5254237288135593,0.0,0.0,0.6321752265861027,0.0,0.8571428571428572,0.0,0.0,0.0,0.5138888888888888,0.0,1.0,0.0,0.9117647058823529,0.0,0.0,0.0,0.49670698784812584,0.0,0.6803525864068661,0.8912249112958746,0.5,0.0,0.0,0.0,0.9667962506573724,0.0,0.8340740740740741,0.375,0.1724137931034483,0.0,0.0,0.0,0.5657586937750215,0.0,0.0,0.0,0.0,0.0,0.9554131300883423,0.0,0.0,0.0,0.0,0.0,0.0,0.9428086070215176,0.9223207716831522,0.856749744476767,0.0,0.0,0.8873317013463892,1.0,0.0,0.0,0.0,0.0,0.0,0.0,0.7189009661835748,0.0,0.0,0.7785359801488834,0.0,0.0,0.0,0.0,0.8879472693032016,0.0,0.0,0.0,0.0,0.7919161676646707,0.0,0.0,0.8010245349150714,0.262496166819994,0.3882552778451832,0.0,0.0,0.5454545454545454,0.0,0.0,0.0,0.865234375,0.0,0.0,0.6071787148594376,0.0,0.0,0.19999999999999996,1.0,0.17365269461077848,0.47818930041152263,0.22178529296106964,0.3076923076923076,0.29999999999999993,0.625,0.34788867562380044,0.6666666666666667,0.6666666666666667,0.37549473684210544,0.4307692307692309,0.0,0.43619167717528373,0.0,0.0,0.580441640378549,0.6555269922879177,0.42330723169046525,1.0,0.0,1.0,0.0,0.3403543965229019,0.0,0.0,0.0,0.08591331269349867,0.0,0.8034567901234567,0.0,0.6,0.6892366656020441,1.0,0.0,0.41176470588235303,0.6666666666666667,0.8888888888888888,0.5,0.0,0.0,0.21858611285924068,0.0,0.0,0.5,0.6966824644549763,0.270170674941815,0.0,0.7804951690821256,0.5,0.0,0.5,0.10251688152240634,1.0,0.0,0.02164502164502169,0.0,0.5691756272401434,0.4654166666666667,0.0,0.03606965174129362,0.0,0.8799231508165226,0.7142857142857142,0.25,0.0,0.19282511210762343,1.0,0.0,1.0,0.0,0.0,0.0,0.24825662482566235,0.2857142857142857,0.1646795827123695,0.19435736677115978,0.0,0.0,1.0,0.8852861035422344,0.0,0.33333333333333337,1.0,1.0,0.38157894736842113,0.19303338171262707,1.0,0.6666666666666666,1.0,1.0,0.09012753897024095,0.6923076923076923,0.5342465753424657,0.5432581275537396,1.0,0.6095868811100598,0.0,0.0,0.29220023282887087,1.0,0.5858067997841339,0.6140107164119866,0.0,1.0,0.5,0.5,0.41463414634146345,0.0,0.9,0.0,0.0,1.0,1.0,0.0,0.0,0.0,0.0,0.7947745664739885,1.0,0.9632952691680261,0.0,0.0,0.0,0.0,0.989966433158202,0.0,0.8715679190751445,0.7,0.5,0.0,0.0,0.65078310393925,0.22707822564680447,0.0,0.0,0.0,0.0,0.0,0.9878665318503539,0.0,0.0,0.0,0.0,0.0,0.0,0.7260656883298393,0.23307961324830306,0.029656807767487914,0.0,0.0,0.806677801715443,qsampled
0.5714285714285714,0.0,0.7369207772795217,0.0,0.0,0.0,0.0,0.0,0.0,0.0,0.0,0.0,0.0,0.8669821240799158,0.0,0.0,0.0,0.0,0.0,0.0,0.8861913357400721,0.0,0.25,0.0,0.0,0.0,0.7883474822653798,0.0,0.0,0.77227200843437,0.0,0.0,0.0,0.0,0.0,0.8884663584114775,0.45081640780565513,0.4693210095982935,0.7324849871318273,0.6848341232227488,0.5120967741935483,0.5769230769230769,0.0,0.3776066453231809,0.8767123287671234,0.8515341471461564,0.0,0.4462151394422311,0.6666666666666667,0.0,0.27945246465704254,0.0,0.6956521739130436,0.0,0.0,0.47539236008291386,0.0,0.5276121921043753,0.49572649572649563,0.06911857958148382,0.0,0.0,0.5596465390279823,1.0,0.6000000000000001,0.0,0.641933887024916,0.0,0.9445706497046797,0.2502027209658526,0.5714285714285714,0.6931169012122056,0.0,0.5714285714285714,0.0,0.0,0.0,0.19354838709677413,0.0,0.0,0.9309670719042091,0.37229987293519695,0.0,0.0,0.029356943150046666,0.798796992481203,0.0,0.0,0.0,0.8789954337899544,0.6666666666666667,0.7222612359550562,0.11111111111111116,0.0,0.5407279029462738,0.0,0.0,0.6200280767430977,1.0,0.11194029850746268,0.0,0.0,0.012653516933383013,0.0,0.07705573410676492,0.5729454366906033,0.75,0.6666666666666667,0.19999999999999996,0.0,0.0,1.0,0.0,0.33333333333333326,0.6041521109891206,0.5460593654042989,0.0,0.375,0.0,0.3438568353522138,0.0,0.625,0.0,0.75,1.0,0.7394422310756972,0.0,1.0,0.0,0.0,0.0,0.6850842266462481,0.0,0.0,0.4722222222222222,0.0,0.0,0.4010448305187706,0.9068749593742551,0.38820988304709725,0.7710590409003109,0.0,0.0,0.36363636363636365,0.0,0.0,0.1923076923076923,0.9326500732064422,0.5625,0.22248427672955973,0.5,0.0,0.0,0.0,0.0,0.0,0.0,0.0,0.143214543837216,0.3596829604181784,0.33333333333333326,0.9676277187658068,0.0,0.0,0.9677363439044978,0.0,0.0,0.206896551724138,0.0,0.8,0.7081062456931655,0.4922190427658656,0.0,0.0,0.0,0.0,0.0,0.0,0.0,0.0,0.0,0.0,0.0,0.0,0.0,0.8968157423971377,0.3471860604846786,0.03662767123699073,0.6666666666666667,0.0,0.8668256948071196,0.0,0.0,0.8888888888888888,0.0,0.0,0.0,0.0,0.0,0.0,0.0,0.0,0.0,0.0,0.6796116504854368,0.0,0.0,0.0,0.0,0.0,0.0,0.8580630830741892,0.0,0.0,0.0,0.0,0.0,0.6206896551724137,0.0,0.0,0.0,0.0,0.0,0.0,0.0,0.0,0.8942020847225635,0.5087719298245614,0.41925250322196894,0.8607751172549988,0.85423197492163,0.46153846153846145,0.6560415122312824,0.023189777567439673,0.19118142039717267,0.3999999999999999,0.35469734319364565,0.0,1.0,1.0,0.0,0.634536416684677,1.0,0.0,0.0,0.0,0.5499362515937103,0.0,0.8000716589036188,0.8,0.0,0.0,0.0,0.8517538054268696,0.75,0.0,0.0,0.8410270417918602,0.5,1.0,0.5422885572139304,1.0,0.9421252371916509,0.0,0.0,0.48475887170154697,0.0,0.0,0.0,0.5625,0.0,0.9763720087566996,0.3431763766959298,0.0,0.0,0.0,0.6666666666666666,1.0,0.0,0.0,0.7192982456140351,1.0,0.7096774193548387,0.0,0.0,0.6325602546612097,0.0,0.0,0.12714370195150826,1.0,0.4952015355086372,0.0,0.0,0.0,0.08333333333333337,0.5650224215246638,0.36996336996337,1.0,0.0,0.5,0.0,0.20515222482435602,0.0,0.0,0.33333333333333337,0.6213486213486215,0.41091797935904395,0.0,0.375,0.0,1.0,0.0,0.8,0.0,0.44999999999999996,0.5882352941176471,0.9386084583901774,0.0,1.0,0.0,0.0,0.0,1.0,0.2857142857142857,0.5103092783505154,0.37037037037037035,0.0,0.0,0.5671609245529874,0.2126179831097863,0.7613086296110833,0.732407714542956,0.1670611278870482,0.0,0.6363636363636364,0.0,0.0,0.0,0.75,0.5138888888888888,1.0,0.0,0.0,0.0,0.0,0.0,0.0,0.0,0.0,0.0,0.5430077880090345,0.5,0.9576271186440678,0.0,0.0,0.9686726987335946,0.0,0.9139710942876806,0.375,0.0,0.6666666666666666,0.06054579604463606,0.0,0.0,0.0,0.0,0.0,0.0,0.0,0.0,0.0,0.0,0.0,0.0,0.0,0.0,0.9458880506659215,0.7747433469550484,0.7195065778386941,1.0,0.0,0.8988641526578828,0.0,0.0,0.7583892617449665,0.0,0.0,0.0,0.0,0.0,0.0,0.0,0.0,0.0,0.0,0.49234972677595623,0.0,0.0,0.0,0.0,0.0,0.0,0.7919161676646707,0.0,0.33333333333333326,0.0,0.262496166819994,0.4034021871202915,0.9015846538782318,0.0,0.0,1.0,0.0,0.0,0.0,0.0,0.0,0.4745030250648229,1.0,0.9738725841088046,0.0,0.8021978021978022,0.0,0.5348516218081434,0.22178529296106964,0.3076923076923076,1.0,0.8229994700582937,0.34788867562380044,1.0,0.6666666666666667,0.0,0.3506265113211694,0.0,0.43619167717528373,0.0,0.0,0.43303730017761977,0.0,0.2422846614463382,1.0,0.2857142857142856,0.0,0.0,0.17460846384538486,1.0,1.0,0.0,0.15789473684210542,0.0,0.8034567901234567,0.34248175182481755,0.3999999999999999,0.5282657297987863,1.0,0.0,1.0,0.0,0.0,0.0,0.0,1.0,0.8651817116060961,0.0,0.0,0.0,0.3962085308056872,0.7572362278244631,0.0,0.5625717566016073,0.0,0.48225377107364686,0.5,0.5853858784893268,0.0,0.42800199302441466,0.02164502164502169,0.33333333333333337,0.9617067833698031,0.8588709677419355,0.5882352941176471,0.0,0.625,0.31096131301289565,0.1986062717770034,0.75,0.34426229508196726,0.788108108108108,0.0,1.0,0.33333333333333337,0.0,0.0,1.0,0.0,0.4285714285714285,0.2213114754098361,0.0,0.0,1.0,1.0,0.3009682625067239,0.0,0.33333333333333337,0.0,0.0,0.14473684210526327,0.6357039187227866,1.0,0.6666666666666666,0.0,1.0,0.09012753897024095,0.26923076923076916,0.0,0.6110313371061745,1.0,0.3018160284247927,0.0,0.3829787234042553,0.8637951105937136,0.0,0.3440607734806629,0.0,0.17333333333333356,0.0,0.0,0.5,0.41463414634146345,0.4375,0.9,0.0,1.0,1.0,0.0,0.0,0.0,0.0,0.0,0.8481482530956901,0.0,0.7057559672119309,1.0,0.5,0.0,0.0,0.9899178765214841,0.0,0.8715679190751445,0.7,0.0,0.8571428571428571,0.6756951968219573,0.6563872535277078,0.0,0.0,0.0,0.0,0.0,0.0,0.0,0.0,0.0,0.0,0.0,0.0,0.0,0.7722419928825623,0.0,0.33186464575255537,0.0,0.0,0.8180135019396444,qsampled
0.0,0.0,0.0,0.0,0.9,0.0,0.0,0.7228106676754302,0.0,0.0,0.6548980606663353,0.0,0.0,0.0,0.0,0.0,0.0,0.7667037937544994,0.0,0.7755470949577681,0.0,0.0,0.0,0.34550195567144715,0.0,0.6579811597960419,0.0,0.029322268326417822,0.0,0.0,0.0,0.0,0.0,0.0,0.0,0.7943052850715198,0.0,0.26922150641218623,0.0,0.9197686351338744,0.5435901763861929,0.8958333333333334,0.23177083333333326,0.675317604355717,0.0,0.9414847161572053,0.4753431062460465,1.0,0.33333333333333337,0.14897085795801923,0.0,0.0,0.3112033195020746,0.47235740450026165,0.0,0.0,0.3569781415440578,0.4743566344223399,0.38930457746478864,0.0,0.9756662804171494,0.0,0.7207207207207207,0.0,0.6000000000000001,0.0,0.0,0.0,0.904300007637669,0.26380755022975044,0.1428571428571428,0.4596169036334914,1.0,0.5714285714285714,0.1390877192982456,0.0,0.34749303621169925,0.0,0.0,0.5714285714285714,0.1553854255276057,0.0,0.0,0.0,0.7667316144818523,0.31470230862697446,0.0,0.8921114515784223,0.0,0.9852543622511674,0.0,0.7222612359550562,0.0,0.17391304347826086,0.11293634496919913,0.5,0.0,0.2152540653842253,0.9179580674567,0.39468482319349873,0.0,0.5016535485151135,0.40999637812386824,0.0,0.9095722022759083,0.6621570838030816,0.75,0.0,1.0,0.0,0.8184928252399506,1.0,0.1817330210772834,0.0,0.03950617283950619,0.6011787819253438,0.3134920634920636,0.0,0.0,0.9669484178586909,0.0,0.875,0.0,0.0,1.0,0.447808764940239,1.0,0.75,0.4285714285714285,0.0,0.5946586365207089,0.0,0.0,0.2011505653640152,0.41666666666666663,0.0,0.0,0.0,0.6130079244646771,0.0,0.4138114209827357,0.26160893447108646,0.0,0.0,0.11111111111111116,1.0,0.1923076923076923,0.9326500732064422,0.5333333333333333,0.8617234468937875,0.5,0.0,0.0,0.0,0.0,0.0,0.9896038650886055,0.0,0.0847652373740011,0.566254581137237,0.33333333333333326,0.0,0.6561615782644719,0.0,0.0,0.0,0.09247311827956994,0.206896551724138,0.16666666666666663,0.0,0.6784980212903028,0.0,0.17166646070192781,0.0,0.0,0.0,0.0,0.0,0.7709604107522223,0.0,0.0,0.0,0.6666666666666667,0.0,0.0,0.0,0.0,0.11582177447103759,0.0,0.0,0.6682125328970766,0.0,0.0,0.0,0.0,0.8571428571428572,0.0,0.0,0.5212121212121212,0.0,0.0,1.0,0.0,0.0,0.0,0.0,0.0,0.0,0.9860340932429656,0.0,0.878054089350819,0.0,0.0,0.0,0.7919441801458929,0.0,0.6393557915465222,0.0,0.21212121212121204,0.0,0.33333333333333326,0.0,0.0,0.0,0.0,0.0,0.8843948588083521,0.0,0.6048632218844985,0.0,0.8628318584070797,0.0,0.5651533742331288,0.04523809523809519,0.7014720985963712,0.0,0.92053629823414,0.35504642108415696,0.6153846153846154,0.0,0.0,0.0,1.0,0.19999999999999996,0.3833023491634273,0.0,0.0,0.23238095238095235,0.38674828952106577,0.6948051948051948,0.12959719789842372,0.4552036199095022,0.0,0.7084826762246117,0.0,0.0,0.0,0.0,0.5,1.0,0.5633802816901408,0.0,0.0,1.0,0.0,0.0,0.0,0.5674080798910577,0.0,0.0,0.8571428571428571,0.2456140350877194,0.0,0.0,0.0,0.9321906197023921,0.5238095238095237,1.0,0.9024764055819956,0.0,1.0,0.0,0.7096774193548387,0.0,0.3065406490465037,0.5377444292860392,0.0,0.5824,0.6517009493670887,0.2799352750809063,0.4952015355086372,0.0,0.5649546827794562,0.2727272727272728,0.75,0.5446410412853366,0.7503052503052503,1.0,0.0,0.5,0.0,1.0,0.5,0.49183006535947715,0.33333333333333337,0.0,0.7969410999023755,0.2623811905952975,0.0,0.0,0.9339007605939877,0.0,0.8,0.0,0.0,0.5882352941176471,0.0,1.0,0.5,0.33333333333333326,0.0,0.6020077316373613,0.6666666666666667,0.2857142857142857,0.12535816618911177,0.5555555555555556,0.0,0.0,0.0,0.9362007168458781,0.0,0.7527315158587037,0.0,0.0,0.0,0.0,1.0,0.0,0.75,0.41666666666666663,1.0,0.0,0.0,0.0,0.0,0.0,0.0,0.9718100980757142,0.0,0.0,0.5389825623288658,0.5,0.0,0.8189628720466401,0.0,0.0,0.0,0.0,0.375,0.1724137931034483,0.0,0.6239153519738372,0.2662517289073306,0.6790919096683508,0.0,0.0,0.0,0.0,0.0,0.7441886612137055,0.0,0.0,0.0,0.5,0.0,0.0,0.0,0.0,0.7154834726976822,0.0,0.0,0.75038646903701,1.0,0.0,0.0,0.0,1.0,0.0,0.0,0.7005225342913128,0.0,0.0,0.7785359801488834,0.0,0.0,0.0,0.0,0.0,0.0,0.9676155654217812,0.0,0.6645695111721193,0.0,0.3317073170731707,0.0,0.7789894947473737,0.0,0.0,0.0,0.0,0.0,0.0,0.0,0.0,0.0,0.0,0.0,0.36877617496510007,0.0,0.0,0.19999999999999996,0.5790197764402407,0.0,0.40160642570281124,0.23922674184454307,0.0,0.0,0.3681645912290198,0.1746641074856048,1.0,0.6666666666666667,0.435233940123364,0.0,0.0,0.0,0.13151867512332627,0.25,0.0,0.6543650793650794,0.3737950731881471,0.25,0.0,0.8571428571428572,0.0,0.0,0.9019607843137255,1.0,0.0,0.0,0.0,0.9332659251769464,0.3154744525547445,0.19999999999999996,0.10081743869209803,1.0,0.0,0.41176470588235303,0.0,1.0,0.5,0.0,1.0,0.2094994087504929,0.0,0.0,0.0,0.5223042836041358,0.389958012596221,0.0,0.019080234833659504,0.4,1.0,0.5,0.5853858784893268,0.0,0.0,0.5454545454545454,0.33333333333333337,0.0,0.0,1.0,0.03606965174129362,0.625,0.23914943198368788,0.0,0.25,0.8596491228070176,0.17115902964959573,0.0,0.0,1.0,0.0,0.5378690629011553,1.0,0.0,0.0,0.34751773049645385,0.0,0.5,1.0,1.0,0.9665970772442589,0.0,1.0,0.0,1.0,0.061514195583596276,1.0,0.5,1.0,1.0,1.0,0.8959609594019313,0.0,0.0,0.0,0.0,0.20812520812520807,0.0,0.5733194009056078,0.3882915173237754,0.4247619047619047,0.19539869608826466,0.6545071164997365,0.17333333333333356,1.0,0.5,0.0,0.41463414634146345,0.4736842105263157,0.9,0.7885714285714286,1.0,1.0,0.0,0.0,0.0,0.0,0.8476425052779732,0.649283103739106,0.0,0.6817122504617008,1.0,0.0,0.9442780107849011,0.0,0.0,0.0,0.0,0.1428571428571428,0.5,0.0,0.6829059276266856,0.25923970432946153,0.0,0.0,0.0,0.0,0.0,0.0,0.9329288843950118,0.0,0.0,0.0,1.0,0.0,0.0,0.0,0.28516804185952926,0.38334003215434076,0.0,0.0,0.8435505417841769,qsampled
0.0,0.5195195195195195,0.0,0.0,0.0,0.0,0.0,0.7228106676754302,0.8549923195084486,0.6804461264632451,0.6593532229965157,0.0,0.7409456499144533,0.0,0.0,0.0,0.0,0.6678325838151664,0.0,0.0,0.0,0.0,0.33333333333333326,0.0,0.0,0.0,0.0,0.0,0.2857142857142857,0.0,0.0,0.884327120779996,0.0,0.0,0.0,0.8259438601800712,0.0,0.3031528133956858,0.0,0.2847280529900176,0.0,0.47916666666666663,0.0,0.675317604355717,0.0,1.0,0.2563362047502863,0.0,0.33333333333333337,0.0,0.3007027493527308,0.0,0.0,0.9009525315204933,0.0,0.0,0.43307744529740466,0.6625102929067168,0.0,0.0,0.8291571753986333,0.0,0.7391742195367572,0.33333333333333337,0.4,0.0,0.1712191872085277,0.22222222222222232,0.4378675628198274,0.24444241149025703,0.0,0.25128357030015835,1.0,0.0,0.11642411642411654,0.0,0.0,0.0,0.0,0.0,0.0,0.9017512615019293,0.0,0.18181818181818188,0.8268615170494085,0.30676842236957325,0.0,0.46728439059158955,1.0,0.0,0.0,0.7222612359550562,0.0,0.9130434782608695,0.0,0.5,0.44839114082741327,0.0,0.8055302339714372,0.5032545392257624,0.125,0.24659369005886633,0.45968519113395434,0.33333333333333337,0.6210673644495832,0.3407794391400947,0.0,0.0,1.0,0.6666666666666667,0.13347771571868228,1.0,0.1817330210772834,0.0,0.5979266185587966,0.8917096390321302,1.0,0.0,0.0,0.7160968983472944,0.5,0.5,0.33333333333333337,0.8571428571428572,1.0,0.44307527457808726,1.0,0.0,0.0,0.0,0.6406548300878196,0.0,0.0,0.0,0.0,0.6761474324008416,0.6666666666666667,0.0,0.24442817634618508,0.3528837257119358,0.4138114209827357,0.0,0.0,0.0,0.11111111111111116,0.0,0.3076923076923077,0.9326500732064422,0.0,0.8617234468937875,0.5,0.2823886639676113,0.0,0.9243645593935444,0.0,0.6149536810488838,0.0,0.6625239005736137,0.23367573426934385,0.0,0.33333333333333326,0.0,0.28757481153248543,0.16000000000000003,0.0,0.0,0.23255813953488347,0.0,0.16666666666666663,0.8,0.9144399791391846,0.0,0.0,0.0,0.0,0.0,0.0,0.0,0.7504825895071804,0.0,0.0,0.0,0.0,0.0,0.517241379310345,0.0,0.0,0.13637872142714902,0.0,0.0,0.0,0.0,0.5741935483870968,0.0,0.0,0.0,0.0,0.0,1.0,0.5,0.7326787512588117,0.6525514008735485,0.0,0.8214611872146118,0.0,0.0,0.0,0.0,0.9860340932429656,0.0,0.0,0.0,0.0,0.0,0.0,0.0,0.0,0.0,0.0,0.25,0.33333333333333326,0.0,0.7777777777777778,0.0,0.0,0.0,0.8832906679078427,0.0,0.3179863660199268,0.0,0.0,0.8181818181818181,0.0,0.10874439461883412,0.7356764564275398,0.0,0.9562700964630225,0.0,0.0,0.0,0.20259376095338222,0.6336147795338097,0.0,0.0,0.9258313998453209,0.0,0.0,0.314151190164792,0.2730573710965867,0.06493506493506473,0.12959719789842372,0.9129172714078374,0.0,0.7513593672763224,0.5,0.5,0.0,0.05695570112135029,0.0,1.0,0.5318066157760815,0.0,0.0,1.0,0.0,0.0,0.0,0.0,0.0,0.0,0.0,0.0,0.9410560785918952,0.0,0.33333333333333326,0.996242774566474,0.5238095238095237,1.0,0.552625307808404,0.5,0.0,0.0,0.7096774193548387,0.0,0.8687345712139101,0.0,0.6875,0.7786377708978328,0.2014299036369287,0.941747572815534,0.347408829174664,0.45833333333333337,0.34381091617933723,0.2727272727272728,0.0,0.0,0.5609408410548824,0.0,0.0,0.5,1.0,0.0,0.5,0.436156763590392,0.33333333333333337,0.6997167138810199,0.9287341360234298,0.9776504941599281,0.0,0.0,0.6393562545720556,1.0,0.8,0.0,0.0,0.8235294117647058,0.0,1.0,0.5,0.0,0.5,0.897879678119811,0.0,0.2857142857142857,0.0,0.0,0.8079284713993321,0.6470588235294118,0.0,0.0,0.8116926355040618,0.7532972667161699,0.1670611278870482,0.0,0.0,0.0,0.0,0.65,0.75,0.3225806451612905,1.0,0.0,0.2857142857142857,0.0,0.9153262244713537,0.0,0.6456874720691197,0.37038689172289085,0.16512059369202237,0.7260437375745527,0.0,0.5,0.0,0.34716267958241964,0.13636363636363646,0.0,0.0,0.0,0.0,0.1724137931034483,0.6666666666666666,0.8856953349546761,0.0,0.0,0.0,0.0,0.0,0.0,0.0,0.7449672823609003,0.0,0.0,0.0,0.0,0.0,0.5,0.0,0.0,0.6360099397808895,0.0,0.0,0.3290897517504774,1.0,0.8650982085042089,0.0,0.0,0.0,0.0,0.0,0.7128416323474355,0.6787504820671039,0.6149577500315299,0.9144421629021219,0.0,0.75,0.0,0.0,0.0,0.0,0.969081512376462,0.0,0.0,0.0,0.16000000000000003,0.0,0.0,0.0,0.3882552778451832,0.0,0.7706178489702518,0.0,0.0,0.0,0.6711986247851227,0.0,0.0,0.0,0.5543407523102956,0.0,0.0,0.4625,0.06889424733034788,0.0,0.0,0.14793901750423488,0.0,0.0,0.7698971304818625,0.10115606936416166,0.0,0.6666666666666667,0.0,0.3453597497393118,0.0,0.43619167717528373,0.6306377730796335,0.25,0.0,0.78098223615465,0.8005299927728258,0.0,0.0,0.8571428571428572,0.0,0.0,0.0,0.6,0.0,0.09862570735650766,0.5714285714285714,0.5282867728046461,0.35230160971476976,0.0,0.6525885558583107,1.0,0.33333333333333337,0.41176470588235303,0.0,0.0,0.2857142857142857,0.0,1.0,0.2794060179757717,0.75,0.0,0.5,0.6510385756676558,0.18887147335423227,0.0,0.051761322789359965,1.0,0.0,0.5,0.5853858784893268,0.5633333333333335,0.6325224071702945,0.0,0.0,0.48951048951048937,0.4654166666666667,1.0,0.6666666666666667,0.0,0.0,0.0,0.25,0.03508771929824561,0.0,1.0,0.0,0.0,0.0,0.5670103092783506,1.0,0.0,0.0,0.6127659574468085,0.36977441236788144,1.0,1.0,1.0,0.8508641975308642,0.0,0.0,1.0,1.0,0.16561514195583604,1.0,1.0,0.0,0.0,0.5,0.15380801269337574,0.0,0.0,0.5285797326099593,0.0,0.0,1.0,0.5733194009056078,0.2911084043848964,0.0,0.16840600428877772,0.0,0.0,1.0,0.5,0.5,0.29268292682926833,0.4736842105263157,0.0,0.7885714285714286,1.0,0.33333333333333326,0.0,0.8829268292682927,0.0,0.6268082486919052,0.0,0.0,0.0,0.6173828999787841,0.0,0.0,0.14939886340920117,0.33333333333333326,0.0,0.0,0.0,0.0,0.5,0.8571428571428571,0.8782783041748861,0.0,0.39705254164886816,0.0,0.0,0.0,0.0,0.0,0.9360762436076244,0.0,0.0,0.0,0.0,0.0,0.0,0.0,0.2420283892203251,0.5000384644972691,0.0,0.0,0.3303765030553911,qsampled
0.0,0.706499193362526,0.7369207772795217,0.8821793655811994,0.0,0.0,0.0,0.0,0.0,0.7788634003587275,0.0,0.0,0.0,0.0,1.0,0.0,0.0,0.0,0.0,0.0,0.0,0.0,0.25,0.0,0.005346380662303418,0.16751837905684042,0.0,0.0,0.2857142857142857,0.0,0.0,0.8854916774878999,0.0,0.0,0.0,0.0,0.0,0.0,0.0,0.3004725649776844,0.0,0.0,0.3641088572872303,0.3776066453231809,0.0,0.852291460600066,0.3815613201802459,0.0,0.33333333333333337,0.248379015620395,0.13094887284514511,0.0,0.7028985507246377,0.0,0.0,0.0,0.0,0.0,0.434961106309421,0.0,0.0,0.6126526082130965,0.40353460972017663,0.33333333333333337,0.4,0.0,0.0,0.5555555555555556,0.6965130348696513,0.26234596074851657,0.0,0.29561589694796153,1.0,0.0,0.4585987261146497,0.0,0.34749303621169925,0.3548387096774194,0.0,0.5714285714285714,0.0,0.37229987293519695,0.0,1.0,0.03267058713712312,0.7952769000498918,0.5,0.0,0.8,1.0,0.0,0.9578651685393258,0.11111111111111116,0.17391304347826086,0.584055459272097,1.0,0.284446764091858,0.30358685275264796,0.6838709677419356,0.11194029850746268,0.125,0.4789367015308891,0.012653516933383013,0.0,0.33479278327168394,0.5843752367962417,0.0,0.0,1.0,0.0,0.47390266680502247,1.0,0.07906244533846407,0.7777777777777778,0.0,0.0,0.532650448143406,0.375,0.6666666666666667,0.6455628813628732,0.5,0.5,0.33333333333333337,0.8571428571428572,1.0,0.10999451854558728,1.0,1.0,0.0,0.0,0.0,0.6118220597196831,0.9215225563909775,0.0,0.0,0.6656870302563115,0.0,0.0,0.5304015552725079,0.0,0.7291288831685485,0.0,0.7341772151898736,0.4444444444444444,0.0,0.0,0.0,1.0,0.5625,0.3323323323323324,0.5,0.0,0.0,0.0,0.0,0.0,0.0,0.6865437036152728,0.477890005145008,0.3616574409274589,1.0,0.0,0.0,0.0,0.0,0.0,0.5178777393310268,0.206896551724138,0.16666666666666663,0.0,0.5128782195548887,0.0,0.4387782539561347,0.0,0.0,0.0,0.0,0.9998371790100484,0.0,0.0,0.0,0.0,0.0,0.0,0.0,0.0,0.6339511373209772,0.25515961631686446,0.6666666666666667,0.0,0.13993367440465265,0.0,0.5741935483870968,0.8888888888888888,0.7916666666666666,0.0,0.8191340782122905,0.0,0.0,0.0,0.9510734929810074,0.0,0.0,0.0,0.0,1.0,0.0,0.0,0.0,0.0,0.0,0.0,0.0,0.0,0.0,0.0,0.0,0.0,0.0,0.0,0.33333333333333326,0.0,0.8291605301914581,0.0,0.0,0.0,0.0,0.0,0.0,0.0,0.0,0.0,0.0,0.0,0.20066445182724268,0.3999999999999999,0.6700743494423791,0.8116740088105727,0.23076923076923073,1.0,0.21969696969696972,0.0,0.0,0.2574558734023127,0.0,0.0,0.0,0.0,0.0,0.8,0.0,0.0,0.7920277296360485,0.0,0.5,0.5,0.0,0.05695570112135029,0.75,0.21052631578947367,0.0,0.0,0.8014423076923076,0.29999999999999993,0.0,0.6058201058201058,0.0,0.46727605118829985,0.10227272727272718,0.5457227138643068,0.8571428571428571,0.27134076940587315,0.3431763766959298,0.0,1.0,0.21881875105770865,0.6666666666666666,0.0,0.0,0.0,1.0,0.0,0.967741935483871,0.0,0.31618510688278145,0.5636653024101865,0.6875,0.0,0.12840646651270204,0.4077669902912622,0.4952015355086372,0.3460884353741498,0.5639781685870224,0.4545454545454546,0.75,0.0,0.7358490566037736,0.0,0.0,0.5,0.0,0.8435771358328211,0.0,0.2869888475836433,1.0,0.0,0.41002277904328,0.43935818782444547,0.375,1.0,0.5880115900036219,1.0,0.8,0.0,0.0,0.8235294117647058,0.23680649526387,1.0,1.0,0.0,0.5,0.0,0.0,0.7571428571428571,0.0,0.0,0.5984481086323958,0.0,0.0,0.0,0.0,0.7203119077272975,0.17159425024501795,0.6321752265861027,0.6363636363636364,0.0,0.0,0.0,0.875,0.0,0.5,0.0,0.0,0.0,0.0,0.0,0.0,0.0,0.805408583186361,0.0,0.563962453403596,1.0,0.0,0.0,0.0,0.0,0.0,0.0,0.375,0.1724137931034483,0.0,0.0,0.0,0.5684981799434454,0.0,0.0,0.0,0.0,1.0,0.0,0.0,0.0,0.0,0.0,0.0,0.0,0.0,0.8694397873336657,0.0,1.0,0.0,0.0,1.0,0.7743484224965707,0.75,0.8685337138779878,0.0,0.7142857142857143,0.0,0.0,0.0,0.7067113712564641,0.0,0.0,0.0,0.0,0.6666666666666667,0.0,0.0,0.0,0.0,0.0,0.0,0.0,0.33333333333333326,0.0,0.262496166819994,0.3864077669902912,0.0,0.0,0.0,0.0,0.0,0.909825327510917,0.0,0.0,0.0,0.0,0.0,0.0,0.19999999999999996,0.0,0.0,0.0,0.5292961069602831,0.3076923076923076,1.0,0.8700894593543368,0.1746641074856048,0.0,0.33333333333333337,0.37549473684210544,0.4736041711927004,0.0,0.4737704918032788,0.0,0.0,0.0,0.0,0.0,0.25,0.2857142857142857,0.0,0.331384015594542,0.43801652892561993,0.0,0.6,0.0,0.08591331269349867,0.5714285714285714,0.44385185185185183,0.319935691318328,0.0,0.1121047588629831,1.0,0.33333333333333337,1.0,0.0,1.0,1.0,0.0,0.0,0.1916844349680169,0.0,0.0,0.5,0.1367799113737077,0.489344262295082,1.0,0.5633770416379111,0.75,0.8488947542065325,0.5,0.6559934318555007,0.0,0.0,0.21504237288135586,0.0,0.5691756272401434,0.6818700114025086,1.0,0.0,1.0,0.2450175849941384,0.1986062717770034,0.25,0.0,0.816711590296496,1.0,0.0,1.0,0.0,0.057103064066852616,0.5,0.0,0.7142857142857142,0.06408345752608058,0.0,0.5,1.0,0.0,0.671866594943518,0.0,0.0,1.0,1.0,0.16561514195583604,0.32965517241379316,0.0,0.6666666666666666,0.0,0.5,0.09012753897024095,0.6666666666666666,1.0,0.5431814151445291,0.0,0.8470161556214969,0.0,0.6020230205790025,0.29220023282887087,0.3711467324290999,0.16840600428877772,0.0,0.013157894736842035,0.0,0.0,0.5,0.0,0.7368421052631579,0.6714285714285714,0.27323272438443214,1.0,0.0,0.0,0.0,0.0,0.0,0.04604569420035154,0.5729222748009407,0.6724137931034482,0.7051942902458366,0.33333333333333337,0.0,0.0,0.0,0.0,0.0,0.0,0.1428571428571428,0.5,0.0,0.0,0.0,0.22707822564680447,0.0,0.0,0.0,0.0,1.0,0.0,0.0,0.0,0.0,0.0,0.0,0.0,0.0,0.22150295524908536,0.7174927967211601,0.0,0.0,0.6654365459217089,qsampled
0.5714285714285714,0.0,0.0,0.686543625591407,0.75,0.0,0.0,0.0,0.0,0.0,0.0,0.0,0.0,0.0,0.0,0.0,0.0,0.0,0.9306951095062407,0.0,0.0,0.717948717948718,0.0,0.7498274331919929,0.8528319587225892,0.0,0.6089292610440419,0.0,0.0,0.0,0.0,0.0,0.0,0.0,0.0,0.9134180011043622,0.0,0.49993979167921,0.0,0.07069219440353447,0.5884244372990355,0.47916666666666663,0.3834903544190219,0.34700544464609806,0.0,0.0,0.2328183919231236,0.39622641509433965,0.0,0.8589157910765951,0.0,0.0,0.4390576988733357,0.44659228435484677,0.7435635992862605,0.0,0.9237612832002078,0.5312706816677697,0.11418803418803403,0.0,0.8921063070210233,0.881243063263041,0.7207207207207207,0.1428571428571429,0.4,0.0,0.0,0.5555555555555556,0.0,0.2501785134696528,0.1428571428571428,0.0,0.0,0.5714285714285714,0.9473684210526316,0.0,0.0,0.0,0.2666666666666666,0.0,0.15650060753341444,0.0,0.0,0.0,0.007740221672620673,0.8010759414487676,0.0,0.9002611405947266,0.0,0.887877534133223,0.6666666666666667,0.6379915730337079,0.0,0.6521739130434783,0.5867556468172486,0.0,0.7006053935057788,0.7607714985969524,0.5524156791248862,0.0,0.0,0.24659369005886633,0.40999637812386824,0.5,0.5318923375934979,0.0,0.0,0.0,1.0,0.6666666666666667,0.5169340463458109,1.0,0.0,0.11111111111111105,0.0,0.9370522006141249,0.0,0.375,0.0,0.0,0.0,0.5,0.33333333333333337,0.75,0.9090909090909091,0.36911898274296095,0.0,1.0,0.0,0.5,0.0,0.0,0.0,0.32052066529454315,0.41666666666666663,0.0,0.0,0.0,0.0,0.38820988304709725,0.33091521946215285,0.6541523341523341,1.0,0.4444444444444444,0.7777777777777778,0.8793103448275862,0.3076923076923077,0.5090180360721444,0.22079037800687273,0.8780918727915195,0.5,0.9006048838772309,0.0,0.0,0.0,0.0,0.7348730118122393,0.0,0.5763304956390035,0.5576846189157572,0.0,0.0,0.0,0.0,0.0,0.0,0.4115334207077326,0.206896551724138,0.0,0.0,0.6792237794547975,0.35996830290267245,0.1744245483443284,0.0,0.0,0.0,0.0,0.0,0.0,0.5132883927979562,0.0,0.0,0.6666666666666667,0.0,0.0,0.0,0.0,0.1507069499354241,0.0,0.8711039828922749,0.09394407439585539,0.0,0.0,0.0,0.7916666666666666,0.65,1.0,0.0,0.0,0.0,0.0,0.0,0.0,0.0,0.0,0.0,0.0,0.0,0.0,0.8794961430676336,0.0,0.0,0.7142857142857143,0.0,0.7919441801458929,0.8681318681318682,0.0,0.6206896551724137,0.0,0.25,0.33333333333333326,0.0,0.0,0.0,0.0,0.0,0.8667988107036669,0.0,0.0,0.0,0.3915929203539824,0.0,0.0,0.6663405088062622,0.32274081429990065,0.0,0.0,0.0,1.0,1.0,0.9872881355932204,0.0,0.0,0.2574558734023127,0.38295503211991433,0.7631652270827529,0.0,1.0,0.7961829312207418,0.6271186440677966,0.0,0.9337112952464021,1.0,0.7513593672763224,1.0,0.5,0.0,0.0,0.75,0.0,0.0043010752688174,0.0,0.13123236124176862,0.0,0.0,0.9642384105960264,0.0,0.0,0.4098360655737705,0.5457227138643068,0.0,0.2536082474226805,0.0,0.0,0.0,0.0,0.6666666666666666,1.0,0.9202298626667965,0.0,0.6825396825396826,1.0,0.6129032258064515,0.0,0.6712955122777307,0.6325602546612097,0.0625,0.09785932721712531,0.9260284810126582,0.5454545454545454,0.0,0.6296296296296295,0.0,0.2727272727272728,0.9166666666666666,0.980272523896685,0.0,0.0,0.0,0.5,1.0,0.7960396039603961,0.0,0.21682464454976313,0.0,0.0,0.7965779467680608,0.0,0.375,0.0,0.0,0.0,0.8,0.0,0.44999999999999996,0.3529411764705882,0.0,0.0,0.5,0.0,1.0,0.0,0.0,0.2857142857142857,0.8412371134020619,0.5555555555555556,0.0,0.0,0.0,0.3676617912242035,0.7613086296110833,0.7529261996534531,0.9440137109279361,0.9921953675730111,0.6363636363636364,0.8571428571428572,1.0,0.65,0.75,0.22666666666666668,1.0,0.0,0.8997772828507795,0.0,0.0,0.0,0.0,0.5379211854528143,0.0,0.8199398928524761,0.5437613590278925,0.0,0.0,0.0,0.0,0.0,0.0,0.0,0.375,0.0,0.0,0.6240961104204197,0.0,0.6967554334994346,0.0,0.0,0.0,0.0,0.0,0.0,0.5827424878213476,0.0,0.0,0.5,0.0,0.0,0.0,0.0,0.0,0.0,0.4171806167400881,0.0,1.0,0.0,0.0,0.6071893921974401,1.0,0.0,0.0,0.0,0.0,0.0,0.0,0.0,0.0,0.0,0.0,0.0,0.0,0.0,0.7463632810803769,0.0,0.0,0.881578947368421,0.0,0.8032319391634981,0.7561260210035006,0.3555982519590115,0.6034297963558414,0.0,0.0,0.0,0.0,0.0,0.0,0.0,0.0,0.4489132642697542,0.0,0.9694415173867229,0.19999999999999996,0.863456577815993,0.0,0.0,0.0,0.7692307692307692,0.0,0.8164591229020033,0.0,1.0,0.0,0.8828042726041824,0.0,0.0,0.4737704918032788,0.14216626365379792,0.0,0.0,0.6564019448946514,0.2927525883612996,0.4736842105263157,0.2857142857142857,0.8571428571428572,0.6087314662273476,0.0,0.44217687074829926,0.6,0.0,0.0,0.5714285714285714,0.0,0.34248175182481755,0.19999999999999996,0.0,1.0,0.0,0.9411764705882353,0.0,0.0,0.2857142857142857,0.0,1.0,0.2094994087504929,0.0,0.0,0.5,0.4449039881831611,0.7572362278244631,0.0,0.23767798466593637,0.0,0.45559334845049126,0.5,0.4441707717569786,0.631578947368421,0.17389138016940708,0.0586419753086419,0.0,0.0,0.2046757829730923,0.0,0.0,0.0,0.0,0.0,0.25,1.0,0.0,1.0,0.0,1.0,0.0,0.07196710075394097,1.0,0.19999999999999996,0.2857142857142857,0.25177304964539005,0.3507450980392156,0.0,1.0,1.0,0.0,0.0,0.0,1.0,0.0,0.2570977917981073,0.9581005586592178,1.0,0.0,0.0,0.5,0.0,0.0,0.0,0.0,1.0,0.3254571604684612,0.0,0.5733194009056078,0.0,0.0,0.3440607734806629,0.3818661043753294,1.0,0.0,0.5,0.0,0.29268292682926833,0.4375,0.3784090909090909,0.8294930875576036,1.0,0.6923076923076923,0.0,0.0,0.0,0.0,0.0,0.5357908569057335,1.0,0.6955798783050413,1.0,0.0,0.0,0.0,0.0,0.0,0.0,0.1428571428571428,0.0,0.0,0.683345554244907,0.6992833876221498,0.0,0.0,0.0,0.0,0.0,0.0,0.0,0.6736254295532647,0.0,0.0,1.0,0.0,0.0,0.0,0.0,0.4998995176848875,0.0,0.7656992949663879,0.0,qsampled
0.0,0.0,0.8106508875739645,0.0,0.0,0.7941176470588235,0.0,0.0,0.8541070082893745,0.0,0.0,0.0,0.0,0.0,0.0,0.0,0.0,0.0,0.9273599776522936,0.0,0.0,0.0,0.25,0.75,0.0,0.0,0.0,0.0,0.2857142857142857,0.0,0.0,0.0,0.0,0.0,0.0,0.0,0.360116873630387,0.3051528331521083,0.0,0.27264150943396226,0.0,0.0,0.22718707940780614,0.3941923774954629,0.0,0.0,0.5096295188977753,0.0,0.33333333333333337,0.13978985838282298,0.38675237773016047,0.0,0.7350781998084903,0.0,0.7588138953538488,0.0,0.0,0.5987124463519313,0.11418803418803403,0.0,0.39255884586180734,0.3719939117199391,0.0,0.33333333333333337,0.0,0.0,0.4885496183206107,0.22222222222222232,0.0,0.5762081784386617,0.5714285714285714,0.33603896103896114,1.0,0.5714285714285714,0.6666666666666667,0.0,0.0,0.3548387096774194,0.0,0.0,0.0,0.8469872365687148,0.6428571428571428,0.18181818181818188,0.8403952890212536,0.007769353177946359,0.0,0.0,0.0,0.0,0.33333333333333337,0.7222612359550562,0.0,0.0,0.5867556468172486,0.5,0.9801871216290589,0.2822670764073195,0.0,0.8301533857089413,0.125,0.23053000727850181,0.0,0.33333333333333337,0.6087522066338382,0.0,0.0,0.0,1.0,0.6666666666666667,0.5129101944244419,1.0,0.0,0.0,0.0,0.7237215909090908,0.0,0.0,0.0,0.0,0.0,0.625,0.33333333333333337,0.0,0.9090909090909091,0.10378220354467393,1.0,0.0,0.0,0.0,0.913341606211022,0.39334365325077403,0.5286654135338346,0.4689183588893495,0.7222222222222222,0.0,0.6666666666666667,0.6843730697961704,0.0,0.3528837257119358,0.4384113724628125,0.2614635136506648,0.8871532453541611,0.4444444444444444,0.0,0.0,0.1923076923076923,0.0,0.0,0.4801247077162899,0.5,0.8991287366681688,0.0,0.0,0.0,0.0,0.0,1.0,0.23367573426934385,0.6503166738005934,0.33333333333333326,0.0,0.0,1.0,0.0,0.0,0.3791250959324636,0.206896551724138,0.5714285714285714,0.8,0.9144309256121977,0.3683856200350073,0.5595590654820666,0.0,0.0,0.0,0.0,0.0,0.0,0.0,0.0,0.0,0.0,0.0,0.0,0.0,0.0,0.0,0.6666666666666667,0.0,0.0,0.0,0.0,0.8888888888888888,0.0,0.0,0.875,0.0,0.0,0.5945945945945946,0.0,0.0,0.0,0.0,0.0,0.0,0.0,0.0,0.0,0.9001801098018792,0.0,0.0,0.0,0.0,0.7919441801458929,0.0,0.0,0.0,0.0,0.0,0.0,0.0,0.0,0.0,0.0,0.0,0.0,0.5087719298245614,0.3179863660199268,0.0,0.0,0.37130339539978097,0.12343558282208589,0.0004892367906065287,0.21350546176762653,0.0,0.05996649916247909,0.8613214039917412,0.0,1.0,0.0,0.6571428571428571,1.0,0.7553256238587949,0.0,0.7468471810089021,0.0,0.0,0.2730573710965867,0.0,0.2571428571428571,0.7319453480806766,1.0,0.0,0.5,1.0,0.0,0.8410270417918602,0.0,0.33333333333333326,1.0,0.5,0.0,1.0,0.11111111111111105,0.6297608503100088,0.0,0.0,0.8524590163934427,1.0,0.0,0.0,0.8042584434654919,0.625,0.0,0.9950343773873186,0.0,1.0,0.0,0.0,0.0,1.0,0.7096774193548387,0.0,0.0,0.0,0.0,0.9703832752613241,0.5790723444673105,0.5454545454545454,1.0,0.3460884353741498,0.3317904993909867,0.4545454545454546,0.0,0.0,0.5,0.0,0.0,0.5,1.0,0.8370549185274593,0.5,0.5208333333333335,0.33333333333333337,0.35694050991501425,0.0,0.0,0.0,0.0,0.0,0.0,0.8,0.0,0.0,0.3529411764705882,0.7,1.0,0.5,0.0,0.0,1.0,1.0,0.0,0.0,0.7777777777777778,0.0,0.6470588235294118,0.4679459223724378,0.3658682634730538,0.7627118644067796,0.5157069539225085,0.0,0.7513043478260869,0.6363636363636364,0.0,0.0,0.0,0.0,0.6875,1.0,0.0,0.9151434951616906,0.0,0.0,0.0,0.0,0.0,1.0,1.0,0.5295653555940696,0.5,0.0,0.0,0.0,0.0,0.0,0.0,0.375,0.6428571428571428,0.6666666666666666,0.8850039079828471,0.5381348734499745,0.9616166505324298,0.0,0.0,0.0,0.0,0.0,0.0,0.0,0.0,0.0,0.0,0.0,0.0,0.0,0.0,0.776486983116899,1.0,0.0,0.0,1.0,0.0,1.0,0.0,0.0,0.7142857142857143,0.0,0.0,0.8538071065989847,0.0,0.0,0.0,0.0,0.0,0.0,0.0,0.0,0.0,0.8659120191422787,0.0,0.0,0.0,0.33333333333333326,0.7791257268899138,0.0,0.4034021871202915,0.0,0.0,0.0,0.0,0.0,0.0,0.0,0.0,0.0,0.0,1.0,0.0,0.19999999999999996,0.0,0.0,0.5348516218081434,0.5174069627851141,0.3076923076923076,0.0,0.8164591229020033,0.0,0.0,0.33333333333333337,0.4405059337913805,0.425225003082234,0.0,0.4737704918032788,0.0,0.0,0.0,0.0,0.6818993216708318,0.7254901960784315,0.0,0.1428571428571428,0.5887594242631939,0.08333333333333326,0.0,0.0,0.0,0.7811244979919679,0.5714285714285714,0.0,0.6649350649350649,0.6,0.6525885558583107,1.0,0.0,0.0,0.0,0.0,1.0,0.0,1.0,0.4000844951415292,0.0,0.0,0.5,0.6556368960468522,0.18981805458362488,0.0,0.0,0.0,0.0,0.0,0.5804597701149425,0.0,0.42800199302441466,0.0586419753086419,0.33333333333333337,0.0,0.0,0.0,0.3157894736842106,0.0,0.0,0.8714285714285714,0.25,0.24418604651162779,0.03183023872679047,1.0,0.0,1.0,0.0,0.05685618729096986,1.0,0.0,0.0,0.1910569105691058,0.03968627450980389,0.56,1.0,1.0,0.0,0.0,0.33333333333333337,1.0,1.0,0.2570977917981073,0.32965517241379316,1.0,0.0,0.0,1.0,0.7081049899048169,0.26923076923076916,0.6471774193548385,0.8179579632398206,0.5555555555555556,0.3560033585222502,1.0,1.0,0.0,0.0,0.9287111497500543,0.6621649484536081,0.20000000000000007,0.0,0.0,0.5,0.41463414634146345,0.0,0.0,0.3767029972752043,1.0,0.33333333333333326,0.0,0.0,0.0,0.0,0.04166666666666674,0.9369250985545335,0.0,0.8080251770259638,0.0,1.0,0.0,0.0,0.0,0.0,0.0,0.7,0.0,0.8571428571428571,0.8607172643869891,0.6992833876221498,0.548359547363177,0.0,0.0,0.0,0.0,0.0,0.0,0.0,0.0,0.0,0.0,0.0,0.5,0.0,0.2420283892203251,0.032282212033311386,0.0,0.0,0.0,qsampled
0.5714285714285714,0.0,0.0,0.0,0.0,0.0,0.0,0.7777389684480149,0.5694080670508119,0.0,0.0,0.0,0.0,0.0,0.0,0.0,0.0,0.0,0.0,0.0,0.0,0.4813404417364813,0.33333333333333326,0.0,0.0,0.0,0.6093540005375863,0.0,0.0,0.0,0.0,0.0,0.5265921348715934,0.0,0.0,0.0,0.0,0.6845941468801768,0.8840434658278524,0.6840861344537815,0.6372106041824943,0.3846153846153846,0.0,0.0,0.0,0.46933728981206735,0.041756659467242496,0.0,0.6666666666666667,0.0,0.30235050631975746,0.0,0.7028985507246377,0.42380300957592343,0.0,0.4423753092850632,0.9113861926055186,0.47873375187903455,0.3515901060070671,0.0,0.0,0.0,0.5596465390279823,0.8571428571428572,0.0,0.0,0.0,0.0,0.9236401673640168,0.5769881556683589,0.0,0.0,1.0,0.0,0.0,0.0,0.0,0.0,1.0,0.0,0.4087942916387144,0.0,0.0,0.0,0.8827767456613349,0.0,0.5,0.6570545829042225,0.625,0.0,0.6666666666666667,0.0,0.5,0.7647058823529411,1.0,0.0,0.0,0.6645955779457038,0.36797326040717104,0.6437549096622153,0.0,0.4789367015308891,0.012653516933383013,0.33333333333333337,0.06867951982539078,0.6379333603129638,0.0,0.0,0.0,0.0,0.5544941380807642,1.0,0.0,0.11111111111111105,0.17463933181473046,0.33288590604026846,0.6209987195902689,0.0,0.0,0.6157003851611595,0.0,0.0,0.0,0.8571428571428572,1.0,0.11080835603996375,1.0,0.0,0.9285714285714286,0.0,0.03521126760563398,0.5638892338259034,0.5702356099015806,0.0,0.7222222222222222,0.36171236171236165,0.6666666666666667,0.5521807799781315,0.0,0.5497395187298437,0.3652173913043478,0.48151844935282373,0.026929260450160752,0.9090909090909091,0.11111111111111116,0.7916666666666666,0.3076923076923077,1.0,0.0,0.9033613445378151,0.0,0.0,0.0,0.0,0.0,0.6200590547969789,0.4421004356798901,0.7184129246851984,0.0,0.36122472701911423,0.0,0.0,0.6918259954120797,0.72,0.0,0.0,0.0,0.206896551724138,0.0,0.7,0.567687777986594,0.7881823780407338,0.0,0.0,0.0,0.0,0.0,0.0,0.5602727705768797,0.474746546385193,0.0,0.0,0.0,0.0,0.0,0.0,0.5726194654766084,0.2636904099572399,0.0,0.7461316515166989,0.6723502240984662,0.0,0.0,0.0,0.0,0.0,0.0,0.0,0.5212121212121212,1.0,0.0,0.0,0.0,0.0,0.0,0.0,0.0,0.0,0.0,0.0,0.0,0.0,0.7142857142857143,0.0,0.0,0.4098360655737705,0.0,0.6206896551724137,0.21212121212121204,0.0,0.33333333333333326,0.0,0.0,0.8655913978494624,0.0,0.0,0.0,0.0,0.7551020408163265,0.9087221095334685,0.957680250783699,0.717948717948718,0.7174203113417346,0.6152705707931801,0.0,0.3999999999999999,0.7931596091205212,0.0,0.0,1.0,0.0,0.61369301994302,0.0,0.7692307692307692,0.304244059354571,0.0,0.7821782178217822,1.0,0.43849136411702505,1.0,0.0,0.0,0.0,0.8493611297915266,0.75,1.0,0.0,0.05695570112135029,0.5,1.0,0.0,0.0,0.1408918406072106,1.0,0.0,0.2847682119205297,0.0,0.0,0.0,0.48677884615384603,0.0,0.7289135716765012,0.0,0.0,1.0,1.0,1.0,0.0,0.564085881587508,0.5,0.0,1.0,0.0,1.0,0.8944281524926686,0.9047619047619048,0.0,0.5824,0.0,0.2799352750809063,0.9424920127795527,0.6296296296296295,0.5651644336175395,0.4545454545454546,0.0,0.5564368517388651,0.8135818908122503,0.0,0.0,0.0,0.0,0.8907692307692308,0.0,0.0,0.0,0.8789376158122297,0.0,0.8971212836243511,0.0,0.0,0.6573705179282869,0.0,0.0,0.0,0.0,0.8823529411764706,0.2794263105835805,1.0,0.5,1.0,1.0,0.0,1.0,0.0,0.1504664970313826,0.7777777777777778,0.0,0.6470588235294118,0.7023346303501945,0.2803889789303079,0.21194029850746254,0.5274356103023516,0.0,0.0,0.9090909090909091,0.0,1.0,0.65,0.875,0.5846153846153846,1.0,1.0,0.0,0.0,0.0,0.0,0.764373232799246,0.0,0.16233766233766234,0.2021060410123776,0.5424478713668781,0.0,0.0,0.8694734430736002,0.6818181818181819,0.0,0.0,0.7908954477238619,0.375,0.0,1.0,0.0,0.824625502374863,0.0,0.0,0.0,0.0,0.0,0.0,0.6352281292520336,0.15198548679701673,0.0,0.0,0.0,0.0,0.0,0.0,0.8659299305665977,0.0,0.0,0.7227583292244841,0.7498409813721036,1.0,0.0,0.0,0.0,0.0,0.0,0.0,0.23096393165998752,0.6543036193886687,0.0,0.0,0.0,0.0,0.0,0.0,0.0,0.0,0.0,0.0,0.0,0.0,0.0,0.0,0.0,0.0,0.3555982519590115,0.6207502930832356,0.0,0.5454545454545454,0.0,0.0,0.0,0.501257183908046,0.0,0.0,0.0,0.0,0.9629213483146067,0.29999999999999993,0.35067171891147075,0.4867342957471713,0.6626506024096386,0.0,0.15384615384615385,1.0,0.31271878646441076,0.0,0.0,0.6666666666666667,0.0,0.3600912448403214,0.0,0.47295266716754325,0.08803501945525294,0.0,0.4151888974556669,0.5499787324542748,0.5699831365935919,0.0,0.2857142857142857,0.0,0.0,0.2455608488523171,1.0,0.0,0.0,0.0,0.0,0.8136792452830188,0.3874037154508383,0.0,0.0,1.0,0.33333333333333337,1.0,0.0,0.0,0.5,0.0,1.0,0.0,0.0,0.0,0.5,0.6525849335302807,0.0,1.0,0.961941008563273,0.0,0.0,0.5,0.04081632653061229,0.26315789473684215,0.849785407725322,0.0,1.0,0.0,0.8588709677419355,0.0,0.5986277873070327,0.0,0.31053952321204514,0.1986062717770034,0.25,0.34426229508196726,0.0746268656716419,1.0,0.0,0.0,0.0,0.3708248125426039,0.5,0.0014084507042254613,0.2857142857142857,0.0,0.43805473372781056,0.75,1.0,1.0,0.8985431841831426,0.0,0.0,0.0,1.0,0.0,0.3798882681564246,0.5,0.0,0.5,0.0,0.2156739811912226,0.8666666666666667,0.558599695585997,0.0,1.0,0.25801952580195264,1.0,0.0,0.0,0.6812652068126521,0.0,0.6492070116861437,0.0,1.0,0.5,0.0,0.29268292682926833,0.9375,0.0,0.8836772983114447,0.0,0.0,0.0,0.0,0.0,0.6268082486919052,0.0,0.4699345698372357,0.4482758620689654,0.6986122874454362,1.0,0.0,0.46844291062236787,1.0,0.0,0.0,0.8715679190751445,0.7,0.0,0.5714285714285714,0.0,0.7916875312969454,0.0,0.0,0.0,0.0,0.0,0.0,0.9360762436076244,0.35203030243557787,0.0,0.0,0.0,0.0,0.0,0.0,0.7396792006310807,0.6942975733255257,0.0,0.6616876438611097,0.5862134112549751,qsampled
0.0,0.7065637065637065,0.0,0.0,0.0,0.6666666666666667,0.0,0.0,0.0,0.0,0.0,0.0,0.0,0.0,0.0,0.0,0.0,0.0,0.6601503605165181,0.0,0.0,0.0,0.0,0.75,0.0,0.0,0.0,0.0,0.2857142857142857,0.0,0.7873949579831933,0.0,0.0,0.0,0.0,0.0,0.42666666666666664,0.2655097613882864,0.0,0.9177427068388331,0.0,0.8461538461538461,0.0,0.3776066453231809,0.0,0.0,0.2175418487475227,0.5,0.33333333333333337,0.28669684833710596,0.31745866423642743,0.0,0.0,0.4179951559845281,0.0,0.7354727585894298,0.0,0.6254280050459542,0.11418803418803403,0.1489795918367347,0.0,0.7377643504531722,0.0,0.0,0.4,1.0,0.8540211759405272,0.0,0.0,0.0,0.5714285714285714,0.0,0.6000000000000001,1.0,0.13559322033898313,0.0,0.36186650185414093,0.0,0.0,0.0,0.49971509971509975,0.7852794687327062,0.0,0.18181818181818188,0.09670493792588453,0.3348958733574119,0.0,0.0,0.5714285714285714,0.0,0.0,0.0,0.0,0.5294117647058824,0.5658248253627083,1.0,0.5438413361169102,0.0,0.0,0.0,0.0,0.2536444574894825,0.2084115659031167,0.5,0.6677902328133574,0.6929123000551572,0.0,0.0,1.0,0.0,0.7062423500611995,0.11111111111111116,0.0,0.4444444444444444,0.5303324808184143,0.9086882453151618,0.0,1.0,0.0,0.6245752175714878,0.0,0.0,0.6666666666666667,0.29999999999999993,1.0,0.09355015530787525,0.7179487179487178,0.25,0.0,0.0,0.5546685915672371,0.39893048128342257,0.5286654135338346,0.6293821694505937,0.0,0.9000437445319335,0.6666666666666667,0.6839175257731959,0.916640415813514,0.0,0.6623739837398375,0.0,0.04721549636803879,1.0,0.0,0.0,0.1923076923076923,0.43483275663206467,0.0,0.5006495193556768,0.5,0.0,0.0,0.0,0.0,0.0,0.4421004356798901,1.0,0.4755948996995045,0.0,0.9850746268656716,0.0,0.0,1.0,0.9641066401722139,0.0,0.5105670642393805,0.0,0.5714285714285714,0.7,0.0,0.5699966164777535,0.8526771566627143,0.0,0.0,0.0,0.0,0.0,0.0,0.0,0.0,0.0,0.6666666666666667,0.0,0.0,0.0,0.0,0.24859622630444678,0.0,0.49445880299319356,0.5534753000993727,0.0,0.5741935483870968,0.0,0.0,0.0,0.0,0.0,0.0,0.0,0.0,0.0,0.0,0.0,0.0,0.0,0.0,0.0,0.0,0.889615642406453,0.0,0.0,0.0,0.0,0.7940379403794038,0.4098360655737705,0.0,0.0,0.0,0.25,0.0,0.6930299747201156,0.0,0.0,0.0,0.0,0.0,0.5087719298245614,0.0,0.0,0.8628318584070797,0.0,0.9184581171237954,0.0,0.198267244251916,0.0,0.0,0.0,0.0,0.0,0.26828563168545816,0.0,0.0,0.0,0.23717155041959015,0.0,0.9743589743589743,0.0,0.20549876630243213,0.0,0.0,0.0,1.0,0.17888365837256237,0.5,0.5,0.0,0.9485955368047074,0.5,0.0,0.04301075268817223,0.5,0.14632983794089605,1.0,1.0,0.5897435897435898,0.0,0.5044285111767188,0.0,0.0,0.0,0.7289135716765012,0.8191196698762035,0.0,0.09999999999999998,0.2215050110412773,0.5238095238095237,1.0,0.0,0.5,0.0,0.0,0.0,0.0,0.0,0.0,0.8125,0.300332778702163,0.0,0.0,0.5,0.0,0.4687500000000001,0.2727272727272728,0.9166666666666666,0.5446410412853366,0.8132088058705804,0.0,0.0,0.5,0.0,0.8339587242026266,0.0,0.6426116838487973,0.6666666666666667,0.8842478842478843,0.5087585681645088,0.0,0.0,0.0,0.5839469808541974,0.0,0.0,1.0,0.44999999999999996,0.8235294117647058,0.2794263105835805,0.7,0.0,0.0,0.5,0.5435663627152989,1.0,0.0,0.7656726533378515,0.0,0.7103293413173652,0.6470588235294118,0.5073313782991202,0.23906810035842285,0.0,0.0,0.09798994974874387,0.0,0.6363636363636364,0.0,0.0,0.0,0.75,0.52,1.0,0.0,0.0,0.0,0.0,0.0,0.0,0.30843251456064813,1.0,0.0,0.0,0.9850746268656716,0.0,0.0,0.13636363636363646,0.9686726987335946,0.0,0.0,0.0,0.6428571428571428,1.0,0.0,0.8272801420141054,0.9550645946451976,0.0,0.0,0.0,0.0,0.0,0.0,0.0,0.0,0.0,0.5,0.0,0.0,0.0,0.0,0.9037453599220591,0.0,0.47975573459229237,0.4263085399449037,1.0,0.8152337858220211,0.0,0.0,0.0,0.0,0.0,0.0,0.0,0.0,0.0,0.0,0.0,0.0,0.0,0.0,0.0,0.0,0.902705303282632,0.0,0.0,0.0,0.0,0.8032319391634981,0.0,0.3608849690939243,0.0,0.0,0.0,0.0,0.8676743569345001,0.0,0.0,0.0,0.0,0.0,1.0,0.5725446428571428,0.0,0.5790197764402407,0.0,0.9537612146307799,0.22178529296106964,0.3076923076923076,0.0,0.0,0.3318965517241381,0.75,0.6666666666666667,0.3694504043571545,0.5467144563918758,0.0,0.9333333333333333,0.13476123010250862,0.0,0.7671957671957672,0.0,0.6780487804878049,0.4736842105263157,0.2857142857142856,0.0,0.8610932475884244,0.0,0.0,0.6,0.0,1.0,0.0,0.0,0.0,0.6,0.0,0.0,0.33333333333333337,0.41176470588235303,0.0,1.0,0.5,0.0,1.0,0.27543035993740217,0.0,0.0,0.5,0.5236051502145923,0.4276030368763557,0.0,0.0,0.375,0.0,0.5,0.08087027914614131,0.631578947368421,0.42800199302441466,0.0,1.0,0.5257192676547515,0.4550164861045689,0.23529411764705876,0.0,0.0,0.0,0.5714285714285714,0.25,0.813953488372093,0.7,1.0,0.0,0.8333333333333334,0.0,0.15909090909090917,1.0,0.0,0.4285714285714285,0.028428093645485042,0.5875634517766497,0.56,1.0,1.0,0.6724795640326976,0.0,0.0,0.0,0.0,0.16561514195583604,0.262582056892779,0.5,0.6666666666666666,0.0,0.5,0.22214580467675382,0.26923076923076916,0.6463414634146342,0.8263631976837702,0.44444444444444453,0.43387589013224825,1.0,1.0,0.9467756403867238,0.0,0.5950679056468906,0.0,0.0,0.0,0.0,0.5,0.41463414634146345,0.4375,0.0,0.23024523160762944,1.0,0.0,0.0,0.0,0.0,0.0,0.0,0.9170784997138844,0.6724137931034482,0.0,0.5,1.0,0.0,0.33333333333333326,0.9809195938849341,0.0,0.0,0.0,0.0,0.5714285714285714,0.0,0.8069339314082796,0.8069560980066698,0.0,0.0,0.0,0.0,0.0,0.0,0.0,0.0,0.0,1.0,0.0,0.0,0.0,0.21505791505791483,0.0,0.0,0.7293833580980683,0.588749807926433,qsampled
0.0,0.706499193362526,0.0,0.0,0.0,0.0,0.0,0.7777389684480149,0.0,0.0,0.0,0.0,0.0,0.0,0.0,0.0,0.0,0.0,0.0,0.0,0.8328057553956835,0.0,0.0,0.0,0.005346380662303418,0.0,0.0,0.0,0.8571428571428572,0.0,0.8013997362815701,0.0,0.0,0.0,0.0,0.0,0.6976744186046512,0.8580814717477003,0.0,0.6856617647058824,0.41811946270362965,0.3846153846153846,0.2591496426766766,1.0,0.8481012658227848,0.0,0.16380371530886262,0.39622641509433965,0.33333333333333337,0.0,0.2790619679067128,0.0,0.6956521739130435,0.8367155854993995,0.0,0.8036741351188943,0.0,0.9180490443562929,0.14787510841283613,0.0,0.3537794299876085,0.10063694267515932,0.3334141022534528,1.0,0.8,0.0,0.16952016219869337,0.0,0.0,0.0,0.0,0.32387609649122806,0.0,0.5714285714285714,0.0,0.0,0.7354758961681088,0.3548387096774194,0.0,0.0,0.41796970437332015,0.0,0.0,0.0,0.0,0.7237706775436211,0.5,0.14150602409638546,0.625,0.0,0.0,0.40161725067385456,0.11111111111111116,0.0,0.5407279029462738,0.2666666666666666,0.2809822361546499,0.0,0.6453965360072926,0.0,0.0,0.831120137478519,0.275540765391015,0.8333333333333334,0.0,0.6810184351167957,0.75,0.0,0.19999999999999996,0.0,0.8063607085346216,0.0,0.0,0.33333333333333326,0.83810759556842,0.6365834004834809,0.532650448143406,1.0,0.6666666666666667,0.6245752175714878,0.0,0.625,0.33333333333333337,0.0,0.0,0.09976247030878882,0.0,1.0,0.4285714285714285,0.0,0.3165411412323921,0.6007449450159632,0.5286654135338346,0.0,0.0,0.0,0.8333333333333334,0.03409808461376562,0.5304963924338613,0.7769465809714466,0.0,0.0,0.8748733535967579,0.0,0.11111111111111116,0.0,0.1923076923076923,0.5827232796486091,0.0,0.0,0.0,0.0,0.0,0.0,0.0,0.0,0.4010992882813049,0.9941420229798456,0.4755948996995045,0.9256398193451261,0.33333333333333326,0.0,0.0,0.84,0.0,0.0,0.5104602510460253,0.206896551724138,0.6666666666666667,0.0,0.5128782195548887,0.0,0.47881188627338933,0.0,0.0,0.0,0.0,0.0,0.0,0.0,0.9540310911586837,0.0,0.0,0.0,0.7103448275862069,0.0,0.3510794823289193,0.0,0.6666666666666667,0.7502550896457898,0.6982095588652966,0.0,0.5741935483870968,0.0,0.0,0.0,0.845108695652174,0.0,0.5212121212121212,0.0,0.0,0.0,0.0,0.0,0.0,0.0,0.0,0.0,0.0,0.0,0.0,0.9689174705251876,0.0,0.0,0.0,0.0,0.0,0.0,0.0,0.0,0.0,0.6977832011389059,0.0,0.0,0.0,0.0,0.0,0.5087719298245614,0.8187766432041241,0.0,0.8330341113105925,0.4472984942426924,0.7174203113417346,0.6966192170818506,0.42019326891036324,0.3999999999999999,0.0,0.0,0.0,0.0,0.0,0.0,0.0,0.0,0.9257337566793155,0.0,0.9700214132762313,0.0,0.913074972835929,0.0,0.0,0.69374492282697,0.6696428571428572,0.0,1.0,1.0,0.0,0.0,0.5,0.0,0.5149253731343284,0.0,0.8259013282732448,0.0,0.6666666666666667,0.2691117984975694,0.0,0.6874115983026874,0.125,0.0,0.0,0.740814451928965,0.0,0.0,0.0,0.0,1.0,0.0,0.4600923482849605,0.5,0.0,0.0,0.19354838709677402,0.0,0.0,0.0,0.0625,0.0,0.4248753857108948,0.4077669902912622,0.1542056074766356,0.0,1.0,0.2727272727272728,0.08333333333333337,0.11917836078909905,0.7873671044402752,1.0,0.0,0.0,0.0,0.8554834301332422,0.0,0.2869888475836433,0.33333333333333337,0.9579579579579579,0.24113475177304955,0.2776572668112799,0.0,1.0,0.6036478428621537,0.0,0.8,0.0,0.0,0.3529411764705882,0.49407582938388617,0.0,0.5,0.33333333333333326,0.0,0.6644450680510733,1.0,0.0,0.12174069411976263,0.0,0.0,0.8823529411764706,0.7962170682278766,0.8965424095083738,1.0,0.0,0.1670611278870482,0.7513043478260869,0.0,0.0,0.0,0.0,0.25,0.6009852216748769,0.0,1.0,0.0,0.0,0.0,0.0,0.0,0.37038689172289085,0.9864592336502449,0.0,0.7817907356812256,0.5,0.0,0.0,0.9545454545454546,0.0,0.0,0.0,0.375,0.6551724137931034,0.0,0.025463390196957425,0.0,0.3718973231807833,0.0,0.0,0.0,0.0,0.0,0.0,0.0,0.9259259259259259,0.0,0.0,0.0,0.5,0.0,0.7821854279253383,0.7887385305960789,1.0,0.7526200498238983,0.580844553243574,1.0,0.8101670814077497,0.0,0.0,0.0,0.7142857142857143,0.0,0.30114551637730447,0.0,0.0,0.0,0.0,0.0,0.0,0.0,0.0,0.0,0.0,0.0,0.0,0.7919161676646707,0.0,0.0,0.0,0.262496166819994,0.3882552778451832,0.0,0.0,0.5454545454545454,0.0,0.8681181181181181,0.0,0.0,0.0,0.0,0.0,1.0,0.9353169469598965,0.19999999999999996,0.5790197764402407,0.36482449589245725,0.018167137666532218,0.0,0.7692307692307692,0.6363636363636364,0.75,0.18526031102096008,1.0,0.6666666666666667,0.0,0.5467144563918758,0.0,0.43619167717528373,0.5492075664621678,0.25,0.6385110952040086,0.0,0.8650481970724742,0.43028846153846145,0.2857142857142857,0.1428571428571428,0.2631578947368419,0.3181667220192629,0.44217687074829926,0.8,0.0,0.134344528710726,0.0,0.0,0.0,0.0,0.1121047588629831,1.0,0.0,0.0,0.0,1.0,0.4736842105263158,0.0,1.0,0.0,0.0,0.0,0.0,0.37966101694915244,0.4575740318906605,1.0,0.0,0.375,0.0,0.5,0.0,0.0,0.42800199302441466,0.060381355932203506,0.0,0.5691756272401434,0.0,0.7058823529411765,0.0,0.625,0.44013981939994173,0.5714285714285714,0.75,0.8333333333333334,0.17115902964959573,0.0,0.0,0.44444444444444453,0.0,0.6507936507936508,0.5,0.0,0.4285714285714285,0.6974664679582713,0.09995116392642034,0.88,1.0,0.0,0.6724795640326976,0.0,0.33333333333333337,1.0,1.0,0.2570977917981073,0.32965517241379316,1.0,0.0,1.0,1.0,0.0,0.26923076923076916,0.6500843170320405,0.0,0.44444444444444453,0.3721494420184376,0.0,0.0,0.3273822327382234,0.49586776859504145,0.6190163934426229,0.301746956061408,0.19999999999999996,1.0,0.5,0.5,0.41463414634146345,0.26315789473684204,0.0,0.11714285714285722,0.0,0.0,0.0,0.0,0.0,0.0,0.0,0.0,0.6724137931034482,0.12328566547903763,0.0,0.0,0.0,0.0,0.0,0.0,0.0,0.1428571428571428,1.0,0.0,0.0,0.0,0.47021204346513734,0.0,0.0,0.0,0.0,0.0,0.0,0.0,1.0,0.0,0.0,0.0,1.0,0.0,0.0,0.01986101909061544,0.0,0.6600029986506073,0.9113391913372548,qsampled
0.0,0.0,0.0,0.650261531145982,0.75,0.0,0.0,0.0,0.0,0.0,0.0,0.0,0.0,0.0,0.5,0.0,0.0,0.0,0.6524902419984387,0.5972475065739313,0.0,0.717948717948718,0.0,0.0,0.0,0.0,0.0,0.14924452667283383,0.2857142857142857,0.0,0.7218698290126861,0.0,0.0,0.0,0.0,0.0,0.0,0.6965636067770653,0.0,0.0,0.6123583260680034,0.5769230769230769,0.0,0.38636363636363635,0.5714285714285714,0.8515341471461564,0.5451616549853041,0.5,0.33333333333333337,0.3018348623853211,0.30190701456131275,0.0,0.9782608695652174,0.42585175464012404,0.0,0.43849579416130624,0.4270728367310028,0.49333445831927103,0.11418803418803403,0.0,0.9814159292035398,0.0,0.40353460972017663,0.8571428571428572,0.4,0.0,0.4361696276332435,0.44444444444444453,0.0,0.22475270301357253,0.0,0.3941754385964912,1.0,0.0,0.11782518926359264,0.0,0.0,0.0,0.0,0.5714285714285714,0.005671769226077816,0.29689440993788796,0.0,0.0,0.7667365924844947,0.04546734234234229,0.5,0.6438706378627126,0.0,0.0,0.0,0.4595687331536389,1.0,0.5294117647058824,0.584055459272097,0.2666666666666666,0.44839114082741327,0.6309245270405776,0.8069963811821472,0.0,0.125,0.0,0.8693710457759584,1.0,0.06867951982539078,0.6745790781120617,0.0,0.6666666666666667,0.19999999999999996,0.0,0.570613261388399,0.11111111111111116,0.30103200979534706,0.0,0.603122185529871,0.5837256220578346,0.0,1.0,0.6666666666666667,0.0,0.5,0.875,0.0,0.8571428571428572,0.5,0.0,1.0,0.0,0.8571428571428571,0.0,0.6895289812300791,0.9514460629090141,0.39144736842105254,0.0,0.0,0.4885215794306704,0.0,0.4278816392224837,0.9068749593742551,0.0,0.0,0.23130667459491572,0.026929260450160752,0.36363636363636365,0.0,0.5,0.0,0.23747494989979978,0.0,0.0,0.0,0.0,0.0,0.0,0.0,0.696293478720257,0.0,0.5955924024806905,0.2644359619913911,0.49108859690012807,0.33333333333333326,0.0,0.0,0.76,0.0,0.0,0.5178777393310268,0.206896551724138,0.0,0.8,0.4727369143427538,0.7606046022844459,0.0,0.0,0.0,0.0,0.0,0.0,0.7375162751337724,0.0,0.0,0.0,0.0,0.0,0.0,0.0,0.0,0.833799672354553,0.0,0.5484356045289122,0.0,0.0,0.0,0.0,0.7916666666666666,0.65,0.0,0.0,0.0,0.0,0.0,0.0,0.0,0.0,0.0,1.0,0.0,0.0,0.0,0.734395097223273,0.7744154057771664,0.0,0.7142857142857143,0.0,0.0,0.4098360655737705,0.0,0.0,0.0,0.0,0.33333333333333326,0.6996644295302015,0.0,0.0,0.0,0.0,0.0,0.0,0.7551020408163265,0.0,0.19435736677115978,0.717948717948718,0.6560415122312824,0.0,0.14579552329098644,0.7333333333333334,0.35469734319364565,0.5367871136264692,1.0,0.0,0.07314252674183286,0.6149272275470359,0.0,1.0,0.31991051454138675,0.0,0.5916930658218937,0.31263048016701445,0.687698272823405,0.0,0.0,0.1885612153708669,0.0,0.0,0.75,1.0,0.0,0.4703008770955923,0.75,0.11111111111111116,0.5714285714285714,0.0,0.0,1.0,0.1428571428571429,0.0,0.0,0.0,0.0,0.0,0.8571428571428571,0.0,0.3435692921236292,0.0,0.0,0.9540816326530612,0.0,0.0,0.5550791556728233,0.0,0.0,0.0,0.0,1.0,0.0,0.5636653024101865,0.0625,0.7479245283018868,0.9260284810126582,0.941747572815534,0.0,0.3460884353741498,0.23853211009174313,1.0,0.0,0.5650224215246638,0.773523685918235,0.0,0.0,0.5,0.0,0.8019755409219191,0.0,0.0,0.33333333333333337,0.6213486213486215,0.5822922324823465,0.0,0.375,1.0,0.4520057306590257,1.0,1.0,0.0,0.0,0.8823529411764706,0.4820544554455446,1.0,0.5,1.0,1.0,0.794909736608464,1.0,0.7857142857142857,0.0,0.0,0.8367777309152257,0.0,0.5537634408602151,0.40670553935860054,0.0,0.8075547608404112,0.0,0.0,0.6363636363636364,0.0,1.0,0.44999999999999996,0.25,0.5846153846153846,0.0,1.0,1.0,0.0,0.0,0.0,0.7884416924664603,0.0,0.8542104035456031,1.0,0.6305582658286251,0.5,0.0,0.0,0.8181818181818182,0.0,0.0,0.0,0.375,0.0,0.6666666666666666,0.1067915045953669,0.8281660784917458,0.0263302337595247,0.0,0.0,0.0,0.0,0.0,0.7401657800321664,0.0,0.0,0.0,0.0,0.0,0.0,0.0,0.0,0.6398998057829489,0.0,0.4948825369889166,0.3295774647887324,1.0,0.0,0.0,0.5851546057956938,1.0,0.0,0.0,0.0,0.0,0.0,0.0,0.0,0.0,0.0,0.6666666666666667,0.0,0.0,0.0,0.8791360783062028,0.8900781666370581,0.0,0.881578947368421,0.0,0.0,0.0,0.3212992387850121,0.0,0.6338771593090212,0.0,0.0,0.8682602921646747,0.0,0.0,0.0,0.0,0.0,0.0,0.34220942785174524,0.19999999999999996,0.0,0.4902458056964495,0.7280701754385965,0.25244236029699085,0.3076923076923076,0.0,1.0,0.21616871704745155,0.75,0.6666666666666667,0.421934312592837,0.3657322221019591,0.0,0.9745805159028299,0.09085402786190189,0.25,0.39742698191933246,0.7854104636324968,0.2927525883612996,0.4736842105263157,0.2857142857142857,0.8571428571428572,0.0,0.43611953226504985,1.0,0.4,0.0,0.0750279955207167,0.4285714285714285,0.0,0.5369068541300528,0.0,0.6892366656020441,1.0,0.33333333333333337,0.41176470588235303,0.0,0.0,0.2857142857142857,0.0,1.0,0.28931665062560175,0.0,0.0,0.0,0.5887850467289719,0.2850180505415162,1.0,0.9005740528128587,0.0,0.0,0.5,0.10620012277470836,0.15789473684210542,0.7887323943661972,0.2129629629629629,0.0,0.18008784773060038,0.2046757829730923,1.0,0.3276157804459692,0.0,0.30489964580873663,0.0,0.25,0.34426229508196726,0.0746268656716419,1.0,1.0,0.33333333333333337,0.0,0.3708248125426039,1.0,0.0,0.0,0.28688524590163933,0.06350653296870246,0.0,1.0,0.0,0.0,0.0,0.6666666666666667,0.0,1.0,0.0,0.0,1.0,0.0,0.0,0.0,0.9098295679746333,1.0,0.550561797752809,0.6173561892203725,0.0,0.5178849144634525,0.0,0.3829787234042553,1.0,0.0,0.1303488207880239,0.6136453788179295,0.0,0.0,0.0,0.0,0.0,0.625,0.0,0.047235023041474644,0.0,0.33333333333333326,0.0,0.0,0.0,0.9769372693726938,0.0,0.4610089907424699,0.2068965517241378,0.8643632629107981,1.0,0.0,0.0,0.33333333333333326,0.0,0.0,0.0,0.7,0.0,0.8571428571428571,0.6812330477461574,0.8069339314082796,0.0,0.0,0.0,0.0,0.0,0.0,0.9360762436076244,0.0,0.0,0.0,0.0,0.0,0.5,0.0,0.271326530612245,0.6221535458685752,0.0,0.3165799548444094,0.0,qsampled
0.0,0.0,0.8106508875739645,0.0,0.0,1.0,0.0,0.0,0.0,0.0,0.0,0.0,0.8885591124302169,0.0,1.0,0.0,0.0,0.0,0.0,0.0,0.0,0.717948717948718,0.0,0.7498274331919929,0.8528319587225892,0.5464829288358699,0.6089292610440419,0.6997643670637518,0.8571428571428572,0.77227200843437,0.0,0.8854916774878999,0.0,0.8571428571428572,0.0,0.0,0.0,0.48873133202594654,0.8866258367753881,0.0,0.0,0.0,0.22718707940780614,0.675317604355717,0.4115177971793149,0.059930008748906194,0.6777957009415914,0.0,0.33333333333333337,0.29244708390437035,0.6123046875,0.0,0.4390576988733357,0.4439510028793129,0.0,0.47729291254662787,0.0,0.574925162880789,0.0,0.0,0.0,0.0,0.0,0.8571428571428572,0.0,0.0,0.0,0.22222222222222232,0.0,0.0,0.0,0.9262286150158003,0.0,0.5714285714285714,0.6785714285714286,0.0,0.8001800180018002,0.3548387096774194,0.0,0.0,0.15650060753341444,0.0,0.0,0.0,0.8420312185971729,0.007769353177946359,0.0,0.0,0.75,1.0,0.33333333333333337,0.7222612359550562,0.5,0.17391304347826086,0.0,0.5,0.4482758620689655,0.0,1.0,0.45049674546077423,0.125,0.0,0.7066280333212605,0.8333333333333334,0.041109605983862485,0.3407794391400947,0.75,0.0,0.5,0.0,0.6395514587094935,1.0,0.17530631479736114,0.4444444444444444,0.6041521109891206,0.2101307189542484,0.0,0.0,0.0,0.3062683069712947,0.5,0.5,0.33333333333333337,0.75,0.9090909090909091,0.10378220354467393,0.0,0.0,0.0,0.0,0.0,0.0,0.0,0.3233874993067497,0.0,0.6711768907229585,0.0,0.9550479893087109,0.316354696799793,0.7054590315616326,0.0,0.2613064310696883,0.8871532453541611,0.0,0.11111111111111116,0.0,0.0,0.5851449275362319,0.0,0.3323323323323324,0.0,0.0,0.0,0.0,0.0,0.6149536810488838,0.7348730118122393,0.0,0.0,0.5576846189157572,0.0,0.0,0.0,0.0,0.0,0.0,0.4115334207077326,0.206896551724138,0.16666666666666663,0.0,0.9126523139087064,0.0,0.7472306060182405,0.0,0.0,0.0,0.0,0.0,0.0,0.0,0.0,0.0,0.0,0.0,0.0,0.0,0.6339511373209772,0.3913231154399953,0.0,0.9010862251273671,0.17216236020517262,0.0,0.0,0.6666666666666667,0.0,0.0,0.0,0.0,0.0,0.0,0.0,0.0,0.0,0.913323782234957,0.0,1.0,0.0,0.0,0.0,0.0,0.0,0.0,1.0,0.0,0.25177809388335703,0.8681318681318682,0.6557681820435278,0.6206896551724137,0.6444444444444444,0.0,0.0,0.0,0.8295964125560539,0.0,0.6666666666666667,0.0,0.0,0.0,0.0,0.7074468085106383,0.18584070796460184,0.8181818181818181,0.12343558282208589,0.0,0.7209302325581396,0.3999999999999999,0.0,0.3383202099737532,0.23076923076923073,1.0,0.9049180327868852,0.634536416684677,0.0,0.3735294117647058,0.3466652706522877,0.0,0.5968022245394508,0.0,0.7961829312207418,0.0862068965517242,0.0,0.0,0.0,0.0,0.75,1.0,0.0,0.0,0.0,0.0,0.0,0.0,1.0,0.0,0.11111111111111105,0.8409893992932862,0.0,0.5959510754955715,0.23113207547169812,0.0,0.0,0.26594533029612766,0.0,0.0,0.0,0.9950343773873186,0.33333333333333326,1.0,0.0,0.0,0.47089947089947093,1.0,0.7096774193548387,1.0,0.32515831276161855,0.0,0.6875,0.761546723952739,0.12840646651270204,0.941747572815534,0.4952015355086372,0.45833333333333337,0.0,0.6363636363636365,0.08333333333333337,0.11917836078909905,0.2666666666666666,1.0,0.0,0.0,0.0,0.765642151481888,0.5,0.2869888475836433,0.6666666666666667,0.6997167138810199,0.0,0.0,0.0,0.0,0.3161875945537066,1.0,0.8,0.0,0.44999999999999996,0.3529411764705882,0.2785058977719528,0.0,0.5,0.0,0.0,0.0,0.6666666666666667,0.2857142857142857,0.12645322840279005,0.0,0.7887972841901068,0.0,1.0,0.0,1.0,0.0,0.0,0.918429003021148,0.0,0.0,0.0,0.44999999999999996,0.25,0.47422680412371143,1.0,1.0,0.0,0.0,0.0,0.0,0.6470458065943794,0.5379211854528143,0.0,0.5098564127524945,0.5232324985057937,0.0,0.0,0.0,0.0,0.0,0.0,0.0,0.375,0.1724137931034483,0.0,0.8848983837820009,0.2705279827487449,0.9536404718247838,0.0,0.0,0.0,0.0,0.0,0.0,0.0,0.0,0.0,0.0,0.0,0.0,0.0,0.8666851355926987,0.0,0.0,0.7330947136563877,0.09129762662544305,1.0,0.0,0.8435870698644421,0.0,0.0,0.0,0.0,0.0,0.0,0.0,0.0,0.0,0.7684186882300089,0.0,0.6666666666666667,0.0,0.0,0.0,0.0,0.0,0.0,0.8478260869565217,0.0,0.6320406657374764,0.748046875,0.0,0.6250486949746786,0.8188075367805214,0.5454545454545454,1.0,0.0,0.9097465034965034,0.0,1.0,0.0,0.0,0.0,0.9640511579675077,0.32799999999999996,0.4185673556664291,0.0,0.5348516218081434,0.5142972211035038,0.0,0.6,0.0,0.5993589743589743,0.0,0.33333333333333337,0.43988132417239234,0.30343007915567277,0.0,0.4737704918032788,0.14249979154506787,0.25,0.39619377162629765,0.0,0.2927525883612996,0.3088942307692307,0.2857142857142857,0.0,0.0,0.08333333333333326,1.0,0.0,0.0,0.0,0.5714285714285714,0.0,0.0,0.0,0.5953678474114442,1.0,0.0,0.41176470588235303,0.0,1.0,0.4736842105263158,0.0,1.0,0.2000422475707645,0.0,0.0,0.0,0.6525849335302807,0.2106832971800432,0.0,0.0,0.75,0.8267746187158727,0.0,0.5853858784893268,0.34024896265560167,0.0,0.0,0.0,0.48951048951048937,0.4654166666666667,1.0,0.03606965174129362,1.0,0.31096131301289565,0.0,0.75,0.0,0.016172506738544645,0.0,0.0,0.5,0.0,0.3351170568561872,1.0,0.0,0.4285714285714285,0.550354609929078,0.29659775354061535,0.0,1.0,1.0,0.16393442622950816,0.0,0.0,1.0,1.0,0.2570977917981073,0.32965517241379316,1.0,0.0,0.0,1.0,0.0,0.0,0.0,0.0,0.0,0.0,0.0,0.7854406130268199,0.6930237213492143,0.8020603384841796,0.5917753259779338,0.6545071164997365,0.20000000000000007,1.0,0.5,0.5,0.0,0.26315789473684204,0.0,0.3767029972752043,0.0,0.0,0.0,0.0,0.0,0.6268082486919052,0.0,0.6380925347715015,1.0,0.6896414125841148,0.0,0.0,0.0,0.0,0.0,0.0,0.0,0.7,0.5,0.0,0.8555502329834952,0.0,0.548359547363177,0.0,0.0,0.0,0.0,0.0,0.0,0.0,0.0,0.0,0.0,0.0,0.0,0.0,0.22150295524908536,0.6534436510635082,0.0,0.8665105386416861,0.8314880672795186,qsampled
0.0,0.706499193362526,0.0,0.8761390125026489,0.0,0.0,0.0,0.0,0.0,0.0,0.0,0.8889964005108952,0.0,0.0,0.0,0.8782677963646897,0.8888888888888888,0.8366213938733023,0.0,0.0,0.0,0.717948717948718,0.25,0.7502052882246674,0.12727719729563614,0.0,0.0,0.0,0.2857142857142857,0.768370607028754,0.7865279144986641,0.0,0.5803671294164089,0.0,0.0,0.0,0.45081640780565513,0.513245870830171,0.0,0.790960972017673,0.6841371918542336,0.9583333333333334,0.0,0.3941923774954629,0.0,0.0,0.4659414367443565,0.0,0.0,0.0,0.0,0.0,0.7166268350973029,0.4816983368655484,0.0,0.4423753092850632,0.7259738228085727,0.5929947007884193,0.0,0.0,0.0,0.0,0.0,0.0,0.0,0.0,0.1712191872085277,0.44444444444444453,0.9674178268982345,0.4450825556353194,0.5714285714285714,0.0,1.0,0.0,0.11642411642411654,0.0,0.3501350135013501,0.3548387096774194,1.0,0.0,0.5434844250010127,0.3023324475937408,0.0,1.0,0.0,0.04387546580117807,0.0,0.8854479544277576,0.0,0.9842584921292461,0.33333333333333337,0.0,0.0,0.2941176470588235,0.0,0.2666666666666666,0.4482758620689655,0.0,0.6453965360072926,1.0,0.125,0.0,0.7066280333212605,0.33333333333333337,0.1900518836002708,0.0,0.75,0.0,0.5,0.0,0.0,0.0,0.17530631479736114,0.0,0.8362917023096663,0.0,0.19291506615450282,1.0,0.6666666666666667,0.3973212393506549,0.5,0.5,0.0,0.8571428571428572,1.0,0.7175295186194368,1.0,0.75,0.4285714285714285,0.0,0.0,0.20954854174990023,0.4931714719271625,0.0,0.7222222222222222,0.6139474321705426,0.0,0.0,0.5562469497315764,0.6794748639129042,0.42182751755213244,0.39609787999346013,0.026929260450160752,0.0,0.0,0.0,0.3076923076923077,0.9326500732064422,0.7151898734177214,0.37750294464075396,0.0,0.0,0.0,0.9243645593935444,0.0,0.0,0.0,0.6844684172050659,0.0,0.6503166738005934,0.0,0.0,0.0,0.16000000000000003,0.0,0.0,0.3785440613026819,0.0,0.0,0.0,0.0,0.5258785872926013,0.1715969476025706,0.0,0.0,0.0,0.0,0.0,0.0,0.5132883927979562,0.9488179380940776,0.0,0.0,0.0,0.6911764705882353,0.0,0.0,0.0,0.0,0.9182529236065408,0.6814515083132311,0.0,0.5741935483870968,0.0,0.7916666666666666,0.0,0.0,0.0,0.0,0.0,0.0,0.0,0.9063561377971858,0.0,0.0,0.0,0.8480260636259103,0.7142857142857143,0.9860340932429656,0.0,0.0,0.0,0.7142857142857143,0.0,0.7940379403794038,0.4098360655737705,0.0,0.0,0.0,0.25,0.0,0.6930299747201156,0.0,0.8655913978494624,0.0,1.0,0.0,0.5087719298245614,0.0,0.0,0.6172566371681417,0.9285714285714286,0.8134969325153374,0.0,0.21133333333333326,0.0,0.07644444444444443,0.4082904361961528,0.23076923076923073,1.0,0.3813559322033899,0.0,1.0,0.8029411764705883,0.3712773684756667,0.0,0.7282913165266107,0.8713052576510594,0.26584570807678387,0.0,0.0,0.0,0.0,0.0,0.5,1.0,0.0,0.05695570112135029,0.75,1.0,0.2387096774193549,0.5,0.13123236124176862,1.0,0.0,0.0,0.0,0.5170814002530577,0.23113207547169812,0.48677884615384603,0.0,0.7259580621836588,0.3462555066079296,0.0,0.0,0.23864795918367343,0.0,1.0,0.9025078622691718,0.0,0.7883597883597884,1.0,0.0,0.0,0.8687345712139101,0.0,0.0625,0.7479245283018868,0.0,0.4077669902912622,1.0,0.0,0.0,0.6363636363636365,0.0,0.0,0.0,1.0,0.0,0.0,0.0,0.3795707472178059,0.0,0.528436018957346,0.33333333333333337,0.9513846153846154,0.41091797935904395,0.6893810936837642,0.875,1.0,0.3451647953639986,1.0,0.8,0.0,0.0,0.8823529411764706,0.9277942631058358,1.0,0.5,0.33333333333333326,1.0,0.0,0.0,0.7857142857142857,0.0,0.7777777777777778,0.31285988483685223,0.0,0.0,0.1616551015163198,0.5252879318978467,0.7534919905230029,0.0,0.0,0.0,0.0,0.0,0.65,0.75,1.0,1.0,1.0,0.0,0.0,0.9222302417899675,0.0,0.0,0.37038689172289085,0.1482683982683981,0.3211284513805521,0.5244418215796203,0.0,0.0,0.0,0.13636363636363646,0.0,0.0,0.0,0.0,0.0,0.0,0.0,0.5631320906657824,0.6790919096683508,0.0,0.0,0.0,0.0,0.0,0.0,0.5827424878213476,0.9259259259259259,0.0,0.0,0.0,0.5,0.0,0.0,0.0,0.0,0.8426258359732488,0.75038646903701,0.0,0.8321521820216338,0.0,0.8572395128552097,0.0,0.0,0.0,0.0,0.0,0.0,0.0,0.48642779587404983,0.0,0.0,0.0,0.894316163410302,0.7647058823529411,0.9682157890215617,0.0,0.0,0.0,0.881578947368421,0.33333333333333326,0.7672506256703611,0.7561260210035006,0.3555982519590115,0.0,0.0,0.0,0.75,0.48913043478260876,0.0,0.5023326753992463,0.0,0.0,0.0,1.0,0.9565646594274433,0.19999999999999996,0.0,0.4867342957471713,0.5845410628019323,0.23922674184454307,0.3076923076923076,0.0,0.8164591229020033,0.21616871704745155,0.0,0.0,0.0,0.4002519949601008,0.0,0.49176829268292677,0.13476123010250862,0.25,0.4151888974556669,0.33529659234329,0.6818993216708318,0.0,0.2857142857142857,0.0,0.0,0.24137931034482762,0.0,0.0,0.0,0.08910103420843296,0.4285714285714285,0.9145299145299145,0.30157170923379184,0.6,0.0,1.0,0.33333333333333337,0.41176470588235303,0.0,0.8888888888888888,0.5,0.0,1.0,0.0,0.0,0.0,0.0,0.17251184834123234,0.20836065573770501,0.0,0.236707938820102,0.0,0.9899456073842097,0.0,0.08087027914614131,0.631578947368421,0.6634026927784578,0.02164502164502169,0.0,0.5030674846625767,0.4331715924128805,0.7058823529411765,0.9054726368159204,1.0,0.31663268278473644,0.7300613496932515,0.25,0.03508771929824561,0.0,0.0,0.0,0.5,0.0,0.0,0.5,0.0,0.0,0.7804459691252144,0.0,0.5499999999999999,1.0,0.0,0.29427792915531337,0.0,0.0,0.0,1.0,0.0,0.6089385474860336,1.0,1.0,1.0,0.0,0.0,0.6666666666666666,0.5342465753424657,0.6071585612523085,1.0,0.8600837404047452,0.0,0.5733194009056078,0.8637951105937136,1.0,0.19539869608826466,0.6543001686340641,0.0,1.0,0.0,0.5,0.29268292682926833,1.0,0.6931818181818181,0.10501750291715295,0.0,0.0,0.0,0.8933747412008282,0.0,0.0,0.0,0.0,0.4482758620689654,0.6949951577831783,1.0,0.0,0.0,0.33333333333333326,0.0,0.0,0.0,0.0,0.0,0.0,0.0,0.4872441827866555,0.0,0.0,0.0,0.0,0.0,0.0,0.0,0.6736254295532647,0.9433962264150944,0.0,0.0,0.0,0.5555555555555556,0.0,0.0,0.61350873144088,0.0,0.974804117375941,0.8580721466587818,qsampled
0.0,0.0,0.8455545371219065,0.0,0.0,0.0,0.7857142857142857,0.0,0.8571647980340962,0.0,0.0,0.593064746844397,0.0,0.0,0.0,0.0,0.0,0.0,0.6615753494541373,0.5727124183006536,0.0,0.0,0.0,0.0,0.0,0.0,0.0,0.0,0.0,0.77227200843437,0.0,0.0,0.0,0.8571428571428572,0.0,0.0,0.0,0.8966845458799813,0.0,0.11603773584905663,0.5078655767484106,0.1794871794871794,0.0,0.33749429136854936,0.0,0.464659903542325,0.5004370939161251,0.0,0.33333333333333337,0.28531199051430267,0.0,0.0,0.7166268350973029,0.0,0.0,0.0,0.0,0.4928179681378949,0.434961106309421,0.0,0.33212281280950806,0.0,0.4067796610169492,0.1428571428571429,0.4,0.0,0.0,0.22222222222222232,0.0,0.44375431331953064,0.1428571428571428,0.0,0.6000000000000001,0.0,0.5714285714285714,0.0,0.34749303621169925,0.19354838709677413,0.16455696202531644,0.0,0.49971509971509975,0.27063634040378215,0.6428571428571428,0.18181818181818188,0.12516000568909103,0.008659180083885998,0.5,0.9657899202443577,0.0,0.0,0.0,0.06882022471910121,1.0,0.0,0.0,0.5,0.0,0.29749247743229656,0.3290322580645161,0.0,0.125,0.24272630764524905,0.0,0.8333333333333334,0.017916512744735935,0.311023102310231,0.0,0.0,0.19999999999999996,0.0,0.0,0.11111111111111116,0.011516626115166018,0.0,0.5199043758445069,0.5814348860931655,0.0,1.0,0.6666666666666667,0.5621464528517308,0.0,0.5,0.0,0.29999999999999993,1.0,0.0,0.7179487179487178,0.75,0.0,0.0,0.45294630662651614,0.0,0.0,0.0,0.0,0.6099488192511447,0.0,0.0,0.8045369594638139,0.0,0.5985769659639993,0.0,0.03024517684887451,0.4444444444444444,0.7777777777777778,0.8333333333333334,0.1923076923076923,0.0,0.5625,0.0,0.5,0.0,0.0,0.0,0.0,0.0,0.0,0.9886325946027439,0.1964093827807627,0.0,0.0,0.0,0.2028929237710123,0.72,0.9642864081127811,0.9971427833765072,0.5184455391351942,0.0,0.16666666666666663,0.0,0.6784980212903028,0.5022644148637339,0.49478119709066004,0.0,0.0,0.0,0.0,0.0,0.0,0.0,0.0,0.0,0.0,0.0,0.4206349206349206,0.0,0.0,0.1523142952213905,0.0,0.0,0.0,0.0,0.0,0.8888888888888888,0.0,0.0,0.0,0.9424083769633508,0.0,1.0,0.0,0.0,0.61901957897836,0.0,0.0,0.0,0.0,0.0,0.0,0.7143738686852066,0.734600289196447,0.0,0.0,0.0,0.0,0.4098360655737705,0.46475820798964906,0.0,0.0,0.0,0.0,0.0,0.0,0.0,0.6666666666666667,0.0,0.0,0.0,0.8018994413407821,0.0,0.2911051212938005,0.46153846153846145,0.3589325426241661,0.0777047220561865,0.3091397849462365,0.0,0.749572941578408,0.4113995485327314,0.23076923076923073,1.0,0.1896032144650931,0.5755935628202352,0.0,0.7553256238587949,0.0,0.0,0.0,0.0,0.406318082788671,0.6948051948051948,0.0,0.05535804977145742,0.0,0.0,1.0,1.0,0.0,0.05695570112135029,0.0,0.0,0.5284249767008388,0.0,0.13123236124176862,1.0,0.1428571428571429,0.6297608503100088,0.0,0.5170814002530577,0.41509433962264153,1.0,0.0,0.5606995884773662,0.33565288579615216,0.625,0.0,0.0,0.0,0.0,0.9773405370534635,0.0,0.0,0.0,0.19354838709677402,1.0,0.6579907695610174,0.31135531135531125,0.6875,0.574750830564784,0.09869646182495329,0.2799352750809063,0.0,0.3460884353741498,0.40286454365381685,0.0,0.08333333333333337,0.11917836078909905,0.5189255189255191,0.0,0.0,0.5,0.0,0.5468561064087062,0.0,0.15929203539823023,0.33333333333333337,0.8842478842478843,0.5822922324823465,0.0,0.375,1.0,0.5839469808541974,0.0,0.8,0.0,0.44999999999999996,0.8823529411764706,0.44475138121546953,0.7,0.5,0.0,1.0,0.6345848110553993,0.6666666666666667,0.2857142857142857,0.0,0.0,0.25898203592814373,0.0,0.0,0.23906810035842285,0.0,0.4801885402857563,0.10492056487202117,0.0,0.6363636363636364,0.8571428571428572,1.0,0.0,0.0,0.4166666666666665,0.0,0.0,0.0,0.0,0.0,0.0,0.0,0.0,0.999076425767721,1.0,0.0,0.0,0.0,0.2578010159462627,0.6818181818181819,0.9686726987335946,0.9889624724061811,0.0,0.0,0.1724137931034483,0.0,0.6116227109436607,0.5466391306485715,0.7436889597424508,0.0,0.0,0.0,0.0,0.0,0.0,0.0,0.0,0.0,0.0,0.0,0.5,0.0,0.0,0.0,0.0,0.0,0.3258161316722742,1.0,0.0,0.8435870698644421,0.0,0.0,0.0,1.0,0.0,0.6554140127388535,0.0,0.0,0.85,0.0,0.0,0.0,0.0,0.0,0.0,0.9031484131660914,0.8913537884530982,0.0,0.23181818181818192,0.33333333333333326,0.0,0.0,0.0,0.0,0.0,0.0,1.0,0.0,0.0,0.0,1.0,0.0,0.0,0.0,0.3465807375581811,0.0,0.7343173431734318,0.3930940304330863,0.34023464458247066,0.12670671764063368,0.3076923076923076,0.0,0.31271878646441076,0.0,0.0,0.33333333333333337,0.40733718835908617,0.0,0.0,0.47416603962879367,0.0,0.0,0.0,0.0,0.6225637181409296,0.25,0.2857142857142856,0.9,0.0,0.33922025991336224,0.8448275862068966,0.4,0.0,0.08910103420843296,0.5714285714285714,0.0,0.29603960396039586,0.19999999999999996,0.0,0.0,0.33333333333333337,0.0,0.0,1.0,0.0,0.0,1.0,0.0,0.0,0.0,0.5,0.3933174224343674,0.20836065573770501,1.0,0.7541337167505391,0.4,0.0,0.5,0.0,0.0,0.17389138016940708,0.0,0.0,0.0,0.8563829787234043,0.0,0.0,1.0,0.0,0.3766233766233765,0.75,0.0,0.0,1.0,0.0,1.0,0.0,0.0,1.0,0.31264023934180996,0.0,0.0,0.24654042243262908,0.56,1.0,0.0,0.6830601092896176,0.0,0.0,0.0,1.0,0.0675,0.0,0.5,1.0,0.0,0.0,0.0,0.0,0.0,0.6178066425517921,0.44444444444444453,0.8756730298580518,0.0,0.5733194009056078,0.8655172413793103,0.6098998232174424,0.9508109071466762,0.0,0.0,0.0,0.5,0.0,0.41463414634146345,0.0,0.9,0.0,1.0,0.0,0.0,0.0,0.0,0.0,0.0450387051372273,0.8067110655737706,0.2068965517241378,0.0,0.0,0.0,0.1404401049256775,1.0,0.9539385599523951,0.9429492882562278,0.0,1.0,0.5,0.0,0.6928608650338718,0.19674267100977194,0.41068482239374915,0.0,0.0,0.0,0.0,0.0,0.0,0.0,0.0,0.0,0.0,0.0,0.0,0.0,0.0,0.614566348318969,0.0,0.0,0.0,qsampled
0.0,0.5195195195195195,0.0,0.0,0.75,0.75,0.0,0.0,0.0,0.0,0.0,0.0,0.8885591124302169,0.0,0.0,0.0,0.8888888888888888,0.0,0.0,0.0,0.0,0.0,0.33333333333333326,0.0,0.8518533091996537,0.0,0.0,0.0,0.0,1.0,0.0,0.0,0.0,0.0,0.0,0.0,0.0,0.548469510725476,0.7046491728465487,0.7855660377358491,0.5325848387641399,0.47916666666666663,0.22718707940780614,0.675317604355717,0.6618777146675575,0.0,0.0,0.0,0.0,0.13978985838282298,0.0,0.0,0.0,0.4271279907497998,0.7151352388260119,0.0,0.3500822819528252,0.0,0.0,0.9112458654906285,0.3817237163814181,0.0,0.0,0.1428571428571429,0.4,0.0,0.1712191872085277,0.0,0.44404986777483946,0.5578937610086216,0.0,0.2823102235334165,0.8225806451612903,0.5714285714285714,0.713375796178344,0.0,0.0,0.19354838709677413,1.0,0.2857142857142857,0.0,0.3023324475937408,0.0,0.0,0.08735270263823292,0.3552199606040708,0.0,0.8877992695793318,0.75,0.0,0.0,0.7222612359550562,0.0,0.2941176470588235,0.9015151515151515,0.0,0.45966562173458725,0.0,0.5291095890410958,0.39468482319349873,0.0,0.5798829287651299,0.7066280333212605,0.33333333333333337,0.0,0.32043611221911994,0.0,0.0,1.0,0.0,0.4026418321771357,1.0,0.30210772833723654,0.4444444444444444,0.0,0.0,0.0,0.375,0.0,0.0,0.0,0.0,0.0,0.0,0.2727272727272726,0.7158779462817468,0.0,0.25,0.0,0.0,0.5546685915672371,0.0,0.0,0.26091932099942794,0.0,0.6646544181977253,0.6666666666666667,0.664304044971282,0.44641354156925095,0.9878442073927065,0.6623739837398375,0.0,0.05147577314395069,0.0,0.0,0.0,0.0,0.5827232796486091,0.21687763713080166,0.7061574434918161,0.0,0.0,0.0,0.0,0.0,0.0,0.9899962066744885,0.0,0.6919355725358693,0.5576846189157572,0.0,0.0,0.2976801530967945,0.76,0.0,0.0,0.0,0.0,0.0,0.7,0.0,0.783557518344964,0.7568467229954123,0.0,0.0,0.0,0.0,0.0,0.0,0.0,0.0,0.0,0.0,0.9670932358318098,0.23214285714285698,0.0,0.0,0.0,0.0,0.9905040913223558,0.647166714933874,0.0,0.5741935483870968,0.0,0.0,0.65,0.0,0.0,0.0,0.0,0.0,0.0,0.0,0.913323782234957,0.0,0.0,0.0,0.7142857142857143,0.0,0.0,0.0,0.0,0.0,0.0,0.0,0.8681318681318682,0.0,0.0,0.0,0.0,0.0,0.0,0.0,0.0,0.0,0.0,0.0,0.0,0.0,0.7565046637211587,0.6172566371681417,0.0,0.0,0.0,0.7265973254086182,0.7333333333333334,0.0037931034482758808,0.30236220472440944,0.0,1.0,0.0,0.0,0.0,0.0,0.2258729722298598,0.7307767944936087,0.0,0.23238095238095235,0.5601659751037344,0.06493506493506473,0.971003717472119,0.16913484021823844,0.0,0.0,1.0,1.0,0.0,0.05695570112135029,0.5,1.0,0.8090349075975359,0.0,0.710292249047014,0.8769230769230769,0.6666666666666667,0.8580441640378549,0.0,0.0,0.41509433962264153,0.48677884615384603,0.5714285714285714,0.0,0.33565288579615216,0.0,0.0,0.0,0.4347826086956522,1.0,0.9024764055819956,0.0,0.0,0.0,0.7096774193548387,0.0,0.9057005367388488,0.5502695101945161,0.0,0.2871517027863776,0.2014299036369287,0.0,0.8146964856230032,0.0,0.5006090133982947,0.6363636363636365,0.0,0.11917836078909905,0.5665024630541873,0.0,0.0,0.0,0.0,0.0,0.5,0.0,0.6666666666666667,0.0,0.41091797935904395,0.0,0.375,0.0,0.0,0.0,0.0,0.0,0.0,0.5882352941176471,0.9303112313937754,0.0,0.0,0.0,1.0,0.6305732484076434,0.6666666666666667,0.2857142857142857,0.15147407658420875,0.0,0.38547904191616755,0.6470588235294118,1.0,0.0,0.9090909090909091,0.0,0.09572864321608054,0.0,0.0,0.0,0.0,0.44999999999999996,0.25,0.33333333333333326,1.0,1.0,0.0,0.0,0.0,0.0,0.0,0.9933441484603606,0.0,0.7313316435952427,0.5279172440950846,0.0,0.0,0.4155062766133937,0.8181818181818182,0.0,0.0,0.9139710942876806,0.0,0.0,1.0,0.0,0.9908686040178142,0.9574200050390527,0.0,0.0,0.0,0.0,0.0,0.0,0.0,0.0,0.0,0.0,0.9850199733688415,0.5,0.0,0.0,0.0,0.0,0.9334801762114537,0.75038646903701,1.0,0.8152337858220211,0.0,0.0,1.0,0.0,0.0,0.0,0.0,0.0,0.0,0.0,0.6669272399278413,0.0,0.0,0.0,0.6923076923076923,0.0,0.0,0.0,0.0,0.16000000000000003,0.0,0.0,0.7561260210035006,0.3555982519590115,0.0,0.0,0.0,0.75,0.0,0.0,0.0,0.0,0.0,0.0,0.0,0.9398422090729783,1.0,0.0,0.0,0.0,0.523076923076923,0.0,0.29999999999999993,0.8164591229020033,0.4200351493848856,0.0,0.0,0.4405059337913805,0.0,0.0,0.4390182819934886,0.1424285357113092,0.0,0.7,0.6405996758508914,0.0,0.0,0.7806122448979592,0.8571428571428572,0.0,0.08333333333333326,0.4444444444444444,0.4,0.0,0.09862570735650766,0.0,0.5324186991869919,0.4574886535552194,0.0,0.6525885558583107,0.5,0.0,0.41176470588235303,0.0,0.0,0.0,0.0,0.0,0.36795811518324606,0.0,0.0,0.0,0.444903988183161,0.389958012596221,0.0,0.23580158159597409,0.8,0.0,0.5,0.5853858784893268,0.7095435684647302,0.03886397608370695,0.4545454545454546,0.33333333333333337,0.523225241016652,0.4654166666666667,0.0,0.03606965174129362,0.0,0.8622196329740751,0.7300613496932515,0.25,0.0,0.1428571428571428,1.0,0.0,0.0,0.0,0.7618741976893453,1.0,0.38075313807531386,0.4285714285714285,0.0,0.0,0.0,1.0,1.0,0.0,0.0,0.0,0.0,1.0,0.061514195583596276,0.6206896551724137,1.0,0.6666666666666666,0.0,0.0,0.1820392890551915,0.0,0.0,0.0,0.44444444444444453,0.0,1.0,1.0,0.695626183122447,1.0,0.5950679056468906,0.0,0.17333333333333356,1.0,0.0,0.5,0.0,0.625,0.3784090909090909,0.5429155313351499,0.0,0.0,0.0,0.0,0.0,0.0,0.8435734463276836,0.7878657718120805,1.0,0.6898494204311558,0.0,0.0,0.768424206111444,0.33333333333333326,0.0,0.0,0.8715679190751445,0.0,0.0,0.5714285714285714,0.0,0.7900122174709835,0.5572625698324023,0.0,0.0,0.0,0.0,0.0,0.0,0.0,0.0,0.0,0.0,0.9113848002403124,0.5555555555555556,0.0,0.0,0.5033159163987138,0.0,1.0,0.8410730102492724,qsampled
0.0,0.706499193362526,0.0,0.0,0.0,0.0,0.0,0.8503937007874016,0.6689291101055808,0.7277524759632763,0.0,0.0,0.0,0.8669821240799158,0.0,0.0,0.33333333333333326,0.5635915568413157,0.5586373994058093,0.0,0.0,0.0,0.0,0.0,0.056075979490729844,0.0,0.0,0.0,0.0,0.0,0.0,0.0,0.0,0.0,0.0,0.0,0.0,0.1538425623307499,0.0,0.7544507450876962,0.612316076294278,0.5769230769230769,0.0,0.9749935104265813,0.0,0.0,0.24472142126313823,0.0,0.0,0.248379015620395,0.18586607363479113,0.0,0.7028985507246377,0.4996752269450738,0.0,0.7064587503951112,0.5802622902776761,0.46443281754425025,0.27838908450704225,0.0,0.6109413202933984,0.0,0.0,0.7142857142857143,0.4,0.0,0.1252956383037237,0.0,0.44404986777483946,0.0,0.0,0.35405571487095455,0.0,0.5714285714285714,0.5666666666666667,0.0,0.0,0.0,0.16455696202531644,0.2857142857142857,0.0,0.29689440993788796,0.6428571428571428,0.0,0.0,0.797699793571218,0.0,0.0,0.0,0.49659678736727464,0.6666666666666667,0.06882022471910121,0.33333333333333337,0.17391304347826086,0.0,1.0,0.0,0.0,0.529109589041096,0.6437549096622153,0.0,0.5804653015167104,0.0,1.0,0.0,0.0,0.0,0.0,0.0,0.0,0.0,1.0,0.0,0.0,0.033580770590314724,0.8029682702149437,0.0,0.0,0.6666666666666667,0.3223731978010579,0.5,0.625,0.33333333333333337,0.75,0.9090909090909091,0.0,0.0,0.0,0.4285714285714285,0.0,0.8573637417858524,0.6211332312404289,0.0,0.72847039245597,0.0,0.6151307688518938,0.0,0.9575632295719845,0.8538096176155142,0.0,0.3756613756613757,0.0,0.0,1.0,0.0,0.0,0.0,0.2335877862595418,0.2195121951219512,0.0,0.5,0.0,0.0,0.0,0.0,0.0,0.7250497400680316,0.0,0.4966364596653138,0.3596829604181784,0.0,0.0,0.6434320126069337,0.0,0.0,0.9967405283878379,0.5172018348623854,0.0,0.5714285714285714,0.0,0.36773972175432024,0.2530564852127587,0.6440583767316441,0.0,0.0,0.0,0.0,0.0,0.0,0.0,0.0,0.0,0.6666666666666667,0.0,0.0,0.0,0.6363909473262568,0.6512791239165379,0.0,0.0,0.0,0.0,0.5741935483870968,0.0,0.0,0.0,0.0,0.0,0.7666666666666666,0.5,0.7326787512588117,0.0,0.0,0.0,0.7435897435897436,0.0,0.0,0.7142857142857143,0.7401790208565864,0.8815840061514801,0.0,0.0,0.0,0.0,0.0,0.8681318681318682,0.0,0.0,0.0,0.25,0.0,0.0,0.0,0.0,0.0,0.0,0.0,0.0,0.12613458528951482,0.0,0.957680250783699,0.6882196634189548,0.6560415122312824,0.6306620209059235,0.990086741016109,0.0,0.0,0.2898767898767898,0.0,1.0,0.11652435961828234,0.0,1.0,0.3735294117647058,0.46915947587088525,0.0,0.6609873307121014,0.7378787878787878,0.8000716589036188,0.0,0.8285714285714285,0.7556497175141242,0.0,0.2029734970911441,0.0,0.5,0.0,0.0,0.5,0.704225352112676,0.0388768898488121,0.0,0.0,0.0,0.0,0.5229681978798586,0.0,0.008902077151335286,1.0,0.5672043010752688,0.5714285714285714,0.2776477693062581,0.40441801189464743,0.625,0.0,0.04233274126702169,0.6666666666666666,1.0,0.0,0.0,0.873015873015873,1.0,0.19354838709677402,1.0,0.3087242659466759,0.5377444292860392,0.8125,0.0,0.17033158813263505,0.06375838926174504,1.0,0.0,0.45482248971506933,0.5,0.75,0.3566739606126914,0.0,0.0,0.0,0.0,0.0,0.3736120182887004,0.5,0.0,0.33333333333333337,0.6213486213486215,0.0,0.0,0.0,1.0,1.0,1.0,0.8,0.0,0.44999999999999996,0.3529411764705882,0.47678571428571437,0.0,0.0,0.33333333333333326,0.0,1.0,0.0,0.2857142857142857,0.0,0.0,0.8158625247851949,0.0,1.0,0.30605078336034575,0.0,0.4836279202009194,0.17159425024501795,0.0,0.6363636363636364,0.0,0.0,0.44999999999999996,0.75,0.513888888888889,0.0,0.0,0.0,0.0,0.0,0.0,0.0,0.49672794398295617,0.0,0.7269917582417582,0.5420044968317776,0.0,0.0,0.8850088454734252,0.0,0.0,0.9889966134021249,0.0,0.0,0.6428571428571428,0.0,0.03277298413458729,0.0,0.7212074277344737,0.0,0.0,0.0,0.0,0.0,0.0,0.0,0.0,0.0,0.5,0.0,0.0,0.0,0.8742116778926595,0.9974385188347508,0.0,0.0,0.0,1.0,0.8931977113795295,0.0,0.0,0.0,0.0,0.0,0.718819737168361,0.6608856088560886,0.7006127808578932,0.0,0.0,0.0,0.5439919557566617,0.0,0.0,0.6923076923076923,0.17113854595336087,0.5157013258897418,0.0,0.0,0.35121951219512193,0.0,0.0,0.0,0.23064423127326095,0.0,0.0,0.0,0.0,0.0,0.0,0.0,0.0,0.0,0.0,0.0,0.0,0.19999999999999996,0.3537403267411866,0.46239554317548737,0.5348516218081434,0.0,0.7692307692307692,1.0,0.0,0.1746641074856048,0.0,0.0,0.3903862660944205,0.5913541004450096,0.0,0.5108966376089663,0.04562256809338516,0.0,0.8514007308160779,0.1975695805566443,0.2927525883612996,0.4374999999999999,0.0,0.0,0.0,0.0,0.9079754601226994,0.6,0.0,0.1187010078387456,0.0,0.5233580246913578,0.0,0.0,0.6969157769869514,1.0,0.0,1.0,0.0,0.0,0.2857142857142857,0.0,0.0,0.2000422475707645,0.0,0.0,0.0,0.17947494033412859,0.5553145336225596,0.0,0.7553141237600378,0.4,0.4286388299127154,0.5,0.0,0.15789473684210542,0.0,0.7654320987654321,1.0,0.9617067833698031,0.0,0.0,0.5986277873070327,0.0,0.8003875968992248,0.5714285714285714,0.25,0.37704918032786894,0.0,1.0,0.0,0.33333333333333337,0.0,0.0,1.0,0.0,0.0,0.3005952380952379,0.0,0.0,1.0,0.0,0.22996878251821018,0.0,0.33333333333333337,1.0,0.0,0.16499999999999992,0.0,1.0,0.6666666666666666,1.0,1.0,0.6357715430861723,0.6923076923076923,0.0,0.8350488712049131,0.44444444444444453,0.0,0.0,0.7851412626438786,0.946796851648899,0.5889136904761905,0.932468694096601,0.0,0.17333333333333356,0.0,0.0,0.5,0.0,0.4375,0.3784090909090909,0.0,1.0,0.0,0.0,0.0,0.0,0.0,0.4736842105263157,0.8512567655643402,1.0,0.696490694033745,0.0,0.0,0.9424635332252836,0.0,0.0,0.9641490275716629,0.0,0.0,0.0,0.0,0.6451779738363249,0.6466035237804257,0.4786486444926267,0.0,0.0,0.0,0.0,0.0,0.0,0.0,0.0,0.0,1.0,0.0,0.5,0.0,0.22659943271352045,0.4995004029008864,0.0,0.0,0.0,qsampled
0.5714285714285714,0.0,0.0,0.0,0.0,0.0,0.0,0.7777389684480149,0.8579714688822699,0.7500527574563872,0.0,0.0,0.0,0.0,0.0,0.0,0.0,0.0,0.7314579734094494,0.0,0.0,0.0,0.0,0.0,0.0,0.0,0.0,0.0,0.2857142857142857,0.0,0.0,0.6278834479967624,0.0,0.0,0.0,0.0,0.6976744186046512,0.8441497805584088,0.7050277738213929,0.0,0.8756902063353676,0.1794871794871794,0.0,0.38636363636363635,0.0,0.0,0.0693288962839711,0.33333333333333326,0.33333333333333337,0.0,0.14912410377707142,0.0,0.0,0.4421329245592903,0.7494941634241246,0.4900815800772863,0.0,0.45059656972408646,0.45299145299145305,0.0,0.3537794299876085,0.0,0.0,0.5714285714285714,0.8,0.0,0.1252956383037237,0.44444444444444453,0.9674551971326165,0.0,0.1428571428571428,0.33281842437859843,0.0,0.5714285714285714,0.6666666666666667,0.0,0.0,0.3548387096774194,0.0,0.2857142857142857,0.0,0.0,0.0,1.0,0.39646749342352505,0.045664261209038215,0.5,0.6049686385438446,0.0,0.0,0.0,0.40161725067385456,1.0,0.6521739130434783,0.5407279029462738,0.0,0.0,0.5566390747250254,0.0,0.9646504320502749,0.0,0.4620661824051655,0.009763424708974844,0.0,0.3390323754092397,0.0,0.0,0.0,0.19999999999999996,0.0,0.3562311922797552,0.11111111111111116,0.30103200979534706,0.0,0.0,0.3348946135831381,0.6190476190476191,1.0,0.0,0.0,0.0,0.5,0.33333333333333337,0.8571428571428572,1.0,0.4430752745780875,0.7483870967741936,0.25,0.9285714285714286,0.0,0.0,0.0,0.0,0.0,0.41666666666666663,0.6602422907488987,0.0,0.0,0.0,0.38820988304709725,0.0,0.6623961706321273,0.29381965552178324,0.0,0.7777777777777778,0.0,0.1923076923076923,0.0,0.4,0.7061574434918161,0.0,0.0,0.0,0.0,0.0,0.6149796682808308,0.40115541778216135,0.6713130193905817,0.0778310187065161,0.49209222353615456,0.33333333333333326,0.0,0.0,0.72,0.0,0.0,0.0,0.206896551724138,0.0,0.7,0.4090132090132089,0.0,0.6440693665414501,0.0,0.0,0.0,0.0,0.0,0.0,0.740044629912127,0.0,0.0,0.6666666666666667,0.0,0.0,0.0,0.0,0.8347009377859103,0.0,0.4965694682675815,0.13816726669947432,0.0,0.0,0.0,0.0,0.0,0.0,0.0,1.0,0.5,0.9432301598943817,0.0,0.0,0.0,0.0,0.0,0.0,0.0,0.0,0.8688466150306251,0.0,0.0,0.0,0.0,0.0,0.4098360655737705,0.0,0.0,0.0,0.25,0.33333333333333326,0.0,0.6186693147964251,0.0,0.0,0.0,0.0,0.5087719298245614,0.8025039123630673,0.765760197775031,0.19435736677115978,0.8974358974358975,0.24974093264248698,0.0,0.3756805807622505,0.0,0.0,0.17013735046521938,0.0,1.0,0.0,0.0,1.0,0.3735294117647058,0.34841818562748783,0.7440102681118084,0.44170771756978666,0.0,0.40619340818544003,0.6000000000000001,0.0,0.7329462989840348,0.0,0.1887043189368771,0.75,1.0,0.0,0.0,0.75,1.0,0.04301075268817223,0.0,0.0,0.0,0.0,0.0,0.0,0.0,0.125,0.0,0.5714285714285714,0.2835272504592775,0.0,0.0,0.0,0.7507192418344897,0.0,0.0,0.8200575815738964,0.0,0.0,0.0,0.19354838709677402,1.0,0.6579907695610174,0.6325602546612097,0.0,0.4532760472610097,0.08426517571885006,0.0,1.0,0.0,0.5643418467583498,0.0,0.08333333333333337,0.0,0.0,0.0,0.0,0.0,0.0,0.0,0.0,0.0,0.33333333333333337,0.0,0.0,0.8991074274784826,0.0,0.0,0.47100313479623834,0.0,0.8,0.0,0.0,0.8235294117647058,0.0,1.0,0.0,1.0,1.0,0.0,0.6666666666666667,0.2857142857142857,0.0,0.5555555555555556,0.5984481086323958,0.0,0.0,0.2803889789303079,0.7627118644067796,0.0,0.9439725579875857,0.2784491440080564,0.0,0.8571428571428572,0.0,0.0,0.0,0.10810810810810823,0.9318181818181818,1.0,0.0,0.0,0.0,0.0,0.6456874720691197,0.37038689172289085,0.16512059369202237,0.6332847778587036,0.6438828866930677,0.5,0.0,0.0,0.6818181818181819,0.0,0.0,0.8567375886524823,0.375,0.0,1.0,0.03277298413458729,0.0,0.7230583985550874,0.0,0.0,0.0,0.0,0.0,0.0,0.8936478078425698,0.0,0.0,0.5,0.0,0.0,0.0,0.0,0.5190820120517972,0.0,0.4948825369889166,0.09195820081781025,1.0,0.0,0.0,0.0,0.0,0.0,0.0,0.718819737168361,0.6856706541104607,0.7091041869522882,0.0,0.0,0.0,0.0,0.0,0.0,0.0,0.0,0.6339483394833949,0.0,0.0,0.0,0.0,0.0,0.0,0.3561741882016124,0.0,0.0,0.0,0.0,0.0,0.9200241740531829,0.0,0.0,0.0,0.0,1.0,0.3328467153284673,0.96,0.0,0.8039581777445856,0.0,0.4146868250539957,0.7692307692307692,0.09090909090909083,0.75,0.3057432432432433,0.0,0.33333333333333337,0.0,0.46790778222751384,0.0,0.0,0.08959572659949011,0.0,0.4509803921568627,0.0,0.3737950731881471,1.0,0.2857142857142857,0.1428571428571428,0.0,0.0,0.7959183673469388,0.8,0.0,0.134344528710726,0.4285714285714285,0.9263107263107263,0.13551020408163272,0.19999999999999996,0.6969157769869514,1.0,0.0,0.0,0.0,0.0,0.4736842105263158,0.0,0.0,0.22656412388276848,0.0,0.0,0.0,0.0,0.3619020501138952,1.0,0.0,0.0,0.0,0.5,0.0,0.15789473684210542,0.6940024479804162,0.0586419753086419,0.33333333333333337,0.0,0.4654166666666667,0.0,1.0,0.625,0.22516749198951358,0.1986062717770034,0.75,0.0,0.0,1.0,0.0,0.44444444444444453,0.0,0.7416434540389973,1.0,0.0,0.0,0.06408345752608058,0.2900093955527717,0.75,1.0,1.0,0.0,0.0,0.0,1.0,1.0,0.16561514195583604,1.0,0.0,0.6666666666666666,0.5,0.0,0.09012753897024095,0.0,0.0,0.6106418918918919,1.0,0.8740814299900695,0.0,0.6020230205790025,0.552346570397112,0.0,0.6190163934426229,0.15628718762395888,0.6052631578947367,1.0,0.5,0.5,0.41463414634146345,0.0,0.0,0.5429155313351499,0.0,0.0,0.0,0.0,0.0,0.6268082486919052,0.44272445820433437,0.5729222748009407,0.22413793103448265,0.8673026256018898,0.0,0.0,0.0,1.0,0.0,0.0,0.8768974145120935,0.1428571428571428,0.0,0.5714285714285714,0.6808826418141738,0.0,0.47868872624392644,0.0,0.0,0.0,0.0,0.0,0.0,0.8807464724624489,0.0,0.0,1.0,0.0,0.0,0.0,0.2420283892203251,0.6198613174839029,0.0,0.3067619571192962,0.8531672739979035,qsampled
0.0,0.0,0.0,0.6852497593325491,0.9,0.6666666666666667,0.0,0.7777389684480149,0.0,0.0,0.8391246684350132,0.0,0.0,0.0,0.0,0.0,0.0,0.5768219202181466,0.46505922961697943,0.0,0.0,0.0,0.33333333333333326,0.0,0.0,0.0,0.0,0.0,0.2857142857142857,0.0,0.0,0.628045491324283,0.0,0.0,0.0,0.0,0.0,0.5138807998446902,0.08571428571428563,0.790960972017673,0.5027056874654887,0.0,0.2591496426766766,0.0,0.9819605173587475,0.852291460600066,0.9061802100608071,0.0,0.33333333333333337,0.0,0.0,0.0,0.2632297712529875,0.4219107309223341,0.0,0.4226057408566575,0.4274862413766375,0.4875111507582516,0.15233362143474505,0.0,0.5049701789264414,0.0,0.5596465390279823,0.1428571428571429,0.8,1.0,0.0,0.22222222222222232,0.0,0.0,0.5714285714285714,0.6776907880295602,0.0,0.5714285714285714,0.11642411642411654,0.0,0.3501350135013501,0.3548387096774194,0.0,0.0,0.8072486296326598,0.2704290091930541,0.6428571428571428,0.18181818181818188,0.0,0.0,0.0,0.9645644378823033,1.0,0.0,0.0,0.06882022471910121,0.5,0.17391304347826086,0.0,0.0,0.4488517745302715,0.3772597194109024,0.5497587454764776,0.43101092896174853,0.0,0.0,0.5124674358020097,0.8333333333333334,0.6171741563107369,0.0,0.0,0.0,0.19999999999999996,0.0,0.5129101944244419,0.0,0.011516626115166018,0.4444444444444444,0.0,0.0,0.0,1.0,0.0,0.35119378123264844,0.0,0.5,0.0,0.8571428571428572,1.0,0.7175295186194368,0.8225806451612903,0.75,0.4285714285714285,0.0,0.0,0.8957905544147844,0.5594553706505296,0.9440448113207547,0.0,0.0,0.0,0.03314803376569908,0.0,0.0,0.7291288831685485,0.0,0.741507024265645,0.0,0.0,0.7916666666666666,0.1923076923076923,0.23747494989979978,0.5625,0.22248427672955973,0.0,0.0,0.0,0.0,0.0,0.0,0.0,0.9092480957054068,0.07474319929799211,0.0,0.0,0.0,0.24591782545657292,0.0,0.0,0.0,0.5224157955865273,0.0,0.0,0.0,0.9126523139087064,0.0,0.0,0.0,0.0,0.0,0.0,0.0,0.0,0.0,0.0,0.0,0.0,0.0,0.0,0.0,0.6339511373209772,0.3895255801907298,0.6666666666666667,0.0,0.0,0.0,0.0,0.0,0.7916666666666666,0.8571428571428572,0.8318452380952381,0.0,0.7666666666666666,0.0,0.0,0.652542372881356,0.0,0.0,0.0,0.0,0.0,0.0,0.7401790208565864,0.8815840061514801,0.0,0.0,0.0,0.0,0.0,0.4098360655737705,0.0,0.0,0.0,0.0,0.33333333333333326,0.0,0.8308788598574821,0.0,0.0,0.0,0.0,0.0,0.45696400625978095,0.06504065040650397,0.6172566371681417,0.46153846153846145,0.0,0.6682718031032637,0.0,1.0,0.5625,1.0,0.23076923076923073,0.0,0.0,0.5755935628202352,0.0,0.3735294117647058,0.5458078385976517,0.6521739130434783,0.5392028033289531,0.31263048016701445,0.406318082788671,0.0,0.0,0.15388213283442465,0.0,0.8552036199095023,1.0,1.0,0.0,0.05695570112135029,0.0,0.0,0.0,1.0,0.9496707431796801,0.0,0.11111111111111105,0.0,0.0,0.5170814002530577,0.23113207547169812,0.0,0.0,0.788658341939724,0.33565288579615216,0.625,0.33333333333333326,0.3187861271676301,0.1428571428571428,1.0,0.9773405370534635,0.5,0.0,0.0,0.19354838709677402,1.0,0.32515831276161855,0.31135531135531125,0.0625,0.7676419965576592,0.0,0.4077669902912622,0.49425287356321845,0.0,0.0,0.6363636363636365,0.08333333333333337,0.0,0.0,0.0,0.0,0.0,0.0,0.7843494085532301,0.0,0.0,0.6666666666666667,0.3536231884057971,0.41002277904328,0.0,0.0,0.0,0.0,0.0,0.8,0.0,0.9,0.5882352941176471,0.9376811594202898,0.8769230769230769,0.0,0.33333333333333326,0.5,0.0,1.0,0.0,0.9801466642818816,0.0,0.0,0.0,0.7962170682278766,0.37702390131071706,0.0,0.7532972667161699,0.11043017088980556,0.4371014492753623,0.0,0.0,1.0,0.0,0.25,0.3913043478260869,1.0,1.0,0.0,0.0,0.0,0.0,0.0,0.0,0.9789288034902071,0.8965427605926696,0.0,0.0,0.0,0.32007096599678597,0.0,0.0,0.0,0.0,0.0,0.0,0.0,0.8846823564301904,0.0,0.0,0.0,0.0,0.0,0.0,0.0,0.0,0.0,0.0,0.0,0.0,0.0,0.0,0.0,0.8694397873336657,0.0,1.0,0.0,0.4972305561966305,1.0,0.0,0.0,0.5185956936288438,1.0,0.7142857142857143,0.0,0.27665815119689663,0.0,0.0,0.7661788617886179,0.0,0.0,0.0,0.0,0.0,0.0,0.17113854595336087,0.5611249223119951,0.0,0.0,0.21363636363636362,0.0,0.0,0.0,0.3555982519590115,0.0,0.0,0.0,0.0,0.0,0.6741547012505791,0.0,0.0,0.0,0.0,0.0,0.9694415173867229,0.9144736842105263,0.0,0.4110233258088788,0.0,0.0,0.15384615384615385,0.9,0.8700894593543368,0.6152416356877324,0.0,0.6666666666666667,0.0,0.0,0.0,0.0,0.13497273839991086,0.0,0.41788181120491175,0.8026777875329236,0.5424499696785932,0.4374999999999999,0.2857142857142857,0.8571428571428572,0.0,0.17460846384538486,0.49693251533742333,0.8,0.0,0.09862570735650766,0.5714285714285714,0.0,0.0,0.3999999999999999,0.5282657297987863,1.0,0.0,0.41176470588235303,0.0,1.0,1.0,0.0,1.0,0.8561938257131692,0.0,0.0,0.5,0.18411214953271038,0.0,0.0,0.7541337167505391,1.0,0.0,0.5,0.0,0.26315789473684215,0.0,0.0,0.0,0.48951048951048937,0.8191442434936039,0.8148148148148149,0.03606965174129362,0.0,0.24053794428434194,0.18796992481203012,0.75,0.24418604651162779,0.0,1.0,0.0,0.5,0.0,0.030997304582210172,0.5,0.19999999999999996,0.4285714285714285,0.31845238095238104,0.0,0.56,1.0,1.0,0.04943710230053855,0.0,0.0,0.0,1.0,0.061514195583596276,0.6206896551724137,0.5,0.6666666666666666,1.0,0.5,0.069486823855756,0.7692307692307693,0.5821455363840962,0.8929184549356223,0.0,0.21701514059120408,0.0,0.0,0.0,0.33038999264164826,0.16840600428877772,0.0,0.9,1.0,0.0,0.0,0.41463414634146345,0.26315789473684204,0.9,0.0,0.0,0.0,0.0,0.0,0.0,0.0,0.0450387051372273,0.5288940191905346,0.4482758620689654,0.0,1.0,0.0,0.16929199599243017,0.0,0.0,0.0,0.0,1.0,0.5,0.0,0.8701620056958774,0.0,0.0,0.0,0.0,0.0,0.0,0.0,0.0,0.0,0.0,0.0,0.0,0.0,0.5,0.0,0.18435591741785395,0.671477307232036,0.0,0.0,0.0,qsampled
0.0,0.0,0.0,0.0,0.0,0.0,0.0,0.0,0.0,0.7331263434439934,0.0,0.0,0.7409456499144533,0.0,0.0,0.0,0.0,0.0,0.0,0.0,0.0,0.7245949926362297,0.25,0.0,0.0,0.0,0.0,0.029322268326417822,0.0,0.0,0.8513222108727727,0.0,0.0,0.0,0.0,0.0,0.0,0.3060589585598644,1.0,0.17025346724055468,0.0,0.0,0.22718707940780614,0.0,0.43540669856459346,0.0633187772925764,0.44860943168077383,0.0,0.33333333333333337,0.0,0.0,0.0,0.6821141325162774,0.8664055269073119,0.0,0.8194736842105264,0.429025213420687,0.5964489537095752,0.10690959092471652,0.1447543160690571,0.3933181473044799,0.0,0.9603603603603603,0.33333333333333337,0.4,1.0,0.0,0.0,0.7637724885462063,0.5762081784386617,0.1428571428571428,0.4224974891195179,1.0,0.5714285714285714,0.6666666666666667,0.0,0.0,0.0,0.0,0.5714285714285714,0.5570243961062373,0.0,0.6428571428571428,0.0,0.3695972166465944,9.925558312640081e-05,0.5,0.5056096712471734,0.0,0.8608115048793015,0.0,0.7222612359550562,0.0,0.17391304347826086,0.5867556468172486,0.5,0.7192200557103064,0.6708406660349262,0.6838709677419356,0.8668032786885246,0.125,0.8581967360598809,0.23795726186164445,0.33333333333333337,0.0,0.0,0.0,0.6666666666666667,1.0,0.0,0.0,1.0,0.3814549566528459,0.4444444444444444,0.6041521109891206,0.7308238636363635,0.16945516945516959,0.0,0.0,0.4223187045294531,0.0,0.0,0.0,0.0,0.5454545454545454,0.7372086793463701,1.0,0.0,0.0,0.0,0.4368715794832634,0.39215374841169004,0.9215225563909775,0.856456043956044,0.0,0.0,0.6666666666666667,0.6850152905198776,0.0,0.48775143274525223,0.4460206062416008,0.8095546952591361,0.7341772151898736,0.0,0.11111111111111116,0.0,0.0,0.9326500732064422,0.706266318537859,0.0,0.0,0.8991287366681688,0.0,0.0,0.0,0.0,0.0,0.9951988619524628,0.0697362308367313,0.6536430143773566,0.33333333333333326,0.0,0.0,0.84,0.0,0.0,0.0,0.0,0.0,0.0,0.9144309256121977,0.5568354790874896,0.35750551113364215,0.0,0.0,0.0,0.0,0.0,0.9626556016597511,0.0,0.0,0.0,0.0,0.0,1.0,0.0,0.0,0.1368094807734529,0.0,0.7247451343836886,0.007303996477505237,0.0,0.0,0.0,0.0,0.0,0.0,0.0,0.0,0.0,0.9510734929810074,0.0,0.0,0.8214611872146118,0.0,0.0,0.0,0.0,0.0,0.0,0.0,0.0,0.7142857142857143,0.0,0.0,0.0,0.0,0.0,0.21212121212121204,0.0,0.33333333333333326,0.6930299747201156,0.0,0.0,0.0,0.0,0.0,0.0,0.3179863660199268,0.6934893928310168,0.2911051212938005,0.8181818181818181,0.12343558282208589,0.0,0.0,0.3999999999999999,0.0,0.8116740088105727,0.0,0.0,0.5629976580796253,0.0,0.0,0.75,0.899811951525282,0.0,0.9252948885976409,0.31263048016701445,0.2730573710965867,0.0,0.0,0.0,0.0,0.9734867433716858,0.5,0.5,1.0,0.0,0.5,1.0,1.0,0.0,0.7902764537654909,1.0,0.11111111111111105,0.6297608503100088,0.0,0.0,0.4098360655737705,0.0,0.8571428571428571,0.7317050169747266,0.0,0.625,0.0,0.8938120702826585,0.33333333333333326,0.0,0.5756764509035281,0.0,0.6825396825396826,0.0,0.7096774193548387,0.0,0.32063223257126716,0.0,0.6875,0.12151067323481135,0.9275722723033882,0.0,1.0,0.46475770925110127,1.0,0.0,0.0,0.5564368517388651,0.1333333333333332,0.0,0.0,0.0,0.0,0.4694000602954477,0.0,0.0,0.6666666666666667,0.6997167138810199,0.5822922324823465,0.6575071172174773,0.0,0.0,0.6573705179282869,0.0,0.0,0.0,0.0,0.8235294117647058,0.9379128137384413,1.0,0.5,0.0,0.5,0.6541855290416635,1.0,0.7571428571428571,1.0,0.0,0.0,0.6470588235294118,0.4679459223724378,0.3658682634730538,0.7627118644067796,0.5157069539225085,0.6749428291408037,0.4371014492753623,0.0,0.0,0.0,0.44999999999999996,0.75,1.0,0.0,1.0,0.8997772828507795,0.0,0.0,0.0,0.0,0.0,1.0,0.9155296452493178,0.5507621469521646,0.5,0.0,0.0,0.9545454545454546,0.0,0.0,0.8563922942206654,0.0,0.0,0.0,0.8850039079828471,0.5381348734499745,0.9638320676837472,0.0,0.0,0.0,0.0,0.0,0.9530251389418922,0.0,0.0,0.0,0.0,0.0,1.0,0.0,0.0,0.6311805125093969,0.0,0.7528111587982832,0.0,1.0,0.0,0.0,0.0,0.0,0.0,0.0,0.0,0.0,0.5952859247355029,0.0,0.0,0.7317970090708508,0.0,0.0,0.0,0.0,0.0,0.0,0.0,0.0,0.8478260869565217,0.33333333333333326,0.0,0.0,0.3882552778451832,0.0,0.0,0.0,0.0,0.8925348646431501,0.0,0.0,0.0,0.0,0.0,0.0,0.0,0.96,0.8841767640769779,0.0,0.5348516218081434,0.5142972211035038,0.15384615384615385,0.6,0.0,0.0,0.0,0.6666666666666667,0.0,0.3897810218978104,0.0,0.4737704918032788,0.630442446677243,0.25,0.5325581395348837,0.7854104636324968,0.6818993216708318,0.4736842105263157,0.2857142857142857,0.8571428571428572,0.0,0.10493827160493818,0.0,0.6,0.0,0.0,0.0,0.5312013996889582,0.3701825557809332,0.19999999999999996,0.10081743869209803,1.0,0.0,0.0,0.0,0.0,0.2857142857142857,0.0,0.0,0.0,0.0,0.0,0.0,0.0,0.20836065573770501,1.0,0.055135135135135016,0.0,0.4792768959435628,0.5,0.5853858784893268,0.5633333333333335,0.0,0.060381355932203506,0.0,0.1134421134421133,0.17819148936170215,0.7058823529411765,0.5497512437810945,0.0,0.4424701427323041,0.22857142857142865,0.25,0.6046511627906976,0.0,1.0,1.0,1.0,0.0,0.0,1.0,0.5789080029917726,0.4285714285714285,0.6141843971631207,0.05104370515329404,0.0,1.0,1.0,0.8512256973795436,0.0,0.0,0.0,1.0,0.16561514195583604,0.6206896551724137,1.0,0.0,0.0,0.5,0.015863859244303558,0.26923076923076916,1.0,0.4433510878396677,0.44444444444444453,0.3393626184323859,1.0,1.0,0.0,0.0,0.9274193548387097,0.953416149068323,0.0,1.0,0.5,0.5,0.0,0.4375,0.6931818181818181,0.0,0.0,0.33333333333333326,0.0,0.0,0.0,0.0,0.04268077601410947,0.8097517609245709,0.4482758620689654,0.7987515652866846,0.0,0.0,0.0,0.0,0.0,0.0,0.8768974145120935,0.0,0.5,0.0,0.8605533450541316,0.6992833876221498,0.9637286906057309,0.0,0.0,0.0,0.0,0.0,0.9878665318503539,0.0,0.0,0.0,0.0,0.0,0.8571428571428572,0.0,0.2420283892203251,0.5000384644972691,0.0,0.8665105386416861,0.0,qsampled
0.5714285714285714,0.0,0.0,0.0,0.75,0.9404761904761905,0.0,0.0,0.0,0.0,0.0,0.5988818360129113,0.0,0.8669821240799158,0.0,0.0,0.0,0.0,0.6606856055568626,0.0,0.0,0.0,0.0,0.0,0.10749828677801765,0.0,0.5907731170644153,0.0,0.0,0.0,0.798462852263023,0.6278834479967624,0.0,0.0,1.0,0.0,0.0,0.0,0.8867709815078236,0.3041074249605056,0.0,0.0,0.0,0.3776066453231809,0.8979591836734694,0.4679338842975207,0.08783839381222769,0.0,0.33333333333333337,0.6265841438255231,0.257092476489028,0.0,0.6446776611694154,0.4993821463765622,0.7978252623593375,0.0,0.0,0.4542752629172383,0.11418803418803403,0.1489795918367347,0.4068299925760951,0.1429479034307496,0.0,0.1428571428571429,0.0,0.0,0.0,0.0,0.7676823231767682,0.6066252587991718,0.8571428571428571,0.6981222587719298,0.0,0.0,0.0,0.0,0.0,0.3548387096774194,0.0,0.8571428571428572,0.0,0.29689440993788796,0.0,0.0,0.03279813366268669,0.009895227008148932,0.5,0.11146899077933548,0.66,0.8789954337899544,0.0,0.06882022471910121,0.33333333333333337,0.0,0.5407279029462738,1.0,0.27651356993736953,0.23251448624826565,0.0,0.1322172873249059,0.125,0.0,0.0,0.33333333333333337,0.8966830809253925,0.0,0.0,0.0,0.0,0.0,0.5792547274749722,1.0,0.30103200979534706,0.11111111111111105,0.0,0.10866202629543686,0.16945516945516959,0.0,0.6666666666666667,0.0,0.0,0.0,0.6666666666666667,0.0,0.9090909090909091,0.7158779462817468,0.7483870967741936,0.25,0.0,0.0,0.0,0.0,0.0,0.5749458874458875,0.0,0.6732289263095881,0.0,0.0,0.0,0.38820988304709725,0.5711694845843328,0.33366093366093375,0.7436676798378926,0.4444444444444444,0.0,1.0,0.0,0.0,0.0,0.0,0.5,0.0,0.0,0.0,0.0,0.0,0.7348730118122393,0.0,0.20729095941923015,0.9224721706864564,0.0,0.0,0.0,0.0,0.0,0.0,0.5211798624972276,0.0,0.0,0.0,0.019036009002250553,0.0,0.48288397964708607,0.0,0.0,0.0,0.0,0.0,0.0,0.6208594044878712,0.0,0.0,0.6666666666666667,0.0,0.7194244604316546,0.0,0.382612293818846,0.09114275903791769,0.0,0.0,0.7624726428156684,0.0,0.0,0.0,0.0,0.65,0.0,0.0,0.0,0.0,0.0,0.0,0.7161290322580645,0.0,0.7435897435897436,0.0,0.0,0.0,0.0,0.8632889895273139,0.0,0.0,0.0,0.0,0.0,0.8681318681318682,0.0,0.6206896551724137,0.0,0.25,0.0,0.6930299747201156,0.8282462493533368,0.0,0.0,0.7611940298507462,0.0,0.0,0.0,0.5892351274787535,0.0,0.0,0.0,0.03558718861209986,0.19593468843718764,0.3999999999999999,0.7875177304964539,0.0,0.0,0.0,0.709164498409945,0.0,0.0,0.0,0.8231780167264038,0.7478991596638656,0.0,0.0,0.38674828952106577,0.6271186440677966,0.0,0.10667634252539926,0.6696428571428572,0.1887043189368771,1.0,1.0,0.0,0.05695570112135029,0.5,1.0,0.8,1.0,0.9421252371916509,0.0,0.1428571428571429,0.2691117984975694,0.0,0.0,0.10227272727272718,0.0,1.0,0.22795558458523812,0.29953198127925107,0.0,0.33333333333333326,0.23864795918367343,0.0,0.0,0.40045441635898904,0.5,0.7192982456140351,0.0,0.19354838709677402,1.0,0.0,0.6325602546612097,0.8125,0.0,0.24315339559917692,0.4077669902912622,0.0,0.0,0.0,0.4545454545454546,0.0,0.5446410412853366,0.0,0.0,0.0,0.0,0.0,0.7406269207129687,0.5,0.19324577861163206,0.0,0.0,0.39184397163120555,0.5704697986577181,0.0,1.0,0.0,0.0,0.0,1.0,0.0,0.3529411764705882,0.9382882882882883,0.7769230769230769,0.0,0.0,0.5,0.0,0.0,0.2857142857142857,0.8064746914684314,0.0,0.5992920353982301,0.0,0.0,0.2803889789303079,0.8116926355040618,0.48357897729965416,0.0,0.6321752265861027,0.6363636363636364,0.0,1.0,0.44999999999999996,0.0,0.3225806451612905,0.0,0.0,0.0,0.0,0.0,0.0,0.0,0.49672794398295617,0.0,0.0,0.7202437032849696,0.0,0.0,0.0,0.0,0.0,0.0,0.0,0.0,0.0,0.0,0.5736942020196694,0.2585764949611995,0.3718973231807833,0.0,0.0,0.0,0.0,0.0,0.0,0.5827424878213476,0.0,0.0,0.5,0.0,0.5,0.0,0.7821854279253383,0.8465441205167232,0.0,0.0,0.6999874497991968,1.0,0.0,0.0,0.0,1.0,0.7142857142857143,0.0,0.0,0.0,0.0,0.0,0.894047619047619,0.0,0.5403271291596166,0.0,0.0,0.0,0.0,0.7262374285150859,0.0,0.0,0.0,0.0,0.0,0.0,0.35620102471368287,0.6250486949746786,0.0,0.0,0.0,0.48913043478260876,0.9200885668276972,0.0,0.0,1.0,0.0,0.0,0.6746258018531718,0.32799999999999996,0.05932932072227015,0.17365269461077848,0.0,0.22178529296106964,0.3076923076923076,1.0,0.28616852146263905,0.0,0.0,0.6666666666666667,0.683116025746823,0.5913541004450096,0.0,0.37406947890818854,0.03708390110959703,0.6923076923076923,0.0,0.0,0.3894919669995658,0.7254901960784315,0.2857142857142857,0.8571428571428572,0.35471406491499224,0.0,0.44217687074829926,0.0,0.0,0.0,0.0,0.4836916776363902,0.44610778443113763,0.8,0.5282657297987863,1.0,0.33333333333333337,1.0,0.0,0.0,0.4736842105263158,0.0,1.0,0.2136279926335175,0.0,0.0,0.5,0.16319612590799026,0.18981805458362488,1.0,0.031503358813991134,0.375,0.445524971155431,0.5,0.0,0.15789473684210542,0.42800199302441466,0.0586419753086419,1.0,0.5691756272401434,0.6818700114025086,1.0,0.3276157804459692,0.0,0.31762488218661633,0.5064935064935064,0.25,0.7377049180327869,0.0,1.0,0.0,0.0,0.0,0.4274353876739563,1.0,0.5185840707964602,0.2857142857142857,0.31845238095238104,0.2900093955527717,0.5499999999999999,1.0,0.0,0.0,0.0,0.0,0.0,1.0,0.2570977917981073,0.6089385474860336,1.0,0.6666666666666666,0.0,0.5,0.09012753897024095,0.0,0.0,0.8218499876227411,0.0,0.8721000605204761,0.0,0.6020230205790025,0.0,0.0,0.9432046138415245,0.68460881240083,0.0,0.0,0.0,0.0,0.0,0.0,0.0,0.11714285714285722,1.0,0.0,0.0,0.0,0.0,0.0,0.0,0.848186968838527,0.0,0.7149393731411576,0.0,0.0,0.0,0.0,0.0,0.0,0.0,0.0,0.5,0.0,0.5202960840496657,0.0,0.48589341692789956,0.0,0.0,0.0,0.0,0.0,0.0,0.6967181908170259,0.0,0.0,1.0,0.0,1.0,0.0,0.0,0.0,0.0,0.0,0.9113391913372548,qsampled
0.5714285714285714,0.7057535565668955,0.0,0.0,0.0,0.0,0.0,0.0,0.0,0.0,0.0,0.0,0.0,0.0,0.0,0.0,0.0,0.7083322457545274,0.0,0.0,0.0,0.0,0.0,0.0,0.0,0.0,0.0,0.0,0.2857142857142857,0.0,0.0,0.0,0.0,1.0,0.6842105263157894,0.0,0.6976744186046512,0.3019607843137255,0.12962962962962954,0.2847280529900176,0.14525339043540342,0.9583333333333334,0.22718707940780614,0.9693302387267905,0.0,0.9414335664335665,0.0,1.0,0.0,0.7232524964336662,0.29089053329931114,0.0,0.4755825087775295,0.38820591001978655,0.7588970271434726,0.0,0.5785752986403159,0.0,0.8837606837606837,0.0,0.0,0.21573208722741444,0.0,0.33333333333333337,0.0,0.0,0.0,0.44444444444444453,0.0,0.0,0.0,0.0,0.7483870967741936,0.5714285714285714,0.14035087719298245,0.0,0.7966573816155988,0.0,0.0,0.0,0.15625759416767915,0.0,0.0,0.0,0.41446159500183744,0.019672635057250587,0.0,0.0,0.66,0.887877534133223,0.33333333333333337,0.6379915730337079,1.0,1.0,0.5867556468172486,1.0,0.45966562173458725,0.3302257829570282,0.5497587454764776,0.0,0.0,0.5016535485151135,0.30228075811114674,0.8333333333333334,0.18512560326692262,0.3422773393461105,0.0,0.6666666666666667,0.5,0.0,0.0,1.0,0.06294760648322661,0.33333333333333326,0.0,0.25585085283617626,0.0,1.0,0.0,0.5190098758106217,0.5,0.5,0.0,1.0,0.0,0.0,0.0,0.0,0.0,0.0,0.0,0.5626764071060932,0.0,0.3831562552149971,0.4722222222222222,0.6510465011827409,0.0,0.0,0.0,0.38820988304709725,0.591113905480457,0.0,0.29381965552178324,0.0,0.7777777777777778,1.0,0.3076923076923077,0.8231707317073171,0.21687763713080166,0.0,0.5,0.0,0.0,0.0,0.0,0.9821395691401216,0.0,0.9094576699208524,0.26827888939757094,0.0,0.33333333333333326,0.0,0.0,0.84,0.0,0.9968647623696388,0.3631961259079902,0.0,0.5714285714285714,0.7,0.0,0.0,0.0,0.0,0.0,0.0,0.0,0.0,0.0,0.6262946037711674,0.0,0.0,0.0,0.0,0.0,0.0,0.0,0.0605813894320586,0.0,0.0,0.07355544568667172,0.0,0.5741935483870968,0.0,0.0,0.0,0.0,0.0,0.0,0.0,0.0,0.0,0.0,0.0,0.0,0.0,0.0,0.0,0.9860340932429656,0.0,0.0,0.0,0.0,0.0,0.0,0.0,0.0,0.0,0.0,0.0,0.33333333333333326,0.0,0.0,0.0,0.7619047619047619,0.5909090909090908,0.0,0.5087719298245614,0.6048632218844985,0.8725124378109453,0.0,0.0,0.8134969325153374,0.0,1.0,0.0,0.9231896804456171,0.0,0.23076923076923073,1.0,0.9402196014640097,0.634536416684677,0.0,0.2574558734023127,0.4211410677461239,0.7621457489878543,0.0,0.7108559498956158,0.0,1.0,0.2571428571428571,0.18561001042752867,0.6696428571428572,0.0,0.5,1.0,0.0,0.0,0.75,0.0,0.5149253731343284,0.0,0.13123236124176862,0.7769230769230769,0.6666666666666667,0.0,0.0,0.6236949614162506,0.0,0.0,0.0,0.2860532761788118,0.0,0.0,0.33333333333333326,0.7345663265306123,0.0,1.0,0.0,0.5,0.7192982456140351,1.0,0.6129032258064515,1.0,0.9123108296662016,0.0,0.8125,0.32444061962134263,0.0,0.4077669902912622,0.0,1.0,0.5638401559454191,0.0,0.08333333333333337,0.5564368517388651,0.5647279549718576,0.0,0.0,0.0,0.0,0.4694000602954477,0.0,0.21682464454976313,0.33333333333333337,0.0,0.0,0.0,0.875,0.0,0.5840056120659418,1.0,0.8,0.0,0.9,0.3529411764705882,0.4432918395573996,0.0,0.5,0.0,0.0,0.0,0.0,0.2857142857142857,0.7656726533378515,0.37037037037037035,0.5992920353982301,0.0,0.0,0.3720430107526882,0.8116926355040618,0.4809222391173662,0.11043017088980556,0.2515942028985507,0.0,0.8571428571428572,1.0,0.65,0.75,0.48684210526315796,0.0,0.0,0.0,0.0,0.0,0.0,0.9823749187784275,0.0,0.9789288034902071,1.0,0.0,0.5,0.0,0.0,0.9545454545454546,0.0,1.0,0.0,0.0,0.6428571428571428,1.0,0.009914151679659589,0.0,0.0,0.0,0.0,0.0,0.0,0.0,0.0,0.5827424878213476,0.0,0.0,0.0,0.0,0.0,0.0,0.0,0.21206573189247124,0.0,0.0,0.11550888529886927,1.0,0.7539267015706806,0.0,0.0,0.0,0.0,0.0,0.0,0.0,0.0,0.0,0.0,0.0,0.0,0.0,0.0,0.0,0.9674172637325145,0.0,0.0,0.0,0.0,0.0,0.0,0.0,0.0,0.0,0.0,0.0,0.0,0.0,0.0,0.0,1.0,0.75,0.0,1.0,0.5739644970414202,0.0,0.05932932072227015,0.36482449589245725,0.5845410628019323,0.5142972211035038,0.7692307692307692,0.0,0.3681645912290198,0.5944533762057878,0.0,0.0,0.7105159511618747,0.3453597497393118,0.0,0.4762566304622379,0.04043676505879523,0.0,0.0,0.19937304075235118,0.0,1.0,0.0,0.0,0.33721727210418084,0.02116935483870952,0.0,0.0,0.0,0.0,0.4285714285714285,0.0,0.0,0.0,0.0,1.0,0.0,0.41176470588235303,0.0,1.0,0.2857142857142857,0.0,1.0,0.20871107607410333,0.0,0.0,0.5,0.0,0.2364931237721023,0.0,0.0,0.375,0.45402735562310015,0.0,0.4441707717569786,0.20000000000000018,0.6731439960139511,0.060381355932203506,1.0,0.5773115773115773,0.8383333333333334,1.0,0.0,0.625,0.25908558030480655,0.5950920245398772,0.75,0.6136363636363638,0.016172506738544645,1.0,1.0,0.5,0.0,0.0,1.0,0.0,0.4285714285714285,0.05493482309124764,0.30951254141031714,0.56,1.0,1.0,0.8875739644970414,0.0,0.0,0.0,0.0,0.16499999999999992,0.10089020771513357,1.0,0.0,0.0,1.0,0.024721543058951356,0.6923076923076923,0.0,0.8369974492894449,1.0,0.8859954890301415,0.0,0.5733194009056078,0.0,0.0,0.9508109071466762,0.0,0.6,1.0,0.5,0.5,0.29268292682926833,0.4736842105263157,0.3784090909090909,0.047235023041474644,1.0,0.0,0.0,0.0,0.0,1.0,0.04604569420035154,0.526185069543003,0.2068965517241378,0.7607260726072607,0.0,0.0,0.0,0.0,0.0,0.9590254461919067,0.0,0.0,0.0,0.5714285714285714,0.0,0.0,0.36823734729493884,0.0,0.0,0.0,0.0,0.0,0.0,0.6736254295532647,0.0,0.0,0.0,0.0,0.0,0.0,0.2420283892203251,0.5000384644972691,0.0,0.0,0.0,qsampled
0.0,0.0,0.0,0.0,0.0,0.0,0.0,0.7777389684480149,0.8525621816002398,0.0,0.6548980606663353,0.8837452337240502,0.0,0.0,1.0,0.9163901254552813,0.0,0.0,0.0,0.0,0.0,0.0,0.0,0.0,0.0,0.654758097674631,0.0,0.6997643670637518,0.8571428571428572,0.0,0.0,0.884327120779996,0.0,0.0,0.0,0.0,0.0,0.0,0.08571428571428563,0.12295923127157371,0.0,0.9583333333333334,0.3834903544190219,0.3217838196286472,0.43211578221915936,0.06692913385826782,0.0,0.0,0.0,0.14486053321004788,0.7586556896357279,0.0,0.0,0.8652091983924491,0.0,0.0,0.4276193428394296,0.0,0.49295290477827425,0.0,0.0,0.0,0.7207207207207207,0.33333333333333337,0.6000000000000001,1.0,0.0,0.33333333333333337,0.0,0.22475270301357275,0.1428571428571428,0.0,1.0,0.0,0.11642411642411654,0.0,0.36186650185414093,0.7741935483870968,0.29556650246305427,0.2857142857142857,0.1553854255276057,0.0,0.0,0.0,0.3287435456110155,0.0,0.5,0.0,0.4,0.0,0.6666666666666667,0.6379915730337079,0.7777777777777778,0.17391304347826086,0.0,0.4736842105263158,0.0,0.40852612068373706,0.36797326040717104,0.8302532511978097,0.0,0.0,0.0,0.0,0.9055892573178632,0.6752637034327176,0.0,0.0,1.0,0.0,0.40341210130338045,0.0,0.05855855855855874,0.0,0.4898692484279866,0.4438920454545454,0.6190476190476191,0.375,0.6666666666666667,0.0,0.0,0.5,0.33333333333333337,0.29999999999999993,0.9090909090909091,0.10463215258855585,1.0,0.75,0.0,0.0,0.0,0.7117041512811906,0.5286654135338346,0.1022131489815804,0.0,0.9041591870265008,0.0,0.02989690721649485,0.6236782170164308,0.3528837257119358,0.3548137978376522,0.23421993694322762,0.0,0.4444444444444444,0.0,0.0,1.0,1.0,0.6048738033072236,0.8780918727915195,0.0,0.0,0.0,0.0,0.0,0.0,0.4421004356798901,0.9951988619524628,0.47148613994382704,0.6503166738005934,0.0,0.0,0.0,0.0,0.0,0.0,0.0,0.0,0.6666666666666667,0.0,0.9771446172801479,0.06835909287880959,0.29186957845076855,0.0,0.0,0.0,0.0,0.0,0.0,0.0,0.8171008179231863,0.0,0.0,0.0,0.0,0.0,0.6363909473262568,0.05801112626494298,0.0,0.7479269502590546,0.0,0.0,0.0,0.0,0.0,0.0,0.0,0.0,1.0,0.5945945945945946,0.0,0.6525514008735485,0.918271119842829,0.0,0.0,1.0,0.8480260636259103,0.0,0.0,0.0,0.0,0.0,0.0,0.0,0.0,0.0,0.6279718402290964,0.0,0.6444444444444444,0.0,0.0,0.0,0.5998618852661175,0.0,0.0,0.0,0.0,0.0,0.0,0.9557522123893806,0.2911051212938005,0.8181818181818181,0.8134969325153374,0.7025730484081989,0.3366434955312808,0.3999999999999999,0.050396375990939934,0.18598382749326137,0.0,1.0,0.0,0.93098479936604,1.0,0.0,1.0,0.0,0.0,0.314151190164792,0.0,0.6948051948051948,0.2571428571428571,0.0,0.0,0.7656328164082041,0.5,0.0,1.0,0.0,0.2500000000000001,0.11111111111111116,0.0,0.0,0.13123236124176862,1.0,0.11111111111111105,0.0,0.0,0.19656786271450832,1.0,1.0,0.5714285714285714,0.27422443508234384,0.0,0.0,0.0,0.8052319191030995,1.0,0.0,0.0,0.5,0.0,1.0,0.6129032258064515,1.0,0.32063223257126716,0.07142857142857151,0.6875,0.0,0.0,0.15100671140939603,1.0,0.0,0.23853211009174313,0.4545454545454546,0.0,0.5446410412853366,0.7503052503052503,0.0,0.0,0.0,0.0,0.0,0.0,0.0,0.33333333333333337,0.0,0.005331302361005319,0.8920091907071739,0.375,1.0,0.0,0.0,0.8,0.0,0.44999999999999996,0.3529411764705882,0.3084714548802945,1.0,0.0,0.0,0.5,0.0,0.0,0.0,0.5782548476454294,0.0,1.0,0.0,0.7945922372437855,0.9362007168458781,0.7613086296110833,0.5707762557077626,0.0,0.0,0.6363636363636364,0.0,0.0,0.44999999999999996,0.75,0.0,1.0,1.0,0.0,0.0,0.0,0.0,0.0,0.37038689172289085,0.9858305697919807,0.0,0.5322694203238676,0.0,0.0,0.0,0.0,0.0,0.0,0.7908954477238619,0.0,0.6551724137931034,0.0,0.9749448151625099,0.5469748168611104,0.7173384825810605,0.0,0.0,0.0,0.0,0.0,0.0,0.0,0.8148148148148148,0.0,0.0,0.0,0.0,0.0,0.9223207716831522,0.9004919351647918,0.0,0.7525881695949139,0.0,1.0,0.0,0.0,0.0,0.0,0.0,0.0,0.7404291123264619,0.824186046511628,0.0,0.7863525588952072,0.894047619047619,0.0,0.0,0.6666666666666667,0.8833955223880596,0.0,0.0,0.0,0.0,0.0,0.0,0.0,0.0,0.0,0.0,0.0,0.8286011801457828,0.5454545454545454,0.0,0.0,0.9200885668276972,0.0,0.0,0.0,0.0,0.0,0.6476054324517512,0.0,0.863456577815993,0.0,0.5845410628019323,0.0,0.7692307692307692,0.6,0.0,0.5944533762057878,0.75,0.0,0.41092679408582755,0.7657502157563802,0.0,0.43619167717528373,0.6306377730796335,0.25,0.0,0.7854104636324968,0.0,1.0,0.0,0.0,0.0,0.0,0.0,1.0,0.0,0.0,0.5714285714285714,0.0,0.3388561053109398,0.19999999999999996,0.0,1.0,0.0,0.41176470588235303,0.0,0.8888888888888888,1.0,0.0,0.0,0.2136279926335175,0.0,0.0,0.0,0.0,0.0,1.0,0.0,0.375,0.0,0.5,0.4441707717569786,1.0,0.0,0.0,0.0,0.5086848635235732,0.8370230805463966,1.0,0.5497512437810945,0.0,0.2960271317829458,0.0,0.25,0.813953488372093,0.18594594594594582,1.0,0.0,0.0,0.0,0.7546296296296297,0.5,0.31264023934180996,0.0,0.8467261904761905,0.0,0.24,1.0,0.0,0.0,0.0,0.0,1.0,0.0,0.2570977917981073,0.32965517241379316,1.0,0.6666666666666666,0.0,0.5,0.0,0.6923076923076923,0.5614692653673163,0.6261489562752343,0.0,0.43447932237169884,0.0,0.0,0.579676674364896,0.0,0.0,0.693457485910316,0.19999999999999996,0.0,0.0,0.5,1.0,0.75,0.7715909090909091,0.8294930875576036,0.0,0.0,0.0,0.0,0.0,0.0,0.0,0.808361391694725,0.6724137931034482,0.8173035768878019,1.0,0.0,0.0,0.0,0.0,0.0,0.8768974145120935,0.0,1.0,0.0,0.9567483064095883,0.6923691570115862,0.6091736163760424,0.0,0.0,0.0,0.0,0.0,0.0,0.0,0.7358490566037736,0.0,0.0,0.0,0.5,0.0,0.25163398692810446,0.05785271580902729,0.0,0.8555074257425743,0.0,qsampled
0.0,0.0,0.0,0.8422908731838059,0.0,0.0,0.0,0.0,0.0,0.0,0.0,0.0,0.0,0.0,0.0,0.0,0.0,0.7083322457545274,0.0,0.7185522344464998,0.0,0.0,0.0,0.7498274331919929,0.0,0.6458512711288349,0.0,0.6997643670637518,0.2857142857142857,0.0,0.0,0.0,0.0,0.0,0.0,0.0,0.0,0.26726807998797153,0.2314814814814815,0.7899990670771526,0.2358029334336217,0.0,0.0,0.0,0.0,0.08823529411764708,0.51914542494592,0.0,0.6666666666666667,0.13978985838282298,0.0,0.0,0.918608362591765,0.0,0.0,0.7663360560093349,0.9142901425914445,0.45063451776649743,0.15233362143474505,0.0,0.5049566294919455,0.0,0.0,1.0,0.4,0.0,0.0,0.22222222222222232,0.6965130348696513,0.5637178666178758,0.5714285714285714,0.31314671604400357,0.0,0.0,0.11642411642411654,0.0,0.0,0.19354838709677413,0.4,0.5714285714285714,0.0,0.0,0.0,0.0,0.0,0.36047926612374814,0.0,0.0,0.0,0.0,0.0,0.9565217391304348,1.0,0.6521739130434783,0.0,0.0,0.27011494252873547,0.0,0.8055302339714372,0.22903516681695224,0.125,0.280775215730655,0.45968519113395434,1.0,0.06867951982539078,0.0,0.0,0.0,1.0,0.6666666666666667,0.5723931956888715,1.0,0.8518658122879759,0.0,0.0,0.25585085283617603,0.0,0.0,0.0,0.0,0.0,0.0,0.33333333333333337,0.8571428571428572,0.0,0.18746574090992152,0.0,0.75,0.0,0.0,0.0,0.484472049689441,0.9291981845688351,0.11674067495559526,0.4722222222222222,0.0,0.6666666666666667,0.02989690721649485,0.24442817634618508,0.0,0.0,0.0,0.0,1.0,0.0,0.0,0.1923076923076923,0.9004329004329005,0.5333333333333333,0.37750294464075396,0.0,0.0,0.0,0.0,0.0,0.0,0.4421004356798901,0.9233379126597561,0.08264885681200007,0.0,0.0,0.0,0.0,0.0,0.0,1.0,0.3675417661097852,0.206896551724138,0.0,0.0,0.250299107279811,0.04997986306886815,0.0,0.0,0.0,0.0,0.0,0.0,0.0,0.0,0.0,0.0,0.6666666666666667,0.0,0.0,0.0,0.0,0.9797388691925448,0.0,0.0,0.44833241568361004,0.0,0.0,0.0,0.7916666666666666,0.0,0.0,0.0,0.0,0.0,0.0,0.0,0.0,0.0,0.0,0.0,0.0,0.0,0.9860340932429656,0.0,0.9314795259885017,0.0,0.0,0.0,0.7940379403794038,0.0,0.5626364656667686,0.0,0.6444444444444444,0.25,0.0,0.0,0.0,0.0,0.0,0.0,0.0,0.0,0.3179863660199268,0.9144900497512438,0.7223796033994334,0.0,0.12343558282208589,0.0,0.0,0.0,0.0,0.4286033020972779,0.0,1.0,0.0,0.5763273539370364,1.0,0.967156862745098,0.0,0.0,0.6693651469961652,1.0,0.40619340818544003,0.0,0.2571428571428571,0.14863102998696232,0.0,0.0,0.75,1.0,0.0,0.0,0.0,0.8997955010224948,0.8425096030729833,0.5,0.0,0.0,0.1428571428571429,0.0,0.0,0.0,0.41509433962264153,0.5129032258064515,0.8571428571428571,0.0,0.0,0.0,0.0,0.0,0.5238095238095237,1.0,0.0,0.0,0.0,0.0,0.967741935483871,1.0,0.6579907695610174,0.07142857142857151,0.0,0.0,0.16920389318692264,0.941747572815534,0.15420560747663548,0.46475770925110127,0.34381091617933723,0.7142857142857143,1.0,0.5650224215246638,0.0,0.0,0.0,0.0,1.0,0.8362978595116068,1.0,1.0,0.33333333333333337,0.0,0.39184397163120555,0.0,0.0,0.0,0.49626865671641796,0.0,0.0,0.0,0.0,0.0,0.80355472404116,0.0,1.0,0.0,1.0,0.0,1.0,0.7571428571428571,0.0,0.37037037037037035,0.0,0.6470588235294118,0.7962170682278766,0.0,0.0,0.0,0.11043017088980556,0.0,0.6363636363636364,0.0,0.0,0.0,0.75,0.48684210526315796,1.0,1.0,0.0,0.0,0.0,0.0,0.0,0.37038689172289085,0.8950859210129636,0.5098564127524945,0.0,0.0,0.0,0.0,0.0,0.0,1.0,0.0,0.375,0.0,0.0,0.0007889956778646123,0.0,0.0,0.0,0.0,0.0,0.0,0.0,0.0,0.0,0.0,0.0,0.5,0.0,0.0,0.0,0.0,0.9064605628220372,0.0,0.0,0.3271993167171364,1.0,0.0,0.0,0.8499898229187869,0.0,0.0,0.0,0.0,0.0,0.0,0.0,0.0,0.0,0.0,0.0,0.0,0.0,0.9688443103142198,0.0,0.7192674507050494,0.0,0.0,0.0,0.8010245349150714,0.0,0.7058599695585996,0.0,0.8256665481692144,0.0,0.0,0.0,0.0,0.0,0.0,0.0,0.0,0.0,0.0,0.32799999999999996,0.587912087912088,0.3681852128454072,0.5348516218081434,0.23922674184454307,0.15384615384615385,0.0,0.0,0.0,0.0,0.6666666666666667,0.4090192989365893,0.0,0.0,0.9743622126799697,0.0,0.25,0.8536148890479599,0.5527690700104493,0.3894919669995658,0.4374999999999999,0.0,1.0,0.0,0.02116935483870952,0.7959183673469388,0.4,0.0,0.0,0.5714285714285714,0.4519864244360151,0.4337999416739575,0.6,0.6525885558583107,1.0,0.33333333333333337,0.41176470588235303,0.0,0.0,0.0,0.0,0.0,0.32021902251064693,0.0,0.0,0.0,0.37966101694915244,0.36409836065573764,0.0,0.0,0.0,0.0,0.5,0.6559934318555009,0.8666666666666667,0.17389138016940708,0.0,0.33333333333333337,0.16377171215880904,0.4654166666666667,1.0,0.03606965174129362,0.0,0.0,0.5950920245398772,0.0,0.6046511627906976,0.01115760111576003,1.0,0.0,0.0,0.0,0.193609022556391,0.0,0.5,0.0,0.05493482309124764,0.30951254141031714,0.56,1.0,1.0,0.0,0.0,0.0,1.0,1.0,0.9022082018927444,0.15694444444444422,1.0,0.6666666666666666,0.0,0.0,0.024721543058951356,0.26923076923076916,1.0,0.5673789795028348,1.0,0.2734815798207765,1.0,0.0,0.29220023282887087,0.5542961608775137,0.6167052875500315,0.0,0.19999999999999996,0.0,0.0,0.5,0.41463414634146345,0.4736842105263157,0.9,0.0,0.0,0.0,0.0,0.0,0.0,0.0,0.43343653250773984,0.526185069543003,0.22413793103448265,0.7961091767914099,0.0,0.0,0.0,0.0,0.0,0.988981824905644,0.0,0.0,0.0,0.0,0.6718022939135035,0.0,0.3753286590709902,0.0,0.0,0.0,0.0,0.0,0.0,0.0,0.0,0.0,1.0,0.0,0.0,0.0,0.2420283892203251,0.04308023694130336,0.0,0.0,0.603233432166039,qsampled
0.5714285714285714,0.0,0.0,0.0,0.0,0.0,0.0,0.7777389684480149,0.0,0.0,0.0,0.0,0.7200576771565756,0.8669821240799158,1.0,0.0,0.0,0.7043109354413704,0.0,0.0,0.0,0.717948717948718,0.25,0.0,0.0,0.5301267710663684,0.0,0.6997643670637518,0.2857142857142857,0.0,0.8575865128660161,0.0,0.0,0.0,0.7704194260485651,0.0,0.0,0.2681701999699293,0.12745098039215685,0.27264150943396226,0.0,0.0,0.0,0.3642241379310345,0.43049792531120323,0.0633187772925764,0.4967123359442539,0.4462151394422311,0.33333333333333337,0.13978985838282298,0.27421972298750796,0.0,0.0,0.7371925374628708,0.0,0.0,0.0,0.44196482716798047,0.0,0.0,0.5049566294919455,0.3767371601208459,0.9603603603603603,1.0,0.0,1.0,0.06663915824221167,0.33333333333333337,0.0,0.5578937610086214,0.5714285714285714,0.3550037434489641,0.38636363636363635,1.0,0.0,0.0,0.0,0.3548387096774194,0.0,0.2857142857142857,0.7997731599627333,0.31263137779476413,0.0,1.0,0.0,0.36047926612374814,0.0,0.0,0.0,0.8816076889471385,0.0,0.7222612359550562,0.75,0.0,0.8824435318275154,1.0,1.0,0.37686827769241515,0.7894736842105263,0.4757080359198712,0.125,0.23637485568693029,0.0,1.0,0.6716992526609797,0.5669776233156516,0.75,0.6666666666666667,1.0,0.0,0.47310671256454373,1.0,0.0,0.0,0.8362917023096663,0.46098360655737713,0.19047619047619047,0.0,0.0,0.3727205142782176,0.0,0.5,0.6666666666666667,0.8571428571428572,1.0,0.10378220354467393,0.38636363636363635,0.0,0.0,0.0,0.4368715794832634,0.5707308858201416,0.9264613450659962,0.06881139233927536,0.4722222222222222,0.6726623062015504,0.6666666666666667,0.0,0.0,0.38820988304709725,0.0,0.30592079466736366,0.7341772151898736,0.0,0.11111111111111116,0.0,0.3076923076923077,0.5827232796486091,0.0,0.0,0.5,0.0,0.0,0.0,0.0,0.0,0.8900711718694948,0.9170334653071155,0.29154660275226885,0.6503166738005934,0.33333333333333326,0.0,0.0,0.72,0.0,0.0,0.34620174346201726,0.206896551724138,0.16666666666666663,0.9,0.2408131834283076,0.333684736170449,0.4620609571851315,0.0,0.0,0.0,0.0,0.0,0.0,0.5094693333063842,0.8186932729710129,0.0,0.0,0.0,0.0,0.0,0.0,0.9331310454862743,0.0,0.0,0.5674610762482546,0.0,0.0,0.0,0.0,0.0,0.0,0.0,1.0,0.0,0.0,0.0,0.0,0.8214611872146118,0.4736842105263158,1.0,0.0,0.0,0.9860340932429656,0.0,0.0,0.0,0.7142857142857143,0.0,0.0,0.0,0.563367445251673,0.0,0.6444444444444444,0.25,0.0,0.6930299747201156,0.0,0.0,0.0,0.7611940298507462,0.0,0.0,0.3179863660199268,0.9144900497512438,0.0,0.8181818181818181,0.12343558282208589,0.03558718861209986,0.20951728859979446,0.3999999999999999,0.0,0.3383202099737532,1.0,1.0,0.0,0.0,1.0,0.0,0.5645229982964224,0.0,0.0,0.0,0.40619340818544003,0.0,0.2571428571428571,0.0,1.0,0.9480308566788469,1.0,1.0,0.0,0.4965856323408905,0.2500000000000001,0.33333333333333326,1.0,0.5,0.7902764537654909,0.6437499999999999,0.1428571428571429,0.0,0.0,0.0,0.8524590163934427,0.0,0.5714285714285714,0.8166311300639658,0.3462555066079296,0.0,0.0,0.0,0.5238095238095237,1.0,0.0,0.0,0.7192982456140351,0.0,0.7096774193548387,1.0,0.0,0.3571428571428571,0.6875,0.8195488721804511,0.0,0.0,0.31775700934579443,0.0,0.4505080918328942,0.0,0.0,0.35575485799701045,0.0,1.0,0.0,0.5,0.0,0.0,1.0,0.528436018957346,0.33333333333333337,0.9513846153846154,0.005331302361005319,0.6837378381268042,0.0,0.0,1.0,0.0,0.8,1.0,0.0,0.8235294117647058,0.5,0.6437499999999999,0.5,0.0,1.0,0.6325158530063413,0.0,0.7571428571428571,0.6101281269066504,0.37037037037037035,0.7932514429480538,0.6470588235294118,0.0,0.3705501618122977,0.7627118644067796,0.0,0.0,0.4371014492753623,0.0,0.0,0.0,0.65,0.25,0.6875,0.0,0.0,0.0,0.0,0.0,0.0,0.0,0.854220600769482,0.8916738692019591,0.7382218844984803,0.5087169945466785,0.5,0.0,0.0,0.6818181818181819,0.0,0.0,0.0,0.375,0.1724137931034483,0.6666666666666666,0.061682298317870976,0.5283626631297222,0.9718355146419597,0.0,0.0,0.0,0.0,0.0,0.0,0.5827424878213476,0.8148148148148148,0.0,0.0,0.0,0.0,0.0,0.0,0.547423416986693,0.0,0.0,0.46209440638409993,1.0,0.0,0.0,0.0,0.0,0.0,0.0,0.718819737168361,0.0,0.0,0.0,0.0,0.6431713938032388,0.4375678610206296,0.6666666666666667,0.0,0.0,0.9674172637325145,0.0,0.0,0.0,0.8478260869565217,0.33333333333333326,0.0,0.0,0.0,0.0,0.8188075367805214,0.0,0.0,0.5013262599469496,0.0,0.0,0.0,0.75,0.0,0.0,0.0,0.32799999999999996,0.06058446186742672,0.0,0.5348516218081434,0.23922674184454307,0.3076923076923076,0.6,0.0,0.0,0.6666666666666667,0.33333333333333337,0.41617952102583444,0.5437060781654542,0.0,0.43619167717528373,0.9495203836930456,0.25,0.0,0.0,0.3737950731881471,0.0,0.0,0.8571428571428572,0.5887594242631939,0.10493827160493818,0.4444444444444444,0.0,0.0,0.6497991967871486,0.5714285714285714,0.0,0.45814445451798136,0.6,0.10081743869209803,0.5,0.33333333333333337,0.41176470588235303,0.0,0.0,0.5,0.0,0.0,0.8918462188424165,0.0,0.0,0.0,0.3962085308056872,0.36409836065573764,0.0,0.0,0.0,0.4697286012526095,0.5,0.5804597701149425,0.42000000000000004,0.42800199302441466,0.0,0.0,0.5062034739454093,0.8383333333333334,0.8148148148148149,0.6666666666666667,0.0,0.0,0.0,0.25,0.813953488372093,0.7802690582959642,0.0,1.0,1.0,0.0,0.7457162440027416,0.0,1.0,0.0,0.7804459691252144,0.0,0.0,1.0,1.0,0.3009682625067239,0.0,0.0,0.0,1.0,0.16561514195583604,0.3798882681564246,0.5,0.0,0.0,0.0,0.0,0.6923076923076923,1.0,0.6277706110003518,0.7777777777777778,0.0,1.0,0.5733194009056078,0.0,0.0,0.5558574222995001,0.6935347261434218,0.0,1.0,0.5,0.5,0.29268292682926833,0.625,0.0,0.0,1.0,1.0,0.0,0.0,0.0,0.0,0.8421052631578947,0.526185069543003,0.0,0.8173035768878019,0.0,0.0,0.0,1.0,0.0,0.0,0.0,0.1428571428571428,0.5,1.0,0.6919651362164222,0.6563872535277078,0.5392930178206251,0.0,0.0,0.0,0.0,0.0,0.0,0.6736254295532647,1.0,0.0,0.0,0.0,0.0,0.0,0.15836926695413567,0.0,0.0,0.0,0.6049963939418223,qsampled
0.0,0.0,0.0,0.0,0.0,0.9421296296296297,0.7857142857142857,0.0,0.666147859922179,0.0,0.0,0.0,0.7161222462455443,0.0,0.0,0.0,0.0,0.0,0.7315671783210157,0.0,0.7233400402414487,0.0,0.0,0.0,0.005346380662303418,0.0,0.7014608920491273,0.6997643670637518,0.2857142857142857,0.77227200843437,0.0,0.0,0.5265921348715934,0.8571428571428572,0.0,0.0,0.0,0.0,1.0,0.16666666666666674,0.5122615803814714,0.5769230769230769,0.039880358923230386,0.0,0.42712691771269184,0.4679338842975207,0.6683923154701719,0.0,0.33333333333333337,0.0,0.2790619679067128,0.0,0.0,0.0,0.0,0.4721479150275374,0.7009202888291095,0.6360353511356078,0.27838908450704225,0.0,0.0,0.0,0.0,1.0,0.0,0.0,0.16952016219869337,0.0,0.0,0.26380755022975033,0.1428571428571428,0.48692704970948997,0.558974358974359,0.0,0.5714285714285714,0.0,0.7966573816155988,0.0,0.0,0.5714285714285714,0.08695156695156703,0.3007731958762885,0.0,1.0,0.0,0.797699793571218,0.0,0.46105571438532866,0.66,0.0,0.33333333333333337,0.0,0.75,0.17391304347826086,0.0,1.0,0.0,0.5126050420168067,0.3290322580645161,0.8669972948602345,0.0,0.0,0.0,0.33333333333333337,0.0,0.6974693483118923,0.0,0.0,0.19999999999999996,0.0,0.0,0.11111111111111116,0.011516626115166018,0.4444444444444444,0.2853810264385692,0.3348946135831381,0.0,1.0,0.6666666666666667,0.60346437091588,0.0,0.0,0.33333333333333337,0.0,1.0,0.18892746208660693,0.558974358974359,1.0,0.8571428571428571,0.0,0.45294630662651614,0.5460733853561348,0.0,0.0,0.7222222222222222,0.9115761987656275,0.6666666666666667,0.0,0.4623745999011837,0.7769465809714466,0.0,0.6882696852842394,0.8751608751608752,0.0,0.7777777777777778,0.0,0.0,0.23747494989979978,0.20171673819742497,0.5006495193556768,0.0,0.0,0.0,0.0,0.0,0.7092299086332277,0.0,0.9251396132367194,0.49841436246887694,0.0,0.0,0.0,0.5527965382756218,0.0,0.0,0.0,0.5014840182648401,0.0,0.0,0.0,0.6784980212903028,0.0,0.5043252970926805,0.0,0.0,0.0,0.0,0.0,0.0,0.740044629912127,0.8164837888380686,0.0,0.0,0.0,0.655,0.0,0.0,0.861257622510168,0.0,0.0,0.0,0.0,0.0,0.0,0.0,0.0,0.7916666666666666,0.8839285714285714,0.0,0.5945945945945946,0.0,0.0,0.0,0.8214611872146118,0.0,0.0,0.0,0.0,0.0,0.8537492952452547,0.0,0.8861120429386112,0.0,0.0,0.0,0.0,0.0,0.6206896551724137,0.6444444444444444,0.0,0.7083333333333333,0.0,0.0,0.8655913978494624,0.6666666666666667,0.0,0.0,0.0,0.0,0.5230352303523034,0.3915929203539824,0.46153846153846145,0.6347150259067357,0.08305647840531571,0.0,0.3999999999999999,0.7008784096162737,0.8125689084895259,0.23076923076923073,1.0,0.0,0.0,0.0,0.0,0.0,0.0,0.2968388589051656,0.8700417536534446,0.2730573710965867,0.0,0.2571428571428571,0.327911515940143,0.0,0.2029734970911441,1.0,1.0,0.0,0.0,0.5,0.0,0.0,0.0,0.9496707431796801,1.0,0.0,0.5904677846425418,0.0,0.6206896551724137,0.0,0.0,0.8571428571428571,0.22795558458523812,0.3223292067858782,0.0,0.0,0.04233274126702169,0.6666666666666666,1.0,0.5630997500201596,0.5,0.0,1.0,0.0,1.0,0.32515831276161855,0.07142857142857151,0.8125,0.5593803786574871,0.8511287370347773,0.2799352750809063,1.0,0.0,0.0,0.0,0.0,0.47777777777777786,0.8791208791208791,0.0,0.0,0.5,0.0,0.3889585947302383,0.0,0.6026490066225165,0.6666666666666667,0.0,0.39184397163120555,0.0,0.375,1.0,0.7391304347826086,0.0,0.0,0.0,0.44999999999999996,0.8235294117647058,0.8605527638190955,1.0,1.0,1.0,0.5,0.6101531334448591,0.0,0.2857142857142857,0.15147407658420875,0.7777777777777778,1.0,0.6470588235294118,0.0,0.0,1.0,0.0,0.950920245398773,0.7513043478260869,0.0,0.8571428571428572,0.0,0.44999999999999996,0.25,0.513888888888889,1.0,1.0,0.0,0.0,0.0,0.0,0.6389701104613384,0.0,0.97676178464449,0.0,0.0,0.0,0.0,0.7243381225459349,0.0,0.0,0.0,0.0,0.0,0.0,0.0,0.6249493397277854,0.0,0.7436889597424508,0.0,0.0,0.0,0.0,0.0,0.0,0.8936478078425698,0.8148148148148148,0.0,0.0,0.0,0.5,0.0,0.0,0.9741448602304189,0.0,0.0,0.0,0.0,0.0,0.0,0.0,0.0,0.7142857142857143,1.0,0.0,0.6554140127388535,0.0,0.0,0.0,0.6382898221717745,0.0,0.0,0.0,0.0,0.0,0.7293481018009638,0.0,0.6841169498222046,0.35121951219512193,0.0,0.0,0.25374732334047123,0.38834951456310696,0.8842925659472423,0.8180795847750865,0.0,1.0,0.0,0.0,0.5013907581875281,1.0,0.0,0.0,0.0,0.6531339031339032,0.8968609865470852,0.7323420074349443,0.3930940304330863,0.5348516218081434,0.49469214437367304,0.15384615384615385,0.6,0.31271878646441076,0.0,0.0,0.33333333333333337,0.0,0.5467144563918758,0.0,0.43619167717528373,0.0,0.0,0.3653846153846153,0.4059536934950385,0.6242299794661191,0.4374999999999999,0.0,0.0,0.0,0.0,0.1705426356589148,0.0,0.0,0.0,0.0,0.0,0.3151064450277049,0.19999999999999996,0.41637010676156583,0.0,0.0,0.0,0.0,1.0,0.2857142857142857,0.0,1.0,0.19253731343283575,0.0,0.0,0.0,0.17947494033412859,0.489344262295082,0.0,0.0,0.0,0.0,0.0,0.07840722495894914,0.42000000000000004,0.0,0.0,1.0,0.0,0.20916666666666672,1.0,0.5497512437810945,0.0,0.31488494028546476,0.3766233766233765,0.25,0.6046511627906976,0.1495956873315365,1.0,0.0,1.0,0.0,0.0,1.0,0.19999999999999996,0.4285714285714285,0.31845238095238093,0.46569481857074957,0.56,1.0,0.0,0.9025380710659898,0.0,0.0,1.0,1.0,0.16561514195583604,0.026369168356997985,0.0,0.6666666666666666,0.0,0.5,0.0,0.6923076923076923,0.0,0.0,0.5555555555555556,0.5282445839238712,1.0,0.5733194009056078,0.6965352449223416,0.49586776859504145,0.5950679056468906,0.2526603001364256,0.9,1.0,0.5,0.5,0.0,0.26315789473684204,0.32777777777777783,0.2987697715289983,0.0,0.0,0.0,0.0,0.0,0.9769372693726938,0.0450387051372273,0.5288940191905346,0.6724137931034482,0.08094080239408952,0.0,0.0,0.3884281420460871,0.0,0.0,0.0,0.0,0.0,0.0,0.0,0.6951927416468244,0.0,0.48128154152011027,0.0,0.0,0.0,0.0,0.0,0.0,0.5237413689727868,0.7358490566037736,0.0,0.0,0.0,0.0,0.0,0.27925559878035966,0.8211041229909155,0.0,0.0,0.0,qsampled
0.0,0.0,0.0,0.0,0.0,0.6666666666666667,0.0,0.0,0.0,0.7013050382817143,0.0,0.0,0.0,0.0,1.0,0.0,0.0,0.0,0.0,0.0,0.0,0.0,0.33333333333333326,0.0,0.0,0.1335485546773536,0.6336890395930987,0.0,0.2857142857142857,0.0,0.0,0.8854916774878999,0.0,0.0,0.0,0.0,0.0,0.9162136039627884,0.0,0.790960972017673,0.87574931880109,0.5769230769230769,0.0,0.3776066453231809,0.0,0.0,0.5208308745426651,0.0,0.0,0.0,0.2790619679067128,0.0,0.43905769887333557,0.46336221149394874,0.0,0.4420483419115252,0.4250625661136769,0.0,0.15233362143474505,0.1447543160690571,0.6031195840554593,0.0,0.0,0.7142857142857143,0.4,1.0,0.16952016219869337,0.0,0.0,0.21871261067240966,0.1428571428571428,0.8107725545705132,1.0,1.0,0.7227997227997228,0.0,0.36186650185414093,0.19354838709677413,0.29556650246305427,0.0,0.5227153201990372,0.0,0.6428571428571428,0.18181818181818188,0.0,0.007769353177946359,0.0,0.9725082792723314,0.66,0.0,0.0,0.6379915730337079,0.11111111111111116,0.9130434782608695,0.0,0.0,0.5925196850393701,0.1796823075900572,0.0,0.0,0.125,0.47502150466485793,0.5124674358020097,0.33333333333333337,0.3390323754092397,0.6468842729970326,0.0,0.0,0.19999999999999996,0.6666666666666667,0.0,0.11111111111111116,0.33418584825234443,0.11111111111111105,0.8363995426670825,0.7237215909090908,0.19291506615450282,1.0,0.0,0.0,0.0,0.875,0.0,0.29999999999999993,0.0,0.7175295186194368,1.0,0.0,0.0,0.0,0.4475730801917803,0.7172988698668457,0.39144736842105254,0.6222907409086786,0.0,0.0,0.0,0.0,0.42122494942964994,0.0,0.0,0.643276159545316,0.8761174968071519,0.0,0.0,0.0,0.0,1.0,0.0,0.22248427672955973,0.0,0.0,0.0,0.0,0.0,0.0,0.0,0.9915609176720636,0.28920652968407357,0.0,1.0,0.0,0.24591782545657292,1.0,0.0,0.0,0.5174533479692646,0.206896551724138,0.5714285714285714,0.7,0.0,0.22629259463287954,0.0,0.0,0.0,0.0,0.0,0.0,0.0,0.0,0.0,0.0,0.0,0.0,0.9206349206349206,0.0,0.3471860604846786,0.0,0.0,0.0,0.0,0.0,0.0,0.0,0.0,0.0,0.0,0.0,0.0,0.0,0.7326787512588117,0.0,0.0,0.0,0.0,1.0,0.0,0.0,0.0,0.0,0.0,0.0,0.0,0.0,0.0,0.4098360655737705,0.5734438627108783,0.6206896551724137,0.0,0.0,0.0,0.0,0.6265700483091787,0.0,0.0,0.0,0.0,0.0,0.8025039123630673,0.0,0.6172566371681417,0.8821966341895483,0.6560415122312824,0.08169727675744143,0.2711454809086513,0.0,0.0,0.8666201117318436,0.23076923076923073,1.0,0.0,0.0,1.0,0.3735294117647058,0.5379258264809532,0.0,0.835820895522388,0.31263048016701445,0.0,0.0,0.0,0.9442105263157895,0.0,0.2029734970911441,0.0,1.0,0.0,0.0,0.5,0.33333333333333326,0.17572463768115942,0.0,0.9868297271872061,1.0,1.0,0.9490677580718508,0.0,0.07364341085271309,0.0,1.0,0.0,0.7496791726428625,0.0,0.625,0.0,0.18812027847726265,0.0,1.0,0.9814761493425472,0.5,0.0,0.0,0.6129032258064515,0.0,0.8647473892181766,0.31135531135531125,0.0,0.12479474548440062,0.46122696902206917,0.5454545454545454,0.0,0.3460884353741498,0.5651644336175395,0.6363636363636365,0.0,0.0,0.9252835223482322,0.0,0.0,0.0,1.0,0.22004555808656046,0.0,0.18791946308724827,0.0,0.9579579579579579,0.0,0.6893810936837642,0.0,0.0,0.0,0.0,1.0,0.0,0.44999999999999996,0.3529411764705882,0.9246231155778895,1.0,0.5,0.0,1.0,0.6879736408566721,0.0,0.7857142857142857,0.0,0.0,0.0,0.0,0.0,0.0,0.0,0.0,0.9440137109279361,0.7513043478260869,0.0,0.0,0.0,0.44999999999999996,0.875,0.5384615384615385,1.0,1.0,0.0,0.0,0.0,0.0,0.0,0.0,1.0,1.0,0.0,1.0,0.0,0.32007096599678597,0.13636363636363646,0.0,0.0,0.0,0.375,0.6428571428571428,1.0,0.0,0.5609304591401778,0.0,0.0,0.0,0.0,0.0,0.0,0.0,0.0,0.0,0.0,0.0,0.0,1.0,0.0,0.7747433469550484,0.776486983116899,0.0,0.0,0.0,1.0,0.0,0.0,0.0,0.0,0.0,0.0,0.0,0.0,0.7087496953448695,0.0,0.0,0.0,0.0,0.6666666666666667,0.0,0.0,0.0,0.0,0.0,0.0,0.21363636363636362,0.0,0.0,0.0,0.0,0.605130361648444,0.0,0.0,0.0,0.0,0.9186672185430463,0.0,0.0,0.0,0.0,0.0,0.9649532710280374,0.0,0.0,0.7992586812329302,0.5348516218081434,0.12670671764063368,0.3076923076923076,0.0,0.0,0.0,0.0,0.0,0.0,0.5467144563918758,0.0,0.504652605459057,0.13476123010250862,0.0,0.39742698191933246,0.7968472468916519,0.0,0.4374999999999999,0.2857142857142857,1.0,0.0,0.0,0.9079754601226994,0.4,0.0,0.0,0.0,0.0,0.31729200652528555,0.19999999999999996,0.577131906739061,1.0,0.33333333333333337,0.41176470588235303,0.0,1.0,0.0,0.0,1.0,0.0,0.0,0.0,0.5,0.18411214953271038,0.18981805458362488,0.0,0.9480840543881335,0.0,0.0,0.5,0.4367816091954022,0.631578947368421,0.03886397608370695,0.0,0.33333333333333337,0.1134421134421133,0.0,0.23529411764705876,0.0,0.0,0.069932756964457,0.7142857142857142,0.25,0.24418604651162779,0.0,1.0,0.0,0.5,0.0,0.0,1.0,0.49509269356597607,0.2857142857142857,0.6672240802675585,0.05104370515329404,0.0,1.0,1.0,0.0,0.0,0.6666666666666667,0.0,0.0,0.2570977917981073,0.6206896551724137,1.0,0.0,0.0,0.0,0.0,0.6923076923076923,0.5414225941422595,0.801981860933826,0.44444444444444453,0.3141439205955334,0.0,0.5733194009056078,0.695626183122447,0.6208677685950413,0.5524861878453038,0.24721758486366163,0.9016393442622951,1.0,0.0,0.5,0.0,0.9375,0.0,0.0,0.0,0.0,0.0,0.0,0.0,0.0,0.04166666666666674,0.9330896823165589,0.0,0.0,0.5,1.0,0.16929199599243017,0.33333333333333326,0.0,0.0,0.0,0.1428571428571428,0.0,0.5714285714285714,0.0,0.6563872535277078,0.0,0.0,0.0,0.0,0.0,0.0,0.0,0.0,0.0,0.0,0.0,0.0,1.0,0.0,0.0,0.0,0.0,0.0,0.0,qsampled
0.0,0.0,0.0,0.0,0.0,0.0,0.0,0.0,0.6704966641957005,0.7013050382817143,0.0,0.8985267886635396,0.0,0.0,1.0,0.0,0.0,0.571374662387056,0.6578997970302318,0.0,0.0,0.0,0.0,0.0,0.0,0.0,0.0,0.6997643670637518,0.2857142857142857,0.0,0.0,0.0,0.0,0.8571428571428572,0.0,0.0,0.360116873630387,0.0,0.0,0.27264150943396226,0.0,0.8958333333333334,0.5338541666666667,0.3941923774954629,0.0,0.0,0.5096295188977753,0.4462151394422311,0.33333333333333337,0.6854677145939282,0.38675237773016047,0.0,0.918608362591765,0.9001142614194988,0.0,0.0,0.4311212952633642,0.6624293785310735,0.31467793030623026,0.0,0.3537794299876085,0.13608709574127442,0.9603603603603603,0.33333333333333337,0.8,0.0,0.879746835443038,0.0,0.0,0.2872268223157325,0.1428571428571428,0.0,1.0,1.0,0.6666666666666667,0.0,0.36186650185414093,0.0,1.0,0.2857142857142857,0.9445178864719785,0.3199762540813297,0.0,0.18181818181818188,0.3571767835090719,0.33352726063829785,0.0,0.0,0.0,0.8359651190195616,0.33333333333333337,0.0,0.75,1.0,0.9409090909090909,1.0,0.9767441860465116,0.3853030816119202,0.32612903225806444,0.46407723394701395,0.125,0.23637485568693029,0.0,0.0,0.0,0.0,0.75,0.0,0.5,0.0,0.6395514587094935,1.0,0.0,0.11111111111111105,0.0,0.7363934426229508,0.5302445302445302,0.0,0.6666666666666667,0.7209579540528825,0.5,0.0,0.6666666666666667,0.8571428571428572,0.9090909090909091,0.18892746208660693,1.0,0.0,0.0,0.0,0.0,0.0,0.34925201380897586,0.33541114058355426,0.0,0.0,0.0,0.0,0.0,0.38820988304709725,0.44669254890249366,0.2349738398060316,0.7341772151898736,0.0,0.0,0.0,1.0,0.6573426573426573,0.6067510548523207,0.0,0.0,0.8991287366681688,0.0,0.0,0.0,0.0,0.0,0.532996929811229,0.26827888939757094,0.6503166738005934,0.33333333333333326,0.0,0.6643806805506122,0.0,0.0,0.0,0.3056818181818183,0.0,0.6666666666666667,0.8,0.2408131834283076,0.3838533633883022,0.7994299510428542,0.0,0.0,0.0,0.0,0.0,0.0,0.0,0.0,0.0,0.0,0.0,0.0,0.0,0.0,0.9325888266052521,0.0,0.0,0.7352104110921918,0.0,0.0,0.0,0.0,0.0,0.0,0.0,0.0,0.5945945945945946,0.7326787512588117,0.0,0.9106196728864316,0.0,0.0,1.0,0.0,0.0,0.8138107664057215,0.9001801098018792,0.0,0.0,0.0,0.0,0.0,0.0,0.0,0.0,0.6444444444444444,0.0,0.0,0.0,0.0,0.0,0.6666666666666667,0.0,0.0,0.5087719298245614,0.0,0.0,0.0,0.8181818181818181,0.5651533742331288,0.6845238095238095,0.5198412698412698,0.0,0.03398692810457549,0.8613214039917412,0.0,1.0,0.7868722815342032,0.6555891238670695,0.0,0.9592209373097992,1.0,0.0,0.0,0.31263048016701445,0.26584570807678387,0.0,0.2571428571428571,0.7319453480806766,0.1725888324873096,0.972917731221257,0.5,1.0,0.0,0.8410270417918602,0.5,0.33333333333333326,0.0,0.0,0.14108674928503329,1.0,0.7142857142857143,0.0,0.0,0.0359281437125748,0.4098360655737705,0.48677884615384603,0.5714285714285714,0.9779165397502284,0.33470564018114457,0.0,0.0,0.5935464772054471,0.5238095238095237,1.0,0.0,0.0,1.0,1.0,0.0,1.0,0.8930135285275472,0.6190476190476191,0.6875,0.9575163398692811,0.0,0.9606060606060606,0.31775700934579443,0.3460884353741498,0.4505080918328942,0.0,0.08333333333333337,0.12316890881913312,0.23684210526315808,1.0,0.0,0.0,0.0,0.7376366475793857,0.5,0.0,0.0,0.0,0.0,0.39784026515556514,0.0,1.0,0.9665924276169265,1.0,0.0,1.0,0.0,0.3529411764705882,1.0,1.0,0.5,0.0,1.0,0.0,0.6666666666666667,0.7857142857142857,0.5782548476454294,0.0,0.0,0.0,0.0,0.3658682634730538,0.7627118644067796,0.5055956326769351,0.0,0.6742937853107345,0.0,0.0,0.0,0.44999999999999996,0.875,0.0,0.0,1.0,0.9142857142857143,0.0,0.0,0.0,0.0,0.0,0.8052341163487309,1.0,0.4840370356141227,0.5,0.0,0.8342000651678071,0.0,0.0,0.0,0.0,0.0,0.6551724137931034,0.6666666666666666,0.05644817169775462,0.5283626631297222,0.9744956140350878,0.0,0.0,0.0,0.0,0.0,0.0,0.0,0.0,0.0,0.0,0.0,0.0,0.0,0.0,0.7997895958789814,0.0,0.0,0.580844553243574,1.0,0.0,0.0,0.0,0.0,0.0,0.0,0.0,0.680951481970927,0.701048951048951,0.0,0.894047619047619,0.0,0.0,0.6666666666666667,0.0,0.0,0.35653865674166796,0.539185441401016,0.0,0.0,0.16000000000000003,0.33333333333333326,0.0,0.0,0.4034021871202915,0.0,0.8286011801457828,0.0,0.0,0.0,0.0,0.0,1.0,0.0,0.0,0.16666666666666663,0.6220112517580871,0.5,0.07049794752811012,0.0,0.34023464458247066,0.0,0.3076923076923076,0.0,0.705073086844368,0.5996621621621623,1.0,0.33333333333333337,0.7700582698341552,0.425225003082234,0.0,0.9744010088272383,0.6304424466772431,0.25,0.0,0.7911232646192681,0.8005299927728258,0.7254901960784315,0.0,0.1428571428571428,0.2773584905660379,0.517857142857143,0.0,0.8,0.0,0.7832140015910899,0.0,0.0,0.319935691318328,0.19999999999999996,0.0,1.0,0.33333333333333337,0.41176470588235303,0.0,1.0,0.0,0.0,0.0,0.8238276299112801,0.0,0.0,0.5,0.0,0.36409836065573764,0.0,0.0,0.4,0.9884228506357943,0.0,0.034013605442176686,0.68,0.8605577689243028,0.0586419753086419,1.0,0.0,0.8383333333333334,0.0,0.6666666666666667,0.0,0.0,0.0,0.75,0.0,0.0,0.0,0.0,0.5,0.0,0.36687200547570165,1.0,0.0,0.2857142857142857,0.0,0.0,0.5,1.0,0.0,0.6923857868020304,0.0,0.0,0.0,1.0,0.2570977917981073,0.13379310344827577,1.0,0.0,0.0,0.0,0.05430381061156686,0.0,0.5448079658605974,0.6107600817691878,0.0,0.295758051846033,0.0,0.5733194009056078,0.0,0.0,0.9287111497500543,0.6487470550439067,0.013157894736842035,1.0,0.0,0.5,1.0,0.9375,0.7715909090909091,0.0,0.0,0.75,0.0,0.0,0.0,0.0,0.0,0.0,0.2068965517241378,0.6781701444622793,0.0,0.0,0.49268061894689985,0.0,0.0,0.0,0.0,0.0,1.0,0.8571428571428571,0.6816965102166359,0.6526790185277916,0.5369935408103347,0.0,0.0,0.0,0.0,0.0,0.0,0.0,0.0,0.0,0.0,0.0,0.0,0.0,0.2420283892203251,0.04356364934833057,0.0,0.0,0.8602453373388409,qsampled
0.0,0.0,0.0,0.0,0.0,0.0,0.0,0.0,0.0,0.0,0.0,0.5912076806467912,0.0,0.0,1.0,0.0,0.0,0.7148984939608218,0.0,0.7047885402455663,0.0,0.7571022727272727,0.0,0.0,0.005346380662303418,0.0,0.0,0.0,0.0,0.0,0.0,0.8850656261085491,0.0,0.0,0.0,0.8564580734125682,0.0,0.1552432533383138,0.0,0.7188238382777632,0.8756766575840146,0.0,0.0,0.0,0.12400000000000011,0.852291460600066,0.0,0.0,0.0,0.6265841438255231,0.13094887284514511,0.0,0.0,0.4043973615830503,0.0,0.0,0.0,0.0,0.0,0.559150169000483,0.8511613691931541,0.701226309921962,0.4067796610169492,0.33333333333333337,0.4,0.0,0.23715927010587956,0.22222222222222232,0.6965130348696513,0.6066252587991718,0.0,0.0,0.8225806451612903,0.5714285714285714,0.6785714285714286,0.0,0.34749303621169925,0.3548387096774194,0.0,0.2857142857142857,0.6933461909353906,1.0,0.0,1.0,0.8838109626552099,0.0,0.0,0.870866471326915,0.0,1.0,0.0,0.7222612359550562,0.7777777777777778,0.9130434782608695,0.0,0.0,0.4488517745302715,0.0,0.3290322580645161,0.09570093457943929,0.0,0.8449595451563525,0.009763424708974844,1.0,0.0,0.681112118464793,0.0,0.6666666666666667,0.19999999999999996,0.0,0.304387257680535,0.0,0.0,0.11111111111111105,0.5106928999144568,0.3670500676589986,0.0,0.875,0.0,0.35730574324324327,0.5,0.0,0.6666666666666667,0.29999999999999993,0.5,0.0,0.0,0.75,0.8571428571428571,0.0,0.0,0.0,0.0,0.4155885984218155,0.0,0.8898163606010017,0.0,0.0405708460754336,0.8045369594638139,0.7769465809714466,0.7291288831685485,0.0,0.29381965552178324,0.0,0.0,0.0,0.0,0.578268876611418,0.20171673819742497,0.40407073740407073,0.5,0.0,0.0,0.0,0.0,0.0,0.0,0.9937459180240268,0.477890005145008,0.3616574409274589,0.0,0.0,0.0,0.76,0.0,0.0,0.5104602510460253,0.0,0.0,0.7,0.7479057264316079,0.0,0.4784483463706525,0.0,0.0,0.0,0.0,0.0,0.0,0.7541571796611479,0.0,0.0,0.0,0.0,0.0,0.0,0.6339511373209772,0.10458934658877606,0.0,0.0,0.14073358108220724,0.0,0.0,0.0,0.0,0.0,0.0,0.0,0.0,0.0,0.0,0.0,0.7161290322580645,0.0,0.0,1.0,0.0,0.0,0.8176596093878221,0.0,0.8826300294406281,0.0,0.7142857142857143,0.0,0.0,0.0,0.0,0.0,0.0,0.0,0.33333333333333326,0.0,0.8278728606356969,0.0,0.0,0.0,0.8722401605724758,0.0,0.12613458528951482,0.0,0.9730700179533214,0.8821966341895483,0.0,0.0,0.0,0.3999999999999999,0.6612178177360033,0.0,0.0,1.0,0.709164498409945,0.0,1.0,0.2659768715763845,0.48807320584001657,0.0,0.0,0.0,0.0,0.0862068965517242,0.745724907063197,0.9122231337161608,1.0,0.0,0.5,0.5,0.0,0.4703008770955923,0.0,1.0,0.8282122905027933,0.0,0.1408918406072106,0.8769230769230769,0.0,0.929481733220051,0.0,0.5170814002530577,0.10227272727272718,0.5258064516129033,0.5714285714285714,0.0,0.3431763766959298,0.0,0.0,1.0,0.1428571428571428,1.0,0.9567338972023423,0.0,1.0,0.0,0.7096774193548387,1.0,0.8663377965703547,0.07142857142857151,0.0,0.7676419965576593,0.5415890751086281,0.2799352750809063,0.4952015355086372,0.0,1.0,0.0,0.0,0.12316890881913312,0.7503052503052503,0.0,0.0,0.0,0.0,0.0,1.0,0.2869888475836433,0.0,0.8800247371675943,0.0,0.0,1.0,0.0,1.0,1.0,0.0,1.0,0.44999999999999996,0.8823529411764706,0.45358851674641154,0.0,0.0,1.0,0.0,0.0,0.6666666666666667,0.2857142857142857,0.8064746914684314,0.0,1.0,0.0,0.7962170682278766,0.30605078336034575,1.0,0.6727576010311624,0.17159425024501795,0.2515942028985507,0.0,0.0,0.0,0.44999999999999996,0.25,0.5333333333333333,1.0,0.0,0.0,0.0,0.0,0.0,0.0,0.0,1.0,0.0,0.5622717504020198,0.0,0.0,0.0,0.8181818181818182,0.0,0.0,0.0,0.0,0.0,1.0,0.016605905471093196,0.0,0.7226734546916082,0.0,0.0,0.0,0.0,0.0,0.0,0.8936478078425698,0.0,0.0,0.0,0.0,0.0,0.0,0.8721550497866287,0.0,0.0,0.0,0.0,0.0,0.0,0.0,0.0,0.0,0.0,0.0,0.0,0.0,0.0,0.0,0.894047619047619,0.0,0.0,0.6666666666666667,0.0,0.0,0.9688443103142198,0.0,0.6310830363129477,0.0,0.875,0.0,0.0,0.262496166819994,0.2768387391502969,0.0,0.0,0.0,0.0,0.0,0.6743466831606618,0.0,0.0,0.0,0.6065738301342367,0.0,0.0,0.19999999999999996,0.3537403267411866,0.8039581777445856,0.0,0.4146868250539957,0.15384615384615385,1.0,0.8700894593543368,0.5944533762057878,0.75,0.0,0.6377416719615141,0.4736041711927004,0.0,0.0,0.015269554378311012,0.0,0.0,0.0,0.0,0.2932692307692307,0.0,0.8571428571428572,0.6010396361273554,0.33922025991336224,0.0,0.6,0.0,0.0,0.5714285714285714,0.44584482079558874,0.4818429414434863,0.0,0.0,0.5,0.0,0.0,0.0,1.0,1.0,0.0,0.0,0.4000844951415292,0.0,0.0,0.0,0.6900726392251816,0.0,0.0,0.7080745341614907,0.0,0.7909774436090226,0.5,0.5853858784893268,1.0,0.03886397608370695,0.0,0.33333333333333337,0.288840262582057,0.0,1.0,0.0,0.0,0.37425552353506264,0.1986062717770034,0.25,0.8333333333333334,0.17115902964959573,1.0,1.0,0.44444444444444453,0.0,0.7416434540389973,0.0,0.09999999999999998,0.2857142857142857,0.0,0.30951254141031714,0.56,0.0,1.0,0.3009682625067239,0.0,0.0,0.0,1.0,0.0,0.0,1.0,0.6666666666666666,0.0,1.0,0.09012753897024095,0.0,0.054726368159204064,0.8228542493037387,0.0,0.418767871068365,0.0,0.0,0.9467756403867238,0.79800853485064,0.16840600428877772,0.0,0.6,1.0,0.0,0.5,0.0,0.26315789473684204,0.32777777777777783,0.23024523160762944,1.0,0.0,0.0,0.0,0.0,0.0,0.0,0.0,0.6724137931034482,0.1290548204158789,0.0,0.0,0.0,0.33333333333333326,0.0,0.0,0.0,0.0,0.5,0.5714285714285714,0.6146010186757215,0.0,0.4069880668257756,0.0,0.0,0.0,0.0,0.0,0.0,0.8807464724624489,0.0,0.0,0.0,0.0,0.0,0.0,0.22150295524908536,0.7168291057842788,0.0,0.0,0.6654365459217089,qsampled
0.5714285714285714,0.706499193362526,0.0,0.0,0.7380952380952381,0.75,0.0,0.0,0.8372139303482588,0.0,0.0,0.0,0.0,0.0,0.0,0.0,0.0,0.0,0.0,0.7580685903040901,0.0,0.446257197696737,0.0,0.4833273574757979,0.8461028321760162,0.0,0.0,0.029322268326417822,0.8571428571428572,0.768370607028754,0.0,0.0,0.0,0.0,0.0,0.0,0.0,0.907622248726011,0.7042695987433957,0.2847280529900176,0.0,0.0,0.0,0.3941923774954629,0.0,0.0,0.6756746584365239,0.4462151394422311,0.33333333333333337,0.0,0.41559997005763893,0.0,0.2632297712529873,0.0,0.0,0.4402761495375799,0.0,0.9214020180562932,0.0,0.0,0.6288723667905824,0.5821138211382115,0.0,0.1428571428571429,0.4,0.0,0.0,0.44444444444444453,0.31482471549683044,0.5637178666178757,0.5714285714285714,0.0,0.7,0.5714285714285714,0.11782518926359264,0.0,0.0,0.7741935483870968,0.0,0.0,0.5551909912099486,0.0,0.6428571428571428,1.0,0.0,0.7931292708040812,0.0,0.45845314458453135,0.66,0.5248401377274963,0.0,0.6379915730337079,0.75,0.2941176470588235,0.9267676767676768,0.0,0.2744463017133305,0.1865654734934299,0.6373858046380887,0.2487011520216852,0.0,0.9140189560050926,0.30228075811114674,0.33333333333333337,0.0,0.0,0.75,0.0,1.0,0.6666666666666667,0.295122555087893,0.0,0.1817330210772834,0.0,0.5780636720453554,0.8934266822248152,0.6226415094339622,0.375,0.0,0.7383484516734438,0.0,0.0,0.0,0.75,0.5454545454545454,0.0,0.7884615384615384,1.0,0.0,0.0,0.6027933229639368,0.17611122814409108,0.4931714719271625,0.5673086228588019,0.0,0.6651409298964105,0.0,0.0,0.0,0.18483829650976635,0.21343956389558683,0.0,0.19161977491961413,0.36363636363636365,0.11111111111111116,0.0,1.0,0.9326500732064422,0.6067510548523207,0.0,0.0,0.0,0.0,0.0,0.0,0.763161853188929,0.0,0.0,0.0,0.0,0.0,0.0,0.7472647295706585,0.76,0.0,0.0,0.08310249307479223,0.206896551724138,0.07692307692307698,0.0,0.0,0.4989462787000407,0.0,0.0,0.0,0.0,0.0,0.0,0.5291117591327994,0.6583457477815919,0.0,0.0,0.0,0.9846423870118473,0.0,0.0,0.0,0.24477631734056338,0.0,0.0,0.8414354914797897,0.0,0.5741935483870968,0.0,0.0,0.6296296296296295,0.0,0.0,0.0,0.5945945945945946,0.0,0.0,0.0,0.0,0.0,0.0,0.0,0.0,0.0,0.0,0.8494124922696351,0.0,0.8,0.0,0.7919441801458929,0.8681318681318682,0.0,0.0,0.21212121212121204,1.0,0.9166666666666666,0.0,0.0,0.0,0.0,0.0,0.0,0.0,0.8502024291497976,0.7549751243781095,0.0,0.37130339539978097,0.12343558282208589,0.04741110417966299,0.28913355672570606,0.0,0.016780609073958952,0.8666201117318436,1.0,0.0,0.20259376095338222,0.6336147795338097,1.0,0.6293706293706294,0.0,0.0,0.7695961995249406,0.0,0.9226083840917234,0.0,0.12959719789842372,0.9414443721535459,0.5583756345177664,0.0,1.0,0.5,0.0,0.0,0.75,0.8997955010224948,0.7857142857142857,1.0,0.13123236124176862,0.7,0.6666666666666667,0.0,0.0,0.0,0.6886792452830188,0.0,0.0,0.7259580621836588,0.0,0.75,0.0,0.18812027847726265,0.6666666666666666,1.0,0.5639451606302435,0.5,0.8740157480314961,0.0,0.6129032258064515,1.0,0.32515831276161855,0.905319896883056,0.0,0.0,0.4248753857108948,0.0,0.15420560747663548,0.14540059347181,1.0,0.0,0.0,0.11917836078909905,0.0,1.0,0.0,0.5,1.0,0.0,0.0,0.5419222903885481,0.33333333333333337,0.5959999999999999,0.5087585681645088,0.8993148298687725,0.375,0.0,0.6036478428621537,0.0,0.0,0.0,0.44999999999999996,0.8235294117647058,0.4492753623188406,0.8344827586206897,1.0,0.0,1.0,0.5740878629932986,0.0,0.7857142857142857,0.8305343511450382,0.0,0.4459373000639796,0.0,0.0,0.3720430107526882,0.8116926355040618,0.5631033629194808,0.0988647635842611,0.905638665132336,0.6363636363636364,0.0,0.0,0.44999999999999996,0.75,0.0,0.0,1.0,0.0,0.0,0.0,0.0,0.6594922737306844,0.0,0.0,0.9260791366906475,0.0,0.0,0.0,0.430769726040627,0.8181818181818182,0.0,0.0,0.0,0.375,0.10526315789473684,0.0,0.0,0.857710422607414,0.0,0.0,0.0,0.0,0.0,0.0,0.6398067241479081,0.5152053506113492,0.0,0.0,0.0,0.9850199733688415,0.0,0.0,0.0,0.8484848484848485,0.0,0.0,0.8883032128514057,1.0,0.8321521820216338,0.0,0.0,1.0,0.0,0.0,0.0,0.6718812675491377,0.0,0.0,0.0,0.0,0.0,0.0,0.0,0.0,0.0,0.0,0.809756348308831,0.0,0.0,0.33333333333333326,0.7936651583710407,0.7561260210035006,0.35620102471368287,0.0,0.0,0.5454545454545454,0.75,0.0,0.0,0.0,0.0,0.0,0.0,0.0,0.9481236203090507,1.0,0.3781818181818182,0.17365269461077848,0.5753012048192772,0.10256410256410242,0.3076923076923076,0.0,0.7085124677558039,0.21616871704745155,0.6666666666666667,0.6666666666666667,0.0,0.48669979538146735,0.0,0.0,0.0,0.25,0.41092327698309505,0.0,0.8571037503421846,0.0,0.0,1.0,0.5883575883575884,0.02116935483870952,0.4444444444444444,0.6,0.0,0.0,0.4285714285714285,0.3412449619346173,0.43313868613138684,0.3999999999999999,0.0,1.0,0.0,0.41176470588235303,0.0,0.0,1.0,0.0,1.0,0.0,0.0,0.0,0.0,0.16755447941888635,0.48740377886634,0.0,0.042971595047341715,0.0,0.4286388299127154,0.5,0.4441707717569786,0.26315789473684215,0.0,0.0,0.33333333333333337,0.1134421134421133,0.0,0.23529411764705876,0.03606965174129362,0.0,0.41582733812949635,0.5950920245398772,0.25,0.0,0.0,0.0,0.0,1.0,0.0,0.5527589545014522,0.5,0.009762900976290179,0.0,0.47108208955223896,0.37653181131441993,0.75,1.0,1.0,0.6830601092896176,0.0,0.0,0.0,1.0,0.2532894736842105,0.13966480446927354,0.5,0.6666666666666666,0.0,0.0,0.8938913129710433,0.6923076923076923,0.5342465753424657,0.3755843697627239,0.0,0.0,0.0,0.5733194009056078,0.0,0.0,0.0,0.0,0.20000000000000007,0.0,0.5,0.5,1.0,1.0,0.7715909090909091,0.047235023041474644,0.0,0.0,0.0,0.0,0.0,0.9769372693726938,0.04604569420035154,0.7126024590163935,0.6666666666666667,0.6205226258763543,0.0,0.0,0.768424206111444,0.33333333333333326,0.0,0.0,0.0,0.7,0.0,0.0,0.0,0.4872441827866555,0.3821927374301676,0.0,0.0,0.0,0.0,0.0,0.613202953366702,0.33487297921478054,0.0,0.0,0.0,0.892399658411614,0.0,0.0,0.2420283892203251,0.0,0.0,0.0,0.811701664887096,qsampled
0.5714285714285714,0.5195195195195195,0.8451672010994045,0.8347715376998162,0.0,0.0,0.0,0.7228106676754302,0.0,0.0,0.6593532229965157,0.0,0.0,0.0,0.0,0.8927993789221712,0.0,0.0,0.0,0.6816846721789688,0.8465321773924641,0.0,0.0,0.7306257770410278,0.0,0.0,0.0,0.0,0.0,0.77227200843437,0.0,0.884327120779996,0.0,0.0,0.0,0.8884663584114775,0.0,0.0,0.20952380952380956,0.7845050215208035,0.51158820110433,0.1794871794871794,0.0,0.33749429136854936,0.0,0.0,0.23196496709262737,0.0,0.33333333333333337,0.26762928139691067,0.14823712026018188,0.0,0.3112033195020746,0.8652091983924491,0.0,0.0,0.42650888914052765,0.4560439560439561,0.11418803418803403,0.0,0.8461538461538461,0.4937533948940793,0.5596465390279823,0.7142857142857143,0.0,1.0,0.23715927010587956,0.33333333333333337,0.0,0.4438661710037174,0.5714285714285714,0.0,0.7,0.0,0.5666666666666667,0.0,0.0,0.0,0.0,0.0,0.0,0.7158190646562739,0.0,1.0,0.020419685706219992,0.0,0.0,0.0,1.0,0.0,0.6666666666666667,0.6379915730337079,1.0,0.6521739130434783,0.07146695325094032,0.2666666666666666,0.6186770428015564,0.6542344735968116,0.0,0.3752740026304252,0.125,0.4811522752217645,0.20952735392631183,0.33333333333333337,0.0,0.5703480743999383,0.0,0.6666666666666667,0.19999999999999996,0.0,0.6092510559390132,0.0,0.0,0.0,0.6020460358056265,0.9481534090909091,0.8394892359645421,1.0,0.0,0.0,0.0,0.0,0.0,0.0,0.2727272727272726,0.03857487275649607,0.7,0.0,0.4285714285714285,0.0,0.9135064060420441,0.34477498093058734,0.0,0.22371566700313472,0.0,0.9095507467600491,0.0,0.0,0.49114627793464216,0.38820988304709725,0.2604968124862608,0.0,0.0,0.0,0.0,0.0,0.0,0.0,0.0,0.0,0.0,0.0,0.0,0.0,0.0,0.0,0.40115541778216135,0.9951988619524628,0.0,0.0,0.33333333333333326,0.0,0.0,0.76,0.0,0.0,0.0,0.0,0.0,0.0,0.0,0.5567850846004735,0.28891977696384463,0.0,0.0,0.0,0.0,0.0,0.0,0.0,0.0,0.0,0.0,0.0,0.0,0.0,0.0,0.053336070020085447,0.0,0.49837603247935036,0.0,0.0,0.5741935483870968,0.6666666666666667,0.7916666666666666,0.0,0.8469798657718122,0.0,0.5212121212121212,0.0,0.0,0.6666666666666667,0.0,0.0,0.0,0.0,0.8480260636259103,0.0,0.0,0.0,0.9215769169793373,0.8861120429386112,0.0,0.0,0.7919441801458929,0.4098360655737705,0.0,0.0,0.0,0.25,0.0,0.0,0.600216951826833,0.0,0.0,0.0,0.8827842851846257,0.0,0.0,0.916154413572658,0.6145552560646901,0.46153846153846145,0.3589325426241661,0.0,0.198267244251916,0.0,0.0,0.0,0.0,1.0,0.2744170327813452,0.0,0.0,0.2659768715763845,1.0,0.0,0.0,0.314151190164792,0.40619340818544003,0.0,0.2571428571428571,0.9025182778229082,1.0,0.8574156588160408,0.0,1.0,0.0,0.4965856323408905,0.2500000000000001,0.11111111111111116,0.47619047619047616,0.5,0.14108674928503329,0.7,0.0,0.5692007797270955,0.0,0.0,0.4098360655737705,0.0,0.0,0.0,0.8042584434654919,0.0,0.8571428571428572,0.21881875105770865,0.1428571428571428,1.0,0.0,0.5,0.0,1.0,0.6129032258064515,1.0,0.6712955122777307,0.6904761904761905,0.0625,0.11196911196911175,0.9275722723033882,0.5454545454545454,0.49425287356321845,0.3460884353741498,0.5651644336175395,0.2727272727272728,0.0,0.11917836078909905,0.3004926108374386,0.0,0.0,0.5,0.0,0.7416340066324992,0.0,0.5208333333333335,0.33333333333333337,0.6213486213486212,0.7965779467680608,0.9725931947509,0.0,0.0,0.0,0.0,0.0,0.0,0.0,0.5882352941176471,0.13745019920318713,1.0,0.5,0.33333333333333326,0.5,1.0,1.0,0.2857142857142857,0.8412371134020619,0.0,1.0,0.0,0.0,0.0,0.7627118644067796,0.5785911680108284,0.17159425024501795,0.0,0.0,0.0,0.0,0.44999999999999996,0.0,0.22972972972972971,0.0,1.0,0.0,0.0,0.0,0.0,0.0,0.37038689172289085,0.9875430691757222,0.04450378282153977,0.0,0.5,0.0,0.0,0.8181818181818182,0.0,0.0,0.8567375886524823,0.0,0.0,0.0,0.0,0.5519359017415919,0.5698110272960573,0.0,0.0,0.0,0.0,0.0,0.0,0.0,0.0,0.0,0.0,0.0,0.0,0.0,0.0,0.6311805125093969,0.0,0.4678430362356175,0.3258161316722742,0.0,0.8152337858220211,1.0,0.8397873955960516,0.0,0.7142857142857143,0.0,0.7189009661835748,0.0,0.0,0.7785359801488834,0.0,0.0,0.0,0.0,0.8833955223880596,0.0,0.0,0.0,0.8880879224769558,0.7919161676646707,0.0,0.0,0.6309069806002321,0.0,0.3212992387850121,0.0,0.0,0.0,0.75,0.0,0.9099746407438716,0.0,0.0,0.0,0.4700540540540541,0.0,0.0,1.0,0.0,0.3930940304330863,0.34023464458247066,0.25244236029699085,0.3076923076923076,0.0,0.0,0.39188102893890686,0.0,0.33333333333333337,0.2952478188230925,0.46790778222751384,0.0,0.0,0.6483873656138011,0.0,0.0,0.7968472468916519,0.24127310061601648,0.4736842105263157,0.0,0.8571428571428572,0.6051446945337621,0.17352056168505514,0.9079754601226994,0.0,0.0,0.653142402545744,0.5714285714285714,0.0,0.28348535765722505,0.6,0.0,1.0,0.33333333333333337,0.41176470588235303,0.0,0.0,0.2857142857142857,0.0,1.0,0.40383795309168447,0.0,0.0,1.0,0.18411214953271038,0.0,0.0,0.0,0.5,0.0,0.5,0.4441707717569786,0.0,0.17389138016940708,0.7584745762711864,0.0,0.0,0.17819148936170215,0.0,0.03606965174129362,0.0,0.2538100820633058,0.5714285714285714,0.25,0.0,0.788108108108108,1.0,1.0,1.0,0.0,0.36206896551724144,0.5,0.0,0.0,0.2213114754098361,0.3553489889106327,0.72,1.0,1.0,0.0,0.0,0.0,0.0,1.0,0.061514195583596276,0.32965517241379316,0.0,0.0,1.0,0.5,0.7081049899048169,0.3846153846153846,0.0,0.0,0.44444444444444453,0.4386745796241346,0.0,0.5733194009056078,0.6936110834246985,0.0,0.0,0.0,0.0,1.0,0.0,0.5,0.0,0.0,0.0,0.0,0.0,0.0,0.0,0.0,0.0,0.0,0.0,0.8097517609245709,0.4482758620689654,0.0,0.0,0.0,0.0,0.33333333333333326,0.0,0.0,0.8742733188720173,0.0,0.0,0.0,0.0,0.6563872535277078,0.16029655900996065,0.0,0.0,0.0,0.0,0.0,0.0,0.0,0.0,0.0,0.0,0.0,0.5,0.0,0.2420283892203251,0.5000384644972691,0.0,0.770730198019802,0.0,qsampled
0.5714285714285714,0.7057535565668955,0.0,0.0,0.0,0.0,0.0,0.0,0.0,0.0,0.0,0.0,0.0,0.0,0.0,0.0,0.0,0.0,0.0,0.0,0.0,0.4813404417364813,0.33333333333333326,0.75,0.0,0.16585034013605449,0.0,0.0,0.0,0.0,0.0,0.884327120779996,0.0,0.0,0.75,0.0,0.0,0.0,1.0,0.07069219440353447,0.5078655767484106,0.0,0.8826247022305638,0.33749429136854936,0.6601876675603218,0.852291460600066,0.22808217562563393,0.0,0.33333333333333337,0.28205128205128194,0.14823712026018188,0.0,0.4755825087775295,0.0,0.7036918138041734,0.0,0.0,0.0,0.45299145299145305,0.5547329455314649,0.6294695481335952,0.5406911928651059,0.5596465390279823,0.5714285714285714,0.0,1.0,0.16952016219869337,0.44444444444444453,0.0,0.0,0.0,0.3738330778876968,0.0,0.5714285714285714,0.9480249480249481,0.0,0.0,0.0,0.16455696202531644,0.0,0.08745807085003665,0.0,0.6428571428571428,0.18181818181818188,0.354207259051158,0.3082851637764934,0.0,0.9740030391391844,0.0,0.0,0.0,0.06882022471910121,0.0,0.9130434782608695,0.0,1.0,0.0,0.0,0.0,0.0,0.0,0.0,0.0,0.0,0.0,0.34461821527138903,0.0,0.0,0.19999999999999996,0.0,0.5129288142577522,0.0,0.0,0.0,0.5967155181374079,0.4396306818181819,0.0,1.0,0.0,0.0,0.0,0.875,0.33333333333333337,0.29999999999999993,0.9090909090909091,0.0,0.0,0.75,0.4285714285714285,0.0,0.45294630662651614,0.34102167182662524,0.5286654135338346,0.15126663021687625,0.41666666666666663,0.6099488192511447,0.0,0.03314803376569908,0.7968010343461306,0.38820988304709725,0.0,0.6399935305177606,0.8761174968071519,0.0,0.11111111111111116,0.0,0.3076923076923077,0.0,0.2195121951219512,0.0,0.0,0.0,0.0,0.0,0.0,0.0,0.0,0.9936912939857002,0.49841436246887694,0.0,0.0,0.0,0.21411356820659233,0.0,0.0,0.0,0.0,0.0,0.16666666666666663,0.0,0.6792237794547975,0.3636838838250188,0.0,0.0,0.0,0.0,0.0,0.0,0.0,0.0,0.0,0.0,0.0,0.0,0.0,0.0,0.0,0.1523142952213905,0.0,0.0,0.650546167491364,0.0,0.5741935483870968,0.0,0.0,0.0,0.0,0.0,0.0,0.0,0.0,0.0,0.0,0.0,0.0,0.0,0.0,0.0,0.0,0.0,0.0,0.0,0.7142857142857143,0.0,0.7940379403794038,0.4098360655737705,0.0,0.0,0.0,0.0,0.33333333333333326,0.0,0.6243309002433091,0.0,0.0,0.8374512353706112,0.0,0.0,0.0,0.5230352303523034,0.2911051212938005,0.46153846153846145,0.0,1.0,0.2711454809086513,0.7333333333333334,0.38723026899201896,0.15977361776229848,0.0,1.0,0.1896032144650931,0.0,1.0,0.2574558734023127,0.0,0.7302994483845547,0.0,0.0,0.0,0.6233766233766234,0.745724907063197,0.7474275023386343,0.36496350364963503,0.8493611297915266,0.75,1.0,1.0,0.0,0.75,0.0,0.0,0.0,0.0,0.0,0.0,0.9861300591177808,0.0,0.0,0.4098360655737705,0.4267241379310345,0.0,0.23597589244320838,0.0,0.75,0.0,0.6951562731447193,0.5238095238095237,1.0,0.9802356148378931,0.0,0.0,0.0,0.19354838709677402,0.0,0.8647473892181766,0.31135531135531125,0.9375,0.0,0.061313291139240444,0.5454545454545454,0.0,0.0,0.0,0.0,0.75,0.5564368517388651,0.5189255189255191,0.0,0.0,0.0,0.0,0.7843494085532301,0.0,0.436156763590392,0.33333333333333337,0.6213486213486212,0.41091797935904395,0.0,0.375,0.0,0.0,0.0,0.8,0.0,0.44999999999999996,0.3529411764705882,0.41839762611275955,0.0,1.0,0.33333333333333326,0.5,0.6601010101010101,1.0,0.0,0.8877364246491763,0.5555555555555556,0.4073255813953489,0.0,0.7945922372437855,0.23906810035842285,0.7613086296110833,0.0,0.9440137109279361,0.7513043478260869,0.0,0.0,0.0,0.65,0.0,0.3913043478260869,0.0,1.0,0.0,0.0,0.0,0.0,0.0,0.0,1.0,0.0,0.0,0.0,0.0,0.3115752609795742,0.0,0.0,0.0,0.9084556254367575,0.0,0.1724137931034483,0.0,0.623632088461457,0.5615626690268968,0.0,0.0,0.0,0.0,0.0,0.0,0.0,0.0,0.0,0.0,0.0,0.0,0.0,0.0,0.0,0.0,0.0,0.0,0.7503864690370101,0.0,0.8152337858220211,0.0,0.0,0.0,0.0,0.0,0.0,0.0,0.0,0.0,0.0,0.0,0.0,0.0,0.0,0.0,0.0,0.0,0.0,0.0,0.0,0.0,0.6320406657374764,0.0,0.3555982519590115,0.0,0.0,0.0,0.0,0.0,0.9187344913151365,0.0,0.0,1.0,0.0,0.0,0.6137005649717515,0.9144736842105263,0.7381818181818183,0.3930940304330863,0.0,0.609366391184573,0.3076923076923076,0.29999999999999993,0.8700894593543368,0.39188102893890686,0.0,0.33333333333333337,0.4083688844513026,0.4736041711927004,0.0,0.4737704918032788,0.0,1.0,0.0,0.0,0.0,1.0,0.0,0.1428571428571428,0.2819506726457398,0.17460846384538486,0.803921568627451,0.0,0.0,0.0,0.4285714285714285,0.0,0.0,0.0,0.6892366656020441,1.0,0.0,0.9411764705882353,0.0,0.0,0.5,0.0,1.0,0.2094994087504929,0.0,0.0,0.5,0.0,0.3853143418467583,0.0,0.7541337167505391,0.4,0.0,0.5,0.0,0.631578947368421,0.03886397608370695,0.02164502164502169,1.0,0.5773115773115773,0.4550164861045689,0.0,0.0,0.0,0.24053794428434194,0.3766233766233765,0.25,0.6046511627906976,0.10270270270270254,1.0,0.0,0.5,0.0,0.05941931127616484,0.5,0.0,0.0,0.39047619047619064,0.0,0.56,1.0,1.0,0.0,0.0,1.0,1.0,0.0,0.2570977917981073,0.0,1.0,0.6666666666666666,1.0,0.5,0.0,0.3846153846153846,0.650632911392405,0.0,0.0,0.8900404448938322,0.0,0.0,0.9468339307048984,0.0,0.5524861878453038,0.24721758486366163,0.9,1.0,0.5,0.5,0.29268292682926833,0.0,0.3784090909090909,0.047235023041474644,0.0,0.0,0.0,0.0,0.0,0.0,0.04166666666666674,0.8398383954981603,0.6724137931034482,0.0,1.0,0.0,0.16929199599243017,0.0,0.0,0.0,0.8768974145120935,0.0,0.5,0.0,0.6928608650338718,0.6992833876221498,0.0,0.0,0.0,0.0,0.0,0.0,0.0,0.0,0.0,0.0,0.0,0.0,0.0,0.0,0.0,0.61350873144088,0.0,0.0,0.5976139370039435,qsampled
0.0,0.0,0.0,0.0,0.0,0.0,0.0,0.0,0.0,0.0,0.0,0.0,0.0,0.0,0.0,0.0,0.0,0.0,0.0,0.7211484037236413,0.0,0.7245949926362297,0.25,0.0,0.005346380662303418,0.0,0.7883474822653798,0.0,0.2857142857142857,0.0,0.0,0.8850656261085491,0.0,0.0,0.0,0.0,0.0,0.8580814717477003,0.0,0.28755252100840334,0.0,0.1794871794871794,0.2591496426766766,0.9749935104265813,0.7962962962962963,0.0,0.261754510710159,1.0,0.33333333333333337,0.0,0.2666786780603315,0.0,0.0,0.0,0.0,0.4423753092850632,0.7272492777548494,0.6272470115886486,0.0,0.1489795918367347,0.0,0.0,0.0,1.0,0.4,0.0,0.0,0.33333333333333337,0.7609419960623959,0.525154170723791,0.1428571428571428,0.3738330778876968,0.0,1.0,0.0,0.0,0.7354758961681088,0.3548387096774194,0.0,0.5714285714285714,0.41796970437332015,0.37229987293519695,0.0,1.0,0.03279813366268669,0.9173869680851063,0.5,0.0,0.66,0.0,0.6666666666666667,0.06882022471910121,0.5,0.17391304347826086,0.0,0.0,0.9642023346303502,0.5725521321884696,0.36797326040717104,0.0,0.125,0.47225923951670223,0.5640599001663895,0.8333333333333334,0.6388623326959847,0.34654306682116653,0.0,0.0,0.19999999999999996,0.0,0.5954167783436075,1.0,0.08933717579250688,0.0,0.5971984602224123,0.7494692144373672,1.0,0.375,0.0,0.0,0.5,0.875,0.0,0.0,0.9090909090909091,0.18710031061574994,0.8225806451612903,0.0,0.0,0.0,0.5013131335055239,0.7191544715447153,0.0,0.0,0.7222222222222222,0.6123724744948988,0.0,0.0,0.0,0.0,0.0,0.0,0.7436676798378926,0.0,0.0,0.0,0.3076923076923077,0.5827232796486091,0.2195121951219512,0.9186320754716981,0.0,0.0,0.0,0.0,0.0,0.0,0.4010992882813049,0.697871538896214,0.0,0.8772958223560406,0.33333333333333326,0.0,0.0,0.0,0.0,0.0,0.0,0.206896551724138,0.0,0.0,0.5366785691912548,0.21748118101330027,0.4753967753393461,0.0,0.0,0.0,0.0,0.0,0.0,0.6208594044878712,0.0,0.0,0.0,0.0,0.0,0.0,0.4944461122785949,0.0,0.0,0.0,0.7144719914778185,0.0,0.0,0.0,0.0,0.0,0.0,0.0,0.0,0.0,0.0,0.0,0.0,0.0,0.0,0.0,0.0,0.0,0.0,0.0,0.8703412989127275,0.0,1.0,0.0,0.0,0.0,0.0,0.6206896551724137,0.0,0.25,0.0,0.0,0.5999013076733284,0.0,0.0,0.0,0.0,0.0,0.8187766432041241,0.0,0.0,0.0,0.3589325426241661,0.6824953445065176,0.9946843853820598,0.3999999999999999,0.0,0.4286033020972779,0.23076923076923073,1.0,0.0,0.0,0.0,0.3735294117647058,0.0,0.0,0.7695961995249406,0.8713052576510594,0.26584570807678387,0.0,0.0,0.0,0.0,0.1887043189368771,1.0,1.0,0.0,0.02021305654192851,0.2500000000000001,1.0,0.8282122905027933,0.0,0.0,0.0,1.0,0.21310080816673738,0.0,0.8323353293413174,0.8400000000000001,0.0,0.8571428571428571,0.7496791726428625,0.3431763766959298,0.0,0.8571428571428572,0.23864795918367343,0.8095238095238095,0.0,0.4840716774514684,0.5,0.0,1.0,0.19354838709677402,1.0,0.3087242659466759,0.0,0.0,0.9698924731182795,0.0,0.9606060606060606,0.15420560747663548,0.0,0.5638401559454191,0.6363636363636365,0.08333333333333337,0.980272523896685,0.5898801597869507,0.0,0.0,0.0,0.0,0.7406269207129687,0.0,0.2946896035901271,0.33333333333333337,0.7365657813465103,0.005331302361005319,0.9814377851187667,0.375,0.0,0.0,1.0,1.0,0.0,0.44999999999999996,0.3529411764705882,0.8696682464454977,0.8769230769230769,0.5,0.0,1.0,0.9027789096243175,1.0,0.2857142857142857,0.8412371134020619,0.7777777777777778,0.45636550308008206,0.0,0.0,0.2803889789303079,0.0,0.0,0.1670611278870482,0.6321752265861027,0.0,0.0,0.0,0.65,0.25,0.16129032258064513,1.0,1.0,0.0,0.0,0.0,0.0,0.0,0.28298908162783,0.10861423220973787,0.43141964929137633,0.7221702409022294,0.5,0.0,0.0,0.0,0.0,0.0,0.9139710942876806,0.375,0.0,0.0,0.025463390196957425,0.5609304591401778,0.2946727597107891,0.0,0.0,0.0,0.0,0.0,0.0,0.5827424878213476,0.0,0.0,0.0,0.0,0.0,0.0,0.7844616401602053,0.7318986151478886,0.0,0.0,0.580844553243574,0.0,0.0,0.0,0.0,0.0,0.0,0.0,0.0,0.0,0.0,0.0,0.0,0.0,0.0,0.0,0.0,0.0,0.0,0.0,0.8171778571760011,0.0,0.8478260869565217,0.33333333333333326,0.0,0.262496166819994,0.3882552778451832,0.8649453823237339,0.0,0.0,0.0,0.0,0.919921875,0.0,0.0,0.0,0.0,0.0,0.9391727493917275,0.19999999999999996,0.2564102564102564,0.0,0.34023464458247066,0.0,0.7692307692307692,1.0,0.0,0.5996621621621623,0.0,0.33333333333333337,0.0,0.5467144563918758,0.0,0.0,0.0,0.0,0.42877594846098777,0.3331924783435454,0.6818993216708318,0.2932692307692307,0.2857142857142857,0.0,0.0,0.0,0.44217687074829926,0.4,0.0,0.0,0.5714285714285714,0.4836916776363902,0.4344596562773084,0.19999999999999996,0.6892366656020441,1.0,0.33333333333333337,1.0,0.0,1.0,0.4736842105263158,0.0,0.0,0.0,0.0,0.0,1.0,0.13323353293413187,0.6704918032786885,1.0,0.0,0.375,0.0,0.5,0.0,0.68,0.0,0.0,0.33333333333333337,0.0,0.9053591790193842,0.0,0.0,0.0,0.22516749198951358,0.7142857142857142,0.75,0.8688524590163935,0.10270270270270254,1.0,0.0,0.44444444444444453,0.0,0.4274353876739563,0.5,0.0,0.0,0.6222056631892697,0.0,1.0,1.0,1.0,0.0,0.0,0.6666666666666667,0.0,0.0,0.2570977917981073,0.0,0.5,0.0,0.0,0.0,0.10637694851204549,0.8666666666666667,0.0,0.0,0.5555555555555556,0.8555480378890392,0.0,0.6020230205790025,0.0,0.6208677685950413,0.5524861878453038,0.0,0.013157894736842035,1.0,0.0,0.5,0.29268292682926833,0.625,0.3784090909090909,0.8942857142857144,0.0,0.0,0.0,0.0,0.0,0.0,0.0,0.5729222748009407,0.4482758620689654,0.7126491887663697,0.0,0.0,0.0,0.0,0.0,0.0,0.8742733188720173,0.1428571428571428,0.0,0.0,0.0,0.6563872535277078,0.48228235544929876,0.0,0.0,0.0,0.0,0.0,0.0,0.697845546957973,0.0,0.0,0.0,0.0,0.0,0.0,0.0,0.01986101909061544,0.0,0.0,0.9113391913372548,qsampled
0.5714285714285714,0.0,0.0,0.0,0.0,0.75,0.0,0.0,0.0,0.0,0.0,0.0,0.0,0.0,1.0,0.0,0.0,0.0,0.0,0.0,0.0,0.0,0.33333333333333326,0.0,0.0,0.16394434361766475,0.0,0.0,0.8571428571428572,0.0,0.0,0.0,0.0,0.0,0.0,0.9134180011043622,0.45081640780565513,0.0,0.7050277738213929,0.0,0.0,0.1794871794871794,0.0,0.0,0.9618320610687023,0.46933728981206735,0.4079795645298625,0.39622641509433965,0.33333333333333337,0.28531199051430267,0.015372286172227856,0.0,0.6446776611694154,0.0,0.0,0.44218224945641427,0.0,0.5041625041625042,0.15233362143474505,0.736382322713258,0.5534433285509326,0.5531746031746032,0.40353460972017663,0.0,0.4,0.0,0.0,0.33333333333333337,0.0,0.21871261067240966,0.5714285714285714,0.0,0.38636363636363635,0.5714285714285714,0.9480249480249481,0.0,0.0,0.0,0.0,0.2857142857142857,0.801490349376985,0.37229987293519695,0.0,0.0,0.7681617182564751,0.0,0.5,0.0,0.0,0.5494350282485876,0.6666666666666667,0.30323450134770913,1.0,0.6521739130434783,0.0,0.0,0.9710843373493976,0.2519317533578801,0.0,0.6437549096622153,0.125,0.24167409104407944,0.012653516933383013,0.33333333333333337,0.0,0.34625937442838883,0.0,0.0,0.19999999999999996,0.0,0.0,0.0,0.0,0.4444444444444444,0.5989863152559554,0.9370522006141249,0.0,1.0,0.0,0.352675856476789,0.5,0.0,0.33333333333333337,0.75,0.18181818181818177,0.7175295186194368,0.38636363636363635,0.75,0.0,0.0,0.5013131335055239,0.014390305478414467,0.5286654135338346,0.12162162162162171,0.9166666666666666,0.0,0.8333333333333334,0.0,0.42122494942964994,0.7769465809714466,0.0,0.5768080585504052,0.741507024265645,0.0,0.11111111111111116,0.0,0.0,0.5827232796486091,0.21687763713080155,0.0,0.5,0.0,0.0,0.0,0.0,0.0,0.0,0.0,0.0,0.4856288223186388,0.0,0.0,0.3108450203914622,0.76,0.0,0.0,0.0,0.0,0.6666666666666667,0.0,0.3665855636658556,0.35996830290267245,0.0,0.0,0.0,0.0,0.0,0.0,0.0,0.0,0.0,0.0,0.0,0.0,0.3384615384615385,0.0,0.0,0.0,0.6666666666666667,0.0,0.19075762489939585,0.0,0.0,0.0,0.0,0.0,0.0,0.0,0.0,0.0,0.0,0.0,0.0,0.0,0.0,1.0,0.0,0.0,0.0,0.0,0.0,0.0,0.0,0.0,0.0,0.0,0.637486726580508,0.0,0.0,1.0,0.33333333333333326,0.0,0.0,0.0,0.0,0.0,0.8872163690546027,0.5087719298245614,0.0,0.7734564900340302,0.19435736677115978,0.0,0.3589325426241661,0.11973756150902126,0.0,0.7333333333333334,0.7871670008593527,0.8879615579160344,1.0,1.0,0.1896032144650931,0.0,1.0,0.0,0.0,0.0,0.8429639700883753,0.0,0.3865997850232892,0.0,0.745724907063197,0.21586475942782812,0.36496350364963503,0.0,0.0,1.0,0.0,0.02021305654192851,0.2500000000000001,0.0,0.0,1.0,0.1408918406072106,0.6437499999999999,0.6666666666666667,0.9861237488626023,0.0,0.0,1.0,0.0,0.5714285714285714,0.8157934815717333,0.32513749595600117,0.0,0.0,0.9466745667308547,0.1428571428571428,0.0,0.0,0.0,1.0,1.0,0.6129032258064515,1.0,0.6712955122777307,0.0,0.0,0.9731285988483686,0.0,0.0,0.9846449136276392,0.46475770925110127,0.4505080918328942,0.4545454545454546,0.0,0.11917836078909905,0.5647279549718576,0.0,0.0,0.5,0.0,0.20515222482435602,0.0,0.15929203539823023,0.6666666666666667,0.6213486213486215,0.7965779467680608,0.0,0.0,0.0,0.3451647953639986,1.0,0.0,0.0,0.44999999999999996,0.0,0.932780847145488,0.6437499999999999,0.0,0.0,0.0,0.8926983216181322,0.0,0.0,0.8725761772853186,0.962962962962963,0.0,0.8823529411764706,0.0,0.0,1.0,0.0,0.9440137109279361,0.6321752265861027,0.0,0.0,0.0,0.44999999999999996,0.25,0.41666666666666663,0.0,0.0,0.0,0.0,0.0,0.0,0.0,0.0,0.0,0.9016467915956843,0.6445934538198841,0.0,0.0,0.430769726040627,0.8181818181818182,0.0,0.0,0.9084556254367575,0.0,0.6551724137931034,0.0,0.0,0.0,0.0,0.0,0.0,0.0,0.0,0.0,0.0,0.0,0.0,0.0,0.0,0.0,0.5,0.0,0.0,0.0,1.0,0.0,0.09195820081781025,0.0,0.0,0.0,0.0,0.0,0.0,0.0,0.0,0.0,0.0,0.0,0.0,0.0,0.0,0.6666666666666667,0.0,0.0,0.0,0.0,0.0,0.0,0.21363636363636362,0.0,0.0,0.25374732334047123,0.0,0.0,0.0,0.5454545454545454,0.0,0.0,0.0,0.0,0.0,0.0,0.6071787148594376,0.5,0.0,1.0,0.6072727272727272,0.17365269461077848,0.0,0.0826446280991735,0.15384615384615385,0.0,0.525,0.5996621621621623,1.0,0.33333333333333337,0.421934312592837,0.4754207263064659,0.0,0.43619167717528373,0.08064928425357876,0.25,0.41092327698309505,0.0,0.5699831365935919,0.4374999999999999,0.0,0.8571428571428572,0.28590163934426216,0.33922025991336224,0.8979591836734694,0.4,0.0,0.0,0.5714285714285714,0.0,0.36372247217617804,0.3999999999999999,0.0,0.5,0.0,0.9411764705882353,0.0,0.0,0.0,0.0,0.0,0.8613861386138614,0.0,0.0,0.0,0.5829383886255923,0.0,1.0,0.5654474350126524,0.4,0.8165137614678899,0.5,0.3327194597912829,0.20000000000000018,0.17389138016940708,0.0,0.33333333333333337,0.0,0.4331715924128805,0.8148148148148149,0.5986277873070327,1.0,0.0,0.1986062717770034,0.25,0.4098360655737705,0.08408071748878931,1.0,0.0,0.33333333333333337,0.0,0.0,0.5,0.0,0.4285714285714285,0.2213114754098361,0.3664083557951482,0.0,1.0,1.0,0.2862780813600485,0.0,0.0,1.0,0.0,0.9022082018927444,0.6206896551724137,0.5,0.6666666666666666,0.0,1.0,0.09182401993673928,0.6923076923076923,0.6500843170320405,0.0,0.7777777777777778,0.312791601866252,0.0,0.6020230205790025,0.7302730595570845,0.8114285714285714,0.5921100917431193,0.0,0.0,1.0,0.5,0.5,0.0,0.625,0.3784090909090909,0.047235023041474644,1.0,0.0,0.0,0.0,0.0,0.0,0.04166666666666674,0.851218820861678,0.6666666666666667,0.8663164253418514,1.0,0.0,0.7540518638573743,0.33333333333333326,0.0,0.0,0.8767123287671232,0.0,1.0,0.0,0.0,0.6563872535277078,0.0,0.0,0.0,0.0,0.0,0.0,0.0,0.0,0.0,0.0,0.0,0.0,1.0,0.0,0.0,0.7774711603709568,0.0,0.0,0.8493864155251142,qsampled
0.0,0.0,0.7369207772795217,0.0,0.0,0.0,0.0,0.0,0.0,0.0,0.0,0.0,0.0,0.0,0.0,0.0,0.0,0.0,0.7316211853681825,0.623993634150908,0.0,0.4813404417364813,1.0,0.0,0.05434723712301026,0.0,0.0,0.0,0.8571428571428572,0.0,0.0,0.0,0.0,0.0,0.0,0.0,0.360116873630387,0.5871559633027524,0.8863344281022418,0.7544507450876962,0.5122615803814714,0.5769230769230769,0.578383641674781,0.3776066453231809,0.6122448979591837,0.8509254627313657,0.15234899328859053,0.0,0.33333333333333337,0.0,0.2759339362957136,0.0,0.7028985507246377,0.0,0.0,0.0,0.580983726458219,0.6234137055837563,0.39457937346004934,0.1447543160690571,0.0,0.23224932249322494,0.40353460972017663,0.1428571428571429,0.0,0.0,0.641933887024916,0.44444444444444453,0.0,0.26902753314174455,0.1428571428571428,0.4241423316567823,0.6000000000000001,0.0,0.0,0.8333333333333334,0.3501350135013501,0.3548387096774194,0.0,0.5714285714285714,0.0,0.0,0.6428571428571428,0.0,0.0,0.31563517915309436,0.5,0.09568350308321172,0.0,0.4261642156862744,0.0,0.7178002894356006,0.33333333333333337,0.2941176470588235,0.5407279029462738,0.0,0.5462325193070341,0.9097974420170124,0.6703296703296704,0.0,0.125,0.4789367015308891,0.0,0.8333333333333334,0.0,0.3147173883717792,0.0,0.0,0.19999999999999996,0.0,0.45873812319846263,1.0,0.08167539267015678,0.33333333333333326,0.0,0.0,0.16945516945516959,0.375,0.0,0.585883207136189,0.0,0.0,0.0,0.0,0.0,0.0,0.7179487179487178,0.25,0.0,0.0,0.10300632911392427,0.5914868264265853,0.0,0.0,0.0,0.5376322213181448,0.0,0.6640166340508807,0.0,0.0,0.6443701226309921,0.0,0.1971391155434674,0.0,0.0,0.0,0.3076923076923077,0.5619412515964239,0.716148023549201,0.22890173410404613,0.0,0.0,0.9142857142857143,0.0,0.0,0.0,0.0,0.0,0.5789940982921606,0.35923852598798844,0.0,0.0,0.6325388205525699,1.0,0.0,0.9002847608889237,0.0,0.206896551724138,0.16666666666666663,0.0,0.029411764705882137,0.7558641537952859,0.43296653034868693,0.0,0.0,0.0,0.0,0.0,0.7637386997707514,0.0,0.0,0.0,0.0,0.0,0.0,0.0,0.22122919092425353,0.8645005151014669,0.6666666666666667,0.0,0.7572963742887656,0.0,0.0,0.8888888888888888,0.0,0.0,0.0,0.0,0.0,0.0,0.0,0.0,0.0,0.0,0.0,0.0,0.0,0.0,0.0,0.7143738686852066,0.7327112147975336,0.0,1.0,0.0,0.0,0.8681318681318682,0.6553230883169783,0.0,0.21212121212121204,1.0,0.0,0.0,0.0,0.0,0.0,0.0,0.0,0.5087719298245614,0.49809673085535144,0.5892351274787535,0.9693486590038314,0.46153846153846145,0.6560415122312824,0.0,0.19593468843718764,0.7333333333333334,0.5507004669779854,0.41637990364762556,0.23076923076923073,0.0,0.0,0.0,0.0,0.5771428571428572,0.0,0.0,0.0,0.740656851642129,0.0,0.6000000000000001,0.0,0.20750782064650686,0.09999999999999998,0.0,1.0,1.0,0.0,0.827023426224048,0.75,0.33333333333333326,0.516003879728419,0.0,0.0,1.0,0.1428571428571429,0.9797178130511464,0.8333333333333334,0.5322055953155498,0.10227272727272718,0.48677884615384603,0.8571428571428571,0.0,0.0,1.0,0.0,0.04233274126702169,0.5238095238095237,0.0,0.46793619791666663,0.0,0.873015873015873,0.0,0.7096774193548387,1.0,0.8574133035022804,0.6325602546612097,0.0625,0.2137486573576799,0.9203310915675117,0.0,0.0,0.3460884353741498,0.5639781685870224,0.0,0.08333333333333337,0.47777777777777786,0.4078947368421053,0.0,0.0,0.0,0.0,0.8101182654402102,0.0,0.2361809045226132,0.33333333333333337,0.500955500955501,0.005331302361005319,0.5704697986577181,0.375,0.0,0.5697806354009076,0.0,0.0,0.0,0.0,0.3529411764705882,0.5753968253968254,0.7,0.0,0.0,0.5,0.0,1.0,0.2857142857142857,0.12535816618911177,0.0,0.38547904191616755,0.0,0.5073313782991202,0.21311475409836078,0.0,0.0,0.09572864321608054,0.905638665132336,0.0,0.0,0.0,0.65,0.75,1.0,0.5,1.0,0.0,0.9117647058823529,0.0,0.0,0.0,0.0,0.0,1.0,0.5440384504024552,0.0,0.0,0.7819714095356095,0.9545454545454546,0.0,0.8915547729107052,0.8854667949951877,0.375,0.1724137931034483,0.0,0.5268940828198685,0.9919238737315215,0.5683902926882627,0.0,0.0,0.0,0.0,0.0,0.7364190054938304,0.0,0.0,0.0,0.0,0.0,0.0,0.0,0.8759493670886076,1.0,1.0,0.0,0.6999874497991968,1.0,0.0,1.0,0.0,0.0,0.0,0.0,0.0,0.0,0.0,0.0,0.0,0.0,0.0,0.0,0.0,0.0,0.0,0.8665817834568688,0.8855664174813112,0.0,0.0,0.33333333333333326,0.0,0.0,0.0,0.0,0.0,0.5454545454545454,0.0,0.0,0.0,0.0,0.0,0.0,0.0,0.5,0.9683098591549296,0.32799999999999996,0.7932692307692308,0.0,0.5753012048192772,0.5292961069602831,0.3076923076923076,0.0,0.8208797032326444,0.0,0.0,0.6666666666666667,0.0,0.5913541004450096,0.0,0.47542011537496864,0.0,0.0,0.0,0.1750405186385735,0.6818993216708318,1.0,0.2857142857142857,0.0,0.2863157894736842,0.3403543965229019,0.44217687074829926,0.0,0.0,0.26483762597984317,0.4285714285714285,0.0,0.20045385779122538,0.19999999999999996,0.6892366656020441,0.0,0.33333333333333337,0.0,0.6666666666666667,1.0,0.4736842105263158,0.0,0.0,0.19253731343283575,0.0,0.0,0.0,0.1367799113737077,0.389958012596221,1.0,0.14884051112162788,0.4,0.42062225767850026,0.5,0.5804597701149425,0.15789473684210542,0.01522070015220689,0.0586419753086419,0.0,0.8939068100358423,0.9828962371721779,0.0,0.0,0.0,0.22516749198951358,0.3766233766233765,0.75,0.34426229508196726,0.17412935323383105,1.0,0.0,0.44444444444444453,0.0,0.06952965235173814,0.5,0.0,0.4285714285714285,0.7928571428571428,0.12008697106539556,0.5499999999999999,1.0,1.0,0.6923857868020304,0.0,0.0,0.0,1.0,0.0,0.0,0.5,0.6666666666666666,0.0,0.5,0.2156739811912226,0.6923076923076923,0.0,0.0,0.0,0.0,0.0,1.0,0.0,0.0,0.5974378881987578,0.0,0.20000000000000007,1.0,0.0,0.5,0.29268292682926833,0.75,0.6931818181818181,0.27323272438443214,0.0,0.0,1.0,0.0,0.0,0.0,0.04166666666666663,0.8861731465960093,1.0,0.683742018183113,0.0,0.0,0.9424635332252836,0.0,0.0,0.7647197362223269,0.7387816154473756,0.1428571428571428,0.5,0.0,0.524919942401513,0.46745222014657284,0.22368863740633138,0.0,0.0,0.0,0.0,0.0,0.9366544644278211,0.0,0.0,0.0,0.0,0.0,0.0,0.0,0.0,0.8089050533534143,0.0,0.0,0.9091609419052535,qsampled
0.0,0.0,0.0,0.8431179775280899,0.9,0.6666666666666667,0.0,0.0,0.8397198187062216,0.0,0.6593532229965157,0.8873102610807528,0.0,0.0,0.0,0.0,0.0,0.0,0.0,0.0,0.0,0.0,0.0,0.0,0.0,0.0,0.6638035198318886,0.029322268326417822,0.8571428571428572,0.0,0.0,0.0,0.8489945636289239,0.0,0.0,0.0,0.0,0.3051528331521083,1.0,0.17025346724055468,0.0,0.8958333333333334,0.3834903544190219,0.3217838196286472,0.0,0.9414847161572053,0.50215944069293,0.0,0.33333333333333337,0.14897085795801923,0.03068066373179823,0.0,0.7350781998084903,0.867708674304419,0.0,0.0,0.0,0.9302857142857143,0.0,0.0,0.0,0.0,0.0,1.0,0.0,0.0,0.0,0.22222222222222232,0.0,0.4411134903640258,0.0,0.952060006522448,0.0,0.0,0.6785714285714286,0.0,0.0,0.3548387096774194,0.06201550387596888,0.0,0.5502227622519238,0.31281070745697914,0.0,0.18181818181818188,0.4017548772519368,0.008659180083885998,0.0,0.0,0.0,0.0,0.0,0.0,0.11111111111111116,0.6521739130434783,0.0,0.2666666666666666,0.0,0.0,0.0,0.0,0.125,0.5819673605988089,0.8978630930822166,0.33333333333333337,0.0,0.0,0.0,0.6666666666666667,0.5,0.0,0.6092510559390132,1.0,0.014700339238597815,0.33333333333333326,0.0,0.9006779661016949,0.19291506615450282,0.0,0.0,0.0,0.0,0.625,0.6666666666666667,0.0,1.0,0.03857487275649607,0.8225806451612903,0.25,0.0,0.0,0.0,0.0,0.5286654135338346,0.9718229523157654,0.41666666666666663,0.9152160864345739,0.0,0.0,0.0,0.0,0.0,0.0,0.7341772151898736,0.0,0.11111111111111116,0.0,0.3076923076923077,1.0,0.21687763713080166,0.0,0.0,0.0,0.0,1.0,0.0,0.0,0.9772372713090342,0.9951988619524628,0.41758005009021626,0.6536430143773566,0.33333333333333326,0.0,0.0,0.16000000000000003,0.0,0.0,0.3785440613026819,0.0,0.0,0.0,0.0,0.0,0.3887633450668522,0.0,0.0,0.0,0.0,0.0,0.7770416134194998,0.0,0.0,0.0,0.0,0.0,0.6933333333333334,0.0,0.2780231567656247,0.02329582479060399,0.0,0.0,0.08401020757476729,0.0,0.0,0.0,0.7916666666666666,0.8571428571428572,0.0,0.0,0.0,0.5,0.0,0.6525514008735485,0.9179236043095005,0.0,0.0,0.0,0.0,0.0,0.0,0.0,0.0,0.0,0.0,0.0,0.0,0.0,0.0,0.6206896551724137,0.21212121212121204,0.5,0.33333333333333326,0.0,0.0,0.8655913978494624,0.0,0.0,0.0,0.0,0.3179863660199268,0.7549751243781095,0.2911051212938005,0.8181818181818181,0.5651533742331288,0.6992945326278661,0.396943972835314,0.0,0.9118429807052562,0.3383202099737532,1.0,1.0,0.0,0.0,1.0,0.657142857142857,0.8994126284875184,0.0,0.0,0.0,0.913074972835929,0.0862068965517242,0.12959719789842372,0.07787903893951931,0.0,0.0,1.0,1.0,0.0,0.0,0.0,0.11111111111111116,0.5572139303482587,0.0,0.6797966963151207,0.0,0.0,0.5,0.0,0.0,0.23113207547169812,0.5258064516129033,0.0,0.7458665033680343,0.3462555066079296,0.0,0.33333333333333326,0.7507192418344897,0.0,1.0,0.0,0.0,0.0,0.0,0.0,0.0,0.6579907695610174,0.07142857142857151,0.0625,0.574750830564784,0.2014299036369287,0.0,0.0,0.46475770925110127,0.8211009174311927,0.8181818181818182,0.0,0.11917836078909905,0.0,0.0,0.0,0.0,0.0,0.7416340066324992,1.0,0.6802973977695168,0.33333333333333337,0.0,0.9287341360234298,0.673092556032981,0.0,0.0,0.0,0.0,0.8,1.0,0.0,0.0,0.03395784543325475,0.8769230769230769,0.0,0.0,0.5,0.0,0.6666666666666667,0.0,0.980121776504298,0.5555555555555556,1.0,0.0,0.0,0.3720430107526882,0.0,0.0,0.17159425024501795,0.4371014492753623,0.0,0.0,0.0,0.65,0.75,0.41666666666666663,0.0,1.0,0.0,0.0,1.0,0.0,0.0,0.9762225284572922,0.9875430691757222,0.0,0.5424304855858157,0.5,0.0,0.0,0.13636363636363646,0.0,0.0,0.0,0.0,0.0,0.0,0.0,0.0,0.9534433159161627,0.0,0.0,0.0,0.0,0.0,0.7353332808068075,0.0,0.0,0.0,0.0,0.0,0.5,0.0,0.7666122498337263,0.6311805125093969,0.0,0.0,0.0,1.0,0.0,0.0,0.8507799671592775,1.0,0.0,0.0,0.0,0.8547770700636943,0.0,0.7785359801488834,0.894047619047619,0.0,0.0,0.0,0.0,0.0,0.0,0.0,0.0,0.0,0.0,0.0,0.0,0.0,0.3882552778451832,0.8851756640959726,0.0,0.5454545454545454,0.0,0.0,0.0,0.5023326753992463,0.0,0.0,0.0,0.0,0.5846613545816735,0.96,0.8841767640769779,0.0,0.40160642570281124,0.0,0.7692307692307692,0.0,0.3681645912290198,0.0,0.75,0.33333333333333337,0.41617952102583444,0.3897810218978104,0.0,0.4737704918032788,0.630442446677243,0.25,0.0,0.0,0.8650481970724742,0.2932692307692307,0.0,0.0,0.0,0.08333333333333326,0.053097345132743334,0.0,0.0,0.0,0.5714285714285714,0.0,0.3493506493506492,0.0,0.5953678474114442,1.0,0.33333333333333337,0.41176470588235303,0.0,0.0,1.0,0.0,1.0,0.0,0.0,0.0,0.5,0.0,0.20836065573770501,0.0,0.0,0.0,0.0,0.5,0.08087027914614131,0.0,0.1496702181633689,0.0,0.0,0.0,0.4880319148936171,0.23529411764705876,0.0,0.0,0.8499413833528722,0.05521472392638038,0.25,0.0,0.0,1.0,1.0,0.5,0.0,0.32824981844589685,0.0,0.16139585605234463,0.4285714285714285,0.03824626865671654,0.36977441236788144,0.0,1.0,1.0,0.0,0.0,0.33333333333333337,0.0,1.0,0.9022082018927444,0.32965517241379316,0.5,0.6666666666666666,0.0,0.5,0.0,0.0,0.5577507598784195,0.8818272095332671,1.0,0.5032811711256941,0.0,0.5733194009056078,0.0,0.3711467324290999,0.5950679056468906,0.0,0.0,1.0,0.5,0.5,0.29268292682926833,0.7368421052631579,0.3784090909090909,0.0,0.0,0.0,0.0,1.0,0.0,0.0,0.9342706502636204,0.8097517609245709,0.6724137931034482,0.7963133987975196,0.0,0.0,0.0,0.33333333333333326,0.0,0.0,0.0,0.0,0.5,0.0,0.0,0.0,0.9700159489633173,0.0,0.0,0.0,0.0,0.0,0.9366544644278211,0.0,0.0,0.0,0.0,0.0,1.0,0.0,0.0,0.2985871720220765,0.0,0.0,0.6134528518267137,qsampled
0.0,0.0,0.0,0.0,0.0,0.75,0.0,0.0,0.0,0.0,0.0,0.0,0.75880822889572,0.0,0.5,0.7456456731610206,0.0,0.6534222869893893,0.0,0.0,0.0,0.0,0.33333333333333326,0.0,0.10749828677801765,0.0,0.0,0.0,0.0,0.77227200843437,0.7960224906289046,0.0,0.0,0.0,0.0,0.0,0.45081640780565513,0.20907640322883414,0.0,0.0,0.6123583260680034,0.3846153846153846,0.2591496426766766,0.38636363636363635,0.0,0.0,0.3879254977520875,0.0,0.33333333333333337,0.28531199051430267,0.2759339362957136,0.0,0.0,0.6561642331759798,0.0,0.0,0.0,0.0,0.8608470181503889,0.04973357015985802,0.9814159292035398,0.8617886178861789,0.40353460972017663,0.0,0.4,0.0,0.641933887024916,0.0,0.0,0.0,0.0,0.8363244296048971,1.0,0.5714285714285714,0.0,0.0,0.0,0.19354838709677413,0.06201550387596888,0.0,0.4161736903092029,0.0,0.0,0.18181818181818188,0.12234355883818937,0.05257578969684107,0.0,0.7263492063492063,1.0,0.4377203290246767,0.0,0.4595687331536389,0.33333333333333337,0.17391304347826086,0.0,1.0,0.9689288634505315,0.5986412681497268,1.0,0.14998243765367025,0.125,0.9060469765117442,0.8529411764705882,0.33333333333333337,0.0,0.6925673602160436,0.75,0.0,0.19999999999999996,0.6666666666666667,0.7817871250133447,1.0,0.0,0.33333333333333326,0.5979266185587966,0.0,0.19291506615450282,0.0,0.0,0.6074570171931227,0.5,0.0,0.0,0.75,0.0,0.7107664233576643,1.0,0.25,0.0,0.0,0.0,0.0,0.0,0.25251166838066597,0.0,0.8802433400382672,0.8333333333333334,0.5492906066536203,0.42122494942964994,0.0,0.7659282156963765,0.0,0.741507024265645,0.0,0.0,0.0,0.1923076923076923,1.0,0.0,0.0,0.0,0.0,0.0,0.0,0.0,0.0,0.7348730118122393,0.0,0.143214543837216,0.7080447838659449,0.0,0.0,0.3108450203914622,0.0,0.0,0.0,0.0,0.206896551724138,0.16666666666666663,0.0,0.5366785691912548,0.07332910400417958,0.0,0.0,0.0,0.0,0.0,0.0,0.7638527608246086,0.0,0.0,0.0,0.0,0.7117750439367312,0.19999999999999996,0.0,0.3983925199207775,0.1390796102925983,0.0,0.0,0.5519750135528065,0.0,0.0,0.0,0.0,0.0,0.0,0.0,0.0,0.0,0.0,0.0,0.0,0.8375755238462528,0.0,1.0,0.8470273218624486,0.0,0.8427225130890053,0.0,0.0,0.0,0.0,0.0,0.0,0.8681318681318682,0.0,0.0,0.21212121212121204,0.25,0.9166666666666666,0.6977832011389059,0.0,0.0,0.0,0.0,0.0,0.5087719298245614,0.5927272727272725,0.0,0.19435736677115978,0.717948717948718,0.7174203113417346,0.6600877192982456,0.2749105774144097,0.0,0.09571230982019341,0.49440802159660624,0.0,0.0,0.1896032144650931,0.0,0.0,0.19999999999999996,0.5325438745953313,0.0,0.0,0.4682080924855492,0.0,0.6233766233766234,0.12959719789842372,0.4552036199095022,0.8527918781725888,0.0,0.5,0.5,0.0,0.8410270417918602,0.5,0.11111111111111116,0.0,0.0,0.9867172675521821,0.29999999999999993,0.6666666666666667,0.21310080816673738,0.0,0.0,0.0,0.48677884615384603,0.0,0.7442126104173012,0.0,0.0,0.0,0.0,0.0,1.0,0.2463657230298395,0.5,1.0,0.0,0.0,1.0,0.32063223257126716,0.0,0.8125,0.9548494983277592,0.72,1.0,0.0,0.3460884353741498,1.0,0.6363636363636365,0.0,0.11917836078909905,0.9049405878674172,1.0,0.0,0.5,1.0,0.9132673267326733,0.0,0.0,0.33333333333333337,0.6213486213486212,0.2456207159177457,0.673092556032981,0.0,0.0,0.5697806354009077,1.0,0.0,0.0,0.44999999999999996,0.0,0.9277942631058358,1.0,0.0,0.0,0.5,0.0,0.6666666666666667,0.2857142857142857,0.5898767034393252,0.0,1.0,0.8823529411764706,0.7945922372437855,0.0,0.0,0.7532972667161699,0.1670611278870482,0.6321752265861027,0.0,0.0,0.0,0.0,0.75,0.6875,0.0,1.0,0.0,0.0,0.0,0.0,0.0,0.49670698784812584,0.0,0.0,0.8912578183495814,0.0,0.0,0.4693591463340947,0.0,0.0,0.0,0.9124649859943977,0.375,0.1724137931034483,0.0,0.0,0.0,0.0,0.0,0.0,0.0,0.0,0.0,0.7346377218402711,0.0,0.0,0.0,0.0,0.9361158432708688,0.5,0.0,0.7686994196027139,0.9569373153774443,0.0,0.0,0.4250125502008032,1.0,0.0,0.0,0.0,0.0,0.0,0.0,0.0,0.0,0.0,0.0,0.0,0.6223476639282294,0.0,0.6666666666666667,0.6354111506165367,0.0,0.9684321290775166,0.0,0.0,0.0,0.21363636363636362,0.0,0.0,0.0,0.3608849690939243,0.0,0.0,0.0,0.75,0.8682602921646747,0.0,0.0,0.0,0.0,0.0,0.5,0.6,0.4625,0.0,0.44031830238726777,0.0,0.0,0.3076923076923076,0.0,0.0,0.1746641074856048,0.0,0.6666666666666667,0.421934312592837,0.5913541004450096,0.0,0.0,0.09349909349909347,0.0,0.0,0.581769436997319,0.0,0.75,0.0,0.8571428571428572,0.860801050558109,0.33922025991336224,0.0,0.6,0.0,0.28873239436619724,0.0,0.0,0.27328646748681906,0.0,0.577131906739061,1.0,0.0,0.0,0.0,0.0,0.0,0.0,1.0,0.0,0.0,0.0,0.5,0.3962085308056872,0.34686700767263423,0.0,0.9005740528128587,1.0,0.797832233741753,0.5,0.10620012277470836,0.0,0.0,0.02164502164502169,1.0,0.0,0.2046757829730923,0.5882352941176471,0.0,0.0,0.3970588235294119,0.7142857142857142,0.25,0.0,0.10378378378378372,0.0,0.0,1.0,0.0,0.5877437325905294,1.0,0.0,0.4285714285714285,0.28688524590163933,0.2841739130434784,0.5499999999999999,1.0,1.0,0.6839186691312384,0.0,0.0,0.0,0.0,0.9022082018927444,0.6206896551724137,0.0,0.6666666666666666,0.0,0.5,0.12201667784913262,0.0,0.0,0.5979364823472513,0.0,0.6127148880960104,0.0,0.0,0.3174971031286208,0.6208677685950413,0.22385321100917444,0.07465564738291974,0.0,1.0,0.0,0.5,0.41463414634146345,0.75,0.0,0.11714285714285722,0.0,0.0,0.0,0.0,0.0,0.0,0.0,0.8741018866175312,0.0,0.9638270588910792,1.0,0.0,0.7540518638573743,0.0,0.0,0.0,0.8715679190751445,0.1428571428571428,0.5,0.0,0.0,0.6563872535277078,0.0,0.0,0.0,0.0,0.0,0.0,0.6160543973429681,0.0,0.0,0.0,0.0,0.8899398108340499,0.5555555555555556,0.0,0.0,0.0,0.0,0.0,0.5887590560388076,qsampled
0.5714285714285714,0.706499193362526,0.0,0.0,0.0,0.0,0.0,0.0,0.0,0.0,0.0,0.0,0.0,0.0,0.0,0.0,0.0,0.0,0.0,0.0,0.0,0.446257197696737,0.0,0.0,0.0,0.0,0.0,0.0,0.2857142857142857,0.0,0.0,0.0,0.0,0.0,0.7714285714285715,0.0,0.0,0.2234421685445841,0.0,0.0,0.6163261860543644,0.47916666666666663,0.5338541666666667,0.0,0.0,0.0,0.22068980543390637,0.0,0.33333333333333337,0.0,0.20872204113746196,0.0,0.7350781998084903,0.42282828644592874,0.7951348182883939,0.450974196945761,0.4270728367310028,0.0,0.0,0.1447543160690571,0.9433628318584071,0.0,0.7207207207207207,1.0,0.6000000000000001,0.5,0.0,0.44444444444444453,0.32217604835663016,0.2502027209658526,0.1428571428571428,0.397225019581515,1.0,1.0,0.14035087719298245,0.0,0.36186650185414093,0.7741935483870968,0.0,0.2857142857142857,0.9450789793438639,0.0,0.0,0.0,0.8809589545370882,0.8078310837899239,0.0,0.4600472651299792,0.0,0.0,0.6666666666666667,0.0,0.0,0.2941176470588235,0.5867556468172486,0.0,0.48777429467084643,0.6540276485444637,0.5497587454764776,0.0,0.0,0.23053000727850181,0.7066280333212605,1.0,0.3390323754092397,0.0,0.0,0.0,0.5,0.0,0.6076535335870795,1.0,0.19626168224299068,0.0,0.033580770590314724,0.5792163543441227,0.19047619047619047,0.375,0.6666666666666667,0.0,0.0,0.0,0.0,0.29999999999999993,0.9090909090909091,0.19218891916439595,1.0,0.0,0.0,0.0,0.4368715794832634,0.0,0.0,0.5485411140583554,0.0,0.6765436532878393,0.0,0.0,0.60057925223802,0.0,0.4140604258482451,0.0,0.03325964630225087,0.0,0.0,0.0,0.1923076923076923,0.0,1.0,0.9390459363957597,0.0,0.0,0.9142857142857143,0.0,0.0,0.0,0.0,0.9958962823357753,0.26827888939757094,0.6503166738005934,0.33333333333333326,0.0,0.5974934507293329,1.0,0.0,0.0,0.0,0.206896551724138,0.0,0.0,0.250299107279811,0.3631737107405971,0.44425462592536524,0.0,0.0,0.0,0.0,0.0,0.0,0.0,0.0,0.0,0.0,0.0,0.0,0.0,0.0,0.93173050123953,0.6666666666666667,0.0,0.41489169675090254,0.0,0.5741935483870968,0.0,0.0,0.0,0.0,0.0,0.0,0.0,0.0,0.0,0.0,0.0,0.0,0.0,0.0,0.0,0.0,0.0,0.0,0.0,0.7142857142857143,0.0,0.0,0.0,0.0,0.0,0.0,0.0,0.0,0.0,0.0,0.0,0.0,0.84,0.0,0.0,0.5339195979899498,0.0,0.18584070796460184,0.9545454545454546,0.0,0.6605624591236101,0.0,0.0,0.06862432173635469,0.15977361776229848,0.23076923076923073,0.0,0.20259376095338222,0.0,0.0,0.8029411764705883,0.38082163921090095,0.7625698324022346,0.5373525557011796,0.31263048016701445,0.0,0.0862068965517242,0.0,0.9642105263157895,0.0,0.7656328164082041,1.0,0.0,1.0,0.0,0.75,0.0,0.5318066157760815,0.0,0.8146754468485419,1.0,0.7142857142857143,0.0,0.0,0.5338645418326693,0.6886792452830188,0.0,0.5714285714285714,0.96529284164859,0.0,0.0,0.0,1.0,0.6666666666666666,1.0,0.5624949437747755,0.0,0.0,1.0,0.0,0.0,0.8687345712139101,0.0,0.0,0.300332778702163,0.8034014982790039,0.4077669902912622,0.0,0.0,0.3317904993909867,1.0,0.0,0.0,0.0,0.0,0.0,0.0,0.0,0.8781954887218045,0.5,0.24673202614379075,0.33333333333333337,0.6225850340136054,0.0,0.6837378381268042,0.375,1.0,0.44376391982182617,0.0,0.0,0.0,0.44999999999999996,0.3529411764705882,0.8921568627450981,1.0,0.0,0.0,1.0,0.6159766454352442,0.0,0.2857142857142857,0.8213199785369343,0.0,0.6364403205398566,0.0,0.0,0.9395209580838323,0.0,0.7226886630333382,0.0988647635842611,0.0,0.0,0.0,0.0,0.0,0.0,1.0,1.0,1.0,0.8095238095238095,0.9117647058823529,0.0,0.0,0.0,0.0,1.0,1.0,0.5033528855818419,0.5,0.0,0.7786240434813703,0.0,0.0,0.0,0.9139710942876806,0.375,0.0,0.0,0.08574510156390447,0.5631320906657824,0.7760855263157895,0.0,0.0,0.0,0.0,0.0,0.0,0.0,0.0,0.0,0.0,0.0,0.0,0.0,0.0,0.776486983116899,1.0,0.0,0.21621787025703798,0.0,0.8798044878915796,0.0,0.0,0.0,0.0,0.0,0.0,0.0,0.0,0.0,0.0,0.0,0.0,0.0,0.0,0.0,0.0,0.0,0.0,0.0,0.0,0.0,0.0,0.0,0.3882552778451832,0.0,0.0,0.0,0.0,0.0,0.0,0.0,0.0,0.9,0.0,0.0,0.0,0.19999999999999996,0.35236457437661217,0.5388349514563107,0.0,0.0,0.15384615384615385,0.0,0.8164591229020033,0.3318965517241381,0.0,0.6666666666666667,0.0,0.5437060781654542,0.0,0.49176829268292677,0.12295081967213084,0.0,0.41092327698309505,0.7854104636324968,0.0,0.2932692307692307,0.2857142857142857,0.8571428571428572,0.0,0.0,0.44217687074829926,1.0,0.0,0.0,0.4285714285714285,0.4519864244360151,0.34324876057159515,0.19999999999999996,0.10081743869209803,0.5,0.33333333333333337,0.41176470588235303,0.0,1.0,1.0,0.0,0.0,0.8651817116060961,0.0,0.0,0.0,0.6525849335302807,0.7572362278244631,0.0,0.26950354609929084,0.4,0.0,0.5,0.07840722495894914,0.0,0.03886397608370695,0.060381355932203506,0.33333333333333337,0.4652605459057072,0.1714554875176636,0.7058823529411765,0.0,0.625,0.0,0.7300613496932515,0.25,0.24418604651162779,0.07317073170731714,1.0,0.0,0.5,0.0,0.36687200547570165,1.0,0.9,0.0,0.5180831826401447,0.0,0.0,1.0,0.0,0.0,0.0,0.0,0.0,1.0,0.2570977917981073,0.13379310344827577,1.0,0.6666666666666666,0.0,0.0,0.0,0.0,0.0,0.42229828850855744,0.44444444444444453,0.0,0.0,0.5733194009056078,0.38786489987047934,0.6587329366468324,0.16840600428877772,0.0,0.17333333333333356,1.0,0.0,0.5,0.41463414634146345,0.0,1.0,0.8942857142857142,0.0,0.33333333333333326,1.0,0.0,0.0,0.0,0.0,0.914702868852459,0.2068965517241378,0.8281652557968348,1.0,1.0,0.3884281420460871,0.0,0.0,0.0,0.8715679190751445,0.1428571428571428,0.5,0.0,0.6938901098901099,0.4647971957936905,0.0,0.0,0.0,0.0,0.0,0.0,0.0,0.0,0.0,0.0,0.0,0.0,0.0,0.0,0.29113264561842256,0.032282212033311386,0.0,0.0,0.6210831560061751,qsampled
0.0,0.0,0.0,0.6508237975404777,0.0,0.0,0.0,0.7228106676754302,0.667235818630241,0.0,0.0,0.0,0.0,0.0,0.0,0.0,0.0,0.0,0.9275482985645342,0.0,0.0,0.446257197696737,0.0,0.75,0.12894377544619262,0.820657800430039,0.0,0.0,0.0,0.0,0.0,0.0,0.0,0.0,0.0,0.8259438601800712,0.6976744186046512,0.26922150641218623,0.0,0.9197686351338744,0.0,0.0,0.23177083333333326,0.6840185676392574,0.6513067400275103,0.0,0.2155029987552336,0.0,0.0,0.13978985838282298,0.38027799632835024,0.0,0.4755825087775295,0.0,0.7435635992862605,0.0,0.5785752986403159,0.536311485414378,0.31467793030623026,0.0,0.3689680772086117,0.0,1.0,0.5714285714285714,0.4,1.0,0.06663915824221167,0.0,0.2402194441946216,0.24389351385966518,0.1428571428571428,0.451711854343954,0.0,0.5714285714285714,0.0,0.0,0.36186650185414093,0.19354838709677413,0.0,0.2857142857142857,0.1553854255276057,0.2901633118116218,0.6428571428571428,0.0,0.34305398263495657,0.7920456572141965,0.5,0.5721886014497574,0.0,0.0,0.33333333333333337,0.06882022471910121,1.0,0.0,0.6185831622176592,0.5,0.4482758620689655,0.6762855528348087,0.0,0.0,0.0,0.5558037180582015,0.30228075811114674,0.5,0.040102233311020696,0.0,0.0,0.0,0.0,0.0,0.09639651359438006,0.0,0.0,0.0,0.02827854365500193,0.8839645447219984,0.6190476190476191,0.375,0.0,0.0,0.0,0.5,0.6666666666666667,0.75,1.0,0.36543029417138695,0.0,1.0,0.0,0.0,0.5946586365207089,0.39893048128342246,0.5286654135338346,0.45303613488826333,0.0,0.0,0.6666666666666667,0.02989690721649485,0.3608039318939794,0.38820988304709725,0.0,0.0,0.28468468468468466,0.0,0.0,0.0,0.8269230769230769,0.0,0.0,0.0,0.0,0.0,0.0,0.0,0.0,0.0,0.0,0.9892181856809008,0.24479098414362443,0.0,0.0,0.0,0.644252217997465,0.16000000000000003,0.0,0.0,0.0,0.0,0.7435897435897436,0.0,0.6784980212903028,0.0,0.0,0.0,0.0,0.0,0.0,0.0,0.0,0.0,0.0,0.0,0.0,0.0,1.0,0.0,0.0,0.07623920438199161,0.0,0.5469651511654743,0.0,0.0,0.0,0.0,0.7916666666666666,0.0,0.0,0.0,1.0,0.5945945945945946,0.0,0.0,0.0,0.0,0.0,0.0,0.0,0.0,0.0,0.893762998732997,0.0,0.0,0.7142857142857143,0.0,0.7919441801458929,0.4098360655737705,0.5783183148378872,0.0,0.0,0.0,0.0,0.0,0.0,0.0,0.0,0.0,0.8899745344868066,0.5087719298245614,0.3179863660199268,0.0,0.8328840970350404,0.8181818181818181,0.12343558282208589,0.07120743034055743,0.7123469049983449,0.7333333333333334,0.04718810601163537,0.40111279716742543,0.23076923076923073,1.0,0.0,0.6336147795338097,0.0,0.2574558734023127,0.0,0.7468471810089021,0.0,0.7108559498956158,0.7374727668845316,0.0,0.2571428571428571,0.7260897852960313,0.0,1.0,0.75,0.5,1.0,0.4703008770955923,0.5,0.8997955010224948,0.1098039215686274,0.0,0.8146754468485419,0.0,0.0,0.4927239654388359,0.0,0.5170814002530577,0.41509433962264153,0.0,0.5714285714285714,0.2456140350877194,0.32232920678587795,0.625,0.0,0.6268600489734413,0.6666666666666666,0.0,0.4146042135406013,0.0,0.0,1.0,0.19354838709677402,1.0,0.0,0.7857142857142857,0.0,0.7676419965576593,0.8317239195820801,0.0,0.0,0.0,0.5638401559454191,0.0,1.0,0.11917836078909905,0.0,0.0,0.0,0.5,0.0,0.0,0.0,0.6818181818181819,0.33333333333333337,0.0,0.6631205673758865,0.888944472236118,0.375,0.0,0.0,0.0,0.8,1.0,0.9,0.8823529411764706,0.0,0.0,0.5,0.0,0.0,0.5837587638690356,1.0,0.0,0.8203560510699515,0.0,0.0,0.6470588235294118,0.7962170682278766,0.0,0.8116926355040618,0.0,0.1670611278870482,0.2515942028985507,0.0,0.0,0.0,0.8,0.0,0.6009852216748769,0.0,1.0,0.0,0.0,0.0,0.0,0.0,0.0,1.0,1.0,0.0,0.0,0.0,0.7676202387360289,0.13636363636363646,0.0,0.0,0.8693259972489683,0.0,0.736842105263158,0.0,0.63700997418547,0.0,0.0,0.0,0.0,0.0,0.0,0.0,0.0,0.0,0.0,0.0,0.0,0.0,1.0,0.0,0.0,0.9004919351647918,0.0,0.4676962068817391,0.0,1.0,0.0,0.0,0.4972670398419493,0.0,0.0,0.0,0.6969596827495044,0.6613823715916296,0.0,0.0,0.0,0.0,0.0,0.0,0.0,0.0,0.0,0.8968485943561673,0.0,0.0,0.0,0.0,0.817258883248731,0.7561260210035006,0.0,0.0,0.0,0.0,0.0,0.0,0.0,0.0,0.0,0.0,0.5543407523102956,0.5,0.0,0.19999999999999996,0.8021978021978022,0.0,0.5348516218081434,0.2705082032813124,0.0,0.29999999999999993,0.8164591229020033,0.39188102893890686,0.0,0.0,0.41092679408582755,0.425225003082234,0.0,0.4737704918032788,0.0,0.0,0.0,0.1933234734840482,0.21016066000868439,0.4736842105263157,0.0,0.1428571428571428,0.0,0.597782258064516,0.8159509202453988,0.6,0.0,0.6952380952380952,0.0,0.4683125972006221,0.34324876057159515,0.19999999999999996,0.10081743869209803,1.0,0.0,0.0,0.0,1.0,0.0,0.0,1.0,0.2136279926335175,0.0,0.0,0.0,0.0,0.6512539184952978,1.0,0.7622309197651663,0.4,0.0,0.0,0.0,0.7894736842105263,0.42800199302441466,0.2129629629629629,0.33333333333333337,0.5056669572798604,0.17819148936170215,0.0,0.0,0.0,0.032352941176470584,0.597938144329897,0.0,0.0,0.0,1.0,0.0,0.8333333333333334,0.0,0.5527589545014522,0.5,0.0,0.0,0.25177304964538993,0.2837902075740769,0.24,1.0,1.0,0.0,0.0,0.0,0.0,0.0,0.0,1.0,1.0,0.0,0.0,1.0,0.8959609594019313,0.26923076923076916,0.5709269662921348,0.23476741646647747,0.0,0.359722909450767,1.0,0.0,0.6965352449223416,0.0,0.5950679056468906,0.0,0.6,1.0,0.0,0.5,0.8780487804878049,0.0,0.0,0.047235023041474644,0.0,0.0,0.0,0.0,0.0,0.0,0.0450387051372273,0.8404554399775092,0.0,0.8094979296066254,0.0,0.0,0.3884281420460871,0.33333333333333326,0.0,0.0,0.8768974145120935,0.0,1.0,0.0,0.6982551016097005,0.0,0.0,0.0,0.0,0.0,0.0,0.0,0.0,0.0,0.0,0.0,0.0,0.0,1.0,0.0,0.27925559878035966,0.04308023694130336,0.0,0.770730198019802,0.0,qsampled
0.0,0.0,0.0,0.0,0.0,0.0,0.0,0.8503937007874016,0.0,0.0,0.0,0.0,0.8776834862385321,0.0,0.0,0.0,0.0,0.0,0.0,0.0,0.0,0.446257197696737,0.0,0.0,0.0,0.0,0.0,0.0,0.0,0.0,0.0,0.884327120779996,0.0,0.0,0.0,0.0,0.0,0.1538425623307499,0.8861985472154964,0.28755252100840334,0.0,0.0,0.2591496426766766,0.38636363636363635,0.6601876675603218,0.464659903542325,0.16052661001788904,0.0,0.6666666666666667,0.248379015620395,0.01742408079083968,0.0,0.5217391304347827,0.5971424052301366,0.0,0.7484037963761864,0.4180062181649796,0.0,0.0,0.0,0.6068866571018652,0.5441295546558704,0.40353460972017663,1.0,0.8,0.0,0.4361696276332435,0.0,0.32217604835663016,0.0,0.5714285714285714,0.0,1.0,0.0,0.0,0.0,0.34749303621169925,0.7741935483870968,0.0,0.8571428571428572,0.42536037136574634,0.0,0.0,0.18181818181818188,0.3656427758816837,0.34213330176393975,0.0,0.0,0.8,0.0,0.6666666666666667,0.7388888888888889,0.0,0.6521739130434783,0.0,0.0,0.28892371995820276,0.0,0.5524156791248862,0.6437549096622153,0.0,0.5876288659793814,0.5,1.0,0.0,0.0,0.75,0.6666666666666667,0.19999999999999996,0.0,0.0,1.0,0.3193717277486907,0.0,0.0,0.0,0.19047619047619047,0.0,0.0,0.0,0.5,0.0,0.33333333333333337,0.75,0.18181818181818177,0.0,1.0,0.0,0.4285714285714285,0.0,0.0,0.0,0.0,0.12218156061858121,0.4722222222222222,0.0,0.6666666666666667,0.0,0.42122494942964994,0.6268043409545886,0.5711694845843328,0.7749547842563087,0.28863346104725407,0.0,0.11111111111111116,1.0,0.0,0.0,0.0,0.0,0.0,0.0,0.0,0.0,0.0,0.0,0.7348730118122393,0.0,0.16295102018124208,0.7084598184537472,0.0,0.0,0.26961932686026935,0.76,0.0,0.9041965551307933,0.5386856210673503,0.0,0.16666666666666663,0.0,0.7479057264316079,0.0,0.0,0.0,0.0,0.0,0.0,0.0,0.0,0.0,0.0,0.0,0.0,0.0,0.4206349206349206,0.0,0.6339511373209772,0.10741263572061455,0.0,0.0,0.08970719441966113,0.0,0.0,0.0,0.0,0.0,0.0,0.0,0.7666666666666666,0.0,0.0,0.0,0.0,0.913323782234957,0.0,0.0,0.0,0.0,0.0,0.0,0.0,0.0,0.7142857142857143,0.0,0.0,0.0,0.0,0.0,0.0,0.25,0.33333333333333326,0.0,0.8278728606356969,0.0,0.0,0.0,0.0,0.0,0.5927272727272725,0.9087221095334685,0.0,0.0,0.0,0.6475270039795338,0.45928753180661563,0.7333333333333334,0.9228326452842173,0.0,0.23076923076923073,1.0,0.11652435961828234,0.5755935628202352,0.0,0.8029411764705883,0.38677186503273475,0.0,0.7208898157803267,0.0,0.0,0.0862068965517242,0.0,0.770394381415451,0.36496350364963503,0.0,1.0,1.0,0.0,0.4703008770955923,0.5,0.21052631578947367,0.3969465648854963,0.5,0.1408918406072106,1.0,0.1428571428571429,0.30731707317073165,0.0,0.46727605118829985,0.625,0.0,1.0,0.740814451928965,0.0,0.0,0.33333333333333326,0.6951562731447193,0.5238095238095237,1.0,0.0,0.0,0.0,1.0,0.19354838709677402,1.0,0.6579907695610174,0.0,0.0,0.0,0.0,0.0,1.0,0.0,0.5006090133982947,0.5,0.0,0.12316890881913312,0.0,1.0,0.0,0.5,0.0,0.27841584158415844,0.0,0.18791946308724827,0.33333333333333337,0.0,0.41002277904328,0.6667448405253282,0.0,0.0,0.44376391982182617,1.0,0.0,0.0,0.44999999999999996,0.0,0.45358851674641154,0.29999999999999993,0.5,0.33333333333333326,1.0,0.0,0.0,0.2857142857142857,0.12645322840279005,0.37037037037037035,0.0,0.6470588235294118,0.0,0.0,0.5252879318978467,0.4809589477034052,0.675181588182486,0.2784491440080564,0.0,0.0,1.0,0.44999999999999996,0.0,0.08695652173913038,0.0,1.0,0.0,0.0,0.0,0.0,0.0,0.49670698784812584,0.0,0.6279327544799558,0.8986043862147537,0.0,0.0,0.6866502121763229,0.8181818181818182,0.0,0.89181225777267,0.0,0.0,0.1724137931034483,0.0,0.07686300032541493,0.27059347587719285,0.0,0.0,0.0,0.0,0.0,0.0,0.0,0.0,0.0,0.0,0.0,0.0,0.5,0.0,0.8666851355926987,0.0,0.0,0.0,0.0,1.0,0.0,0.0,0.0,0.0,0.0,0.0,0.2679949213790408,0.0,0.0,0.0,0.0,0.7858596824535216,0.0,0.0,0.0,0.0,0.0,0.0,0.0,0.0,0.0,0.33333333333333326,0.0,0.262496166819994,0.2768387391502969,0.0,0.0,0.0,0.0,0.0,0.9186672185430463,0.0,0.0,0.0,0.0,0.0,0.0,0.30000000000000004,0.06889424733034788,0.15076923076923088,0.0,0.0,0.3076923076923076,0.29999999999999993,0.33193277310924374,0.0,0.0,0.6666666666666667,0.3694504043571545,0.0,0.0,0.479287698913867,0.2559226932668327,0.0,0.8536148890479599,0.0,0.0,0.0,0.2857142857142857,0.1428571428571428,0.2862770847012477,0.33922025991336224,0.44217687074829926,0.8,0.0,0.0,0.0,0.44385185185185183,0.0,0.6,0.0,0.0,0.33333333333333337,0.0,0.0,1.0,1.0,0.0,0.5,0.0,0.0,0.0,0.5,0.0,0.4811381074168798,0.0,0.5633770416379111,0.8,0.0,0.5,0.0,0.32333333333333336,0.17389138016940708,0.0,0.33333333333333337,0.8533916849015317,0.4331715924128805,0.23529411764705876,0.5497512437810945,0.0,0.8499413833528722,0.5714285714285714,0.25,0.0,0.0,0.0,1.0,1.0,0.0,0.0,1.0,0.0,0.0,0.06408345752608058,0.0,0.5499999999999999,1.0,1.0,0.0,0.0,0.0,1.0,1.0,1.0,0.0,1.0,0.0,1.0,0.0,0.12201667784913262,0.0,0.0,0.0,1.0,0.2338631203373338,1.0,0.6020230205790025,0.695626183122447,1.0,0.9534504618728491,0.9428221360016337,0.5733333333333335,1.0,0.5,0.5,0.0,0.0,0.0,0.11714285714285722,0.0,0.0,0.0,0.0,0.0,0.0,0.43343653250773984,0.8740493414950844,1.0,0.9657192606968603,1.0,0.0,0.7540518638573743,0.33333333333333326,0.0,0.8572399057689147,0.0,1.0,0.5,0.0,0.6598241685328025,0.0,0.0,0.0,0.0,0.0,0.0,0.0,0.0,0.0,0.0,0.0,0.0,0.0,1.0,0.0,0.18435591741785395,0.7069888166116576,0.0,0.0,0.6654365459217089,qsampled
0.0,0.0,0.7854500616522812,0.0,0.0,0.0,0.0,0.0,0.0,0.6678271108778846,0.0,0.0,0.0,0.0,0.0,0.900236840833293,0.0,0.0,0.0,0.0,0.0,0.0,0.0,0.7498274331919929,0.0,0.16751837905684042,0.0,0.0,0.2857142857142857,0.0,0.0,0.0,0.0,0.0,0.0,0.8884663584114775,0.0,0.8047437261405594,0.0,0.3004725649776844,0.5078655767484106,0.5769230769230769,0.0,1.0,0.0,0.0,0.37094569404747113,0.0,0.6666666666666667,0.28205128205128194,0.31745866423642743,0.0,0.0,0.8159148412390873,0.0,0.0,0.42636273538156577,0.6735440062679551,0.4499828119628738,0.0,0.0,0.0,0.0,0.7142857142857143,0.4,0.5,0.0,0.44444444444444453,0.0,0.2723447077120118,0.0,0.23158728362936964,0.0,1.0,0.16666666666666674,0.8333333333333334,0.36186650185414093,0.7741935483870968,0.29556650246305427,0.2857142857142857,0.12452511608273531,0.2857142857142857,0.0,0.0,0.7646833930704898,0.4014978834255942,0.0,0.6786990491187693,0.0,0.0,0.0,0.30323450134770913,0.0,0.5294117647058824,0.8044692737430168,0.5,0.28892371995820276,0.8354234667582889,0.0,0.0,0.0,0.0,0.5080736012016522,0.33333333333333337,0.6157137300661222,0.0,0.75,0.0,0.19999999999999996,0.0,0.5292586304470854,0.11111111111111116,0.0,0.33333333333333326,0.5094779523568171,0.5803631472763955,0.5302445302445302,0.0,0.6666666666666667,0.8867158671586717,0.5,0.625,0.0,0.0,0.18181818181818177,0.7158779462817467,0.0,0.75,0.4285714285714285,0.5,0.3191924641981968,0.5707308858201416,0.8085291557876414,0.6222907409086786,0.4722222222222222,0.630066676260373,0.0,0.0,0.4940671716833144,0.18483829650976635,0.5985769659639993,0.9429202292586677,0.19161977491961413,0.0,0.0,0.0,0.1923076923076923,0.0,1.0,0.0,0.0,0.6666666666666667,0.9142857142857143,0.0,0.0,0.0,0.0,0.8978693985293194,0.24612763726903408,0.49209222353615456,0.33333333333333326,0.0,0.2028929237710123,0.76,0.992604728570226,0.0,0.0,0.0,0.0,0.0,0.0,0.3413387345679012,0.5043252970926805,0.0,0.0,0.0,0.0,0.0,0.0,0.0,0.0,0.0,0.0,0.0,0.0,0.0,0.0,0.0,0.0,0.7260148347943358,0.0,0.0,0.0,0.6666666666666667,0.0,0.0,0.0,0.0,0.0,0.0,0.7326787512588117,0.0,0.0,0.0,0.0,0.0,0.8480260636259103,0.0,0.0,0.0,0.0,0.0,0.0,0.0,0.7919441801458929,0.4098360655737705,0.0,0.0,0.0,0.0,0.0,0.0,0.0,0.0,0.0,0.0,0.8832503573717159,0.0,0.8018994413407821,0.0,0.0,0.46153846153846145,0.6560415122312824,0.052359033371691566,0.3173124080431585,0.0,0.0,0.4113995485327314,0.23076923076923073,1.0,0.1896032144650931,0.0,1.0,0.2659768715763845,0.8142431627403195,0.0,0.0,0.31263048016701445,0.2730573710965867,0.6233766233766234,0.0,0.20429407937540678,0.0,0.19318905155951616,0.0,0.5,1.0,0.05695570112135029,0.75,0.0,0.2587268993839834,0.0,0.8259013282732448,0.0,0.7142857142857143,0.9651656754460493,1.0,0.48090523338048086,0.625,0.0,0.5714285714285714,0.3552812071330591,0.0,0.0,0.0,0.9161825726141078,0.0,1.0,0.5652591170825335,0.0,0.0,0.0,0.6129032258064515,0.0,0.0,0.0,0.0,0.0,0.0,0.0,0.1542056074766356,0.0,0.0,0.6363636363636365,0.0,0.0,0.0,1.0,0.0,0.5,0.0,0.7066483893077451,0.0,0.436156763590392,0.33333333333333337,0.500955500955501,0.0,0.42337164750957845,0.875,1.0,0.9328055964653903,1.0,0.8,0.0,0.44999999999999996,0.0,0.9246231155778895,0.0,1.0,0.33333333333333326,1.0,0.6099268010787209,0.0,0.9571428571428572,0.8064746914684314,0.37037037037037035,0.38547904191616755,0.0,0.0,0.8965424095083738,0.7627118644067796,0.4809589477034051,1.0,0.6476810414971522,0.0,0.0,0.0,0.0,0.0,1.0,0.0,1.0,0.0,0.9117647058823529,0.0,0.0,0.0,0.0,0.9758691481842965,1.0,0.630328991682497,0.5,0.0,0.29959130237749554,0.8181818181818182,0.9979208270670513,0.0,0.7855336368234699,0.0,0.0,0.0,0.5295840976918654,0.5531315974665729,0.7436889597424508,0.0,0.0,0.0,0.0,0.0,0.0,0.0,0.0,0.0,0.0,0.0,0.0,0.0,0.0,0.7780617007374219,0.0,0.7526200498238983,0.0,1.0,0.0,1.0,0.0,0.0,0.0,0.0,0.0,0.0,0.7006127808578932,0.0,0.0,0.0,0.0,0.0,0.8833955223880596,0.0,0.0,0.0,0.0,0.0,0.23181818181818192,0.33333333333333326,0.751042944785276,0.0,0.3561741882016124,0.0,0.0,0.0,0.0,0.0,0.0,0.0,0.0,0.0,0.36973224679860306,0.0,0.3281881661153987,0.4625,0.06958318980365119,0.3930940304330863,0.4444893015744853,0.12670671764063368,0.7692307692307692,0.09090909090909083,0.0,0.0,0.0,0.6666666666666667,0.4083688844513026,0.5467144563918758,0.0,0.0,0.6137772268461129,0.25,0.0,0.7751954362983309,0.8364101107639875,1.0,0.2857142857142857,0.0,0.0,0.0,1.0,0.6,0.0,0.0,0.4285714285714285,0.0,0.12900420350775466,0.0,0.13404507710557523,1.0,0.33333333333333337,0.9411764705882353,0.6666666666666667,0.8888888888888888,1.0,0.0,0.0,0.0,0.0,0.0,0.0,0.5799522673031026,0.3879061371841155,0.0,0.8879830917874396,0.4,0.0,0.5,0.321669736034377,0.631578947368421,0.42800199302441466,0.060381355932203506,0.33333333333333337,0.5691756272401434,0.8383333333333334,0.23529411764705876,0.0,0.625,0.30489964580873663,0.12337662337662325,0.25,0.6666666666666667,0.0,0.0,0.0,0.0,0.0,0.35584958217270213,1.0,0.0,0.4285714285714285,0.7940476190476191,0.0754062154914027,0.88,1.0,0.0,0.9647844565877353,0.0,0.33333333333333337,0.0,1.0,0.9022082018927444,0.5010940919037199,1.0,0.6666666666666666,1.0,0.5,0.0,0.6923076923076923,0.8799478033927794,0.8524219590958019,0.7777777777777778,0.0,0.0,0.6020230205790025,0.3493393490170803,0.0,0.9471826013274961,0.758825114524387,0.19999999999999996,1.0,0.0,0.5,0.41463414634146345,0.0,1.0,0.0,0.0,0.0,1.0,0.0,0.0,0.0,0.0450387051372273,0.0,0.0,0.23175379598491797,0.0,0.0,0.10471292600552651,0.33333333333333326,0.9542174947932163,0.0,0.8767123287671232,0.0,0.5,0.0,0.5103328023421019,0.19674267100977194,0.48128154152011027,0.0,0.0,0.0,0.0,0.0,0.0,0.0,0.0,0.0,0.0,0.0,0.5,0.0,0.25952233889232035,0.15370645534092797,0.0,0.6449685697958336,0.0,qsampled
0.0,0.0,0.0,0.0,0.0,0.6666666666666667,0.0,0.0,0.8369868473495417,0.0,0.0,0.0,0.0,0.0,0.0,0.0,0.0,0.0,0.6518212283504026,0.0,0.0,0.0,0.0,0.0,0.005346380662303418,0.0,0.7029024698034974,0.0,0.0,0.77227200843437,0.0,0.6609847743551607,0.0,0.0,0.0,0.0,0.0,0.0,0.0,0.2664728682170543,0.0,0.3846153846153846,0.3641088572872303,0.0,0.0,0.0,0.0,0.39622641509433965,0.33333333333333337,0.28531199051430267,0.24019476058189215,0.0,0.0,0.3927984485932158,0.0,0.810956470239858,0.9046732185324203,0.0,0.45299145299145305,0.8725099601593626,0.0,0.0,0.0,1.0,0.0,1.0,0.8540211759405272,0.22222222222222232,0.946540534594654,0.0,0.5714285714285714,0.0,0.7483870967741936,1.0,0.5714285714285714,0.0,0.36186650185414093,0.0,0.2666666666666666,0.0,0.08859258047363905,0.0,0.0,0.18181818181818188,0.885466255950714,0.014026602176541947,0.5,0.0,0.66,1.0,0.0,0.06882022471910121,0.75,0.0,0.0,0.2666666666666666,1.0,0.28575918424360935,0.0,0.0,0.0,0.2792156605136965,0.012653516933383013,0.8333333333333334,0.0748848795953797,0.0,0.0,0.0,0.19999999999999996,0.0,0.40786266822083295,0.0,0.014105058365758372,0.4444444444444444,0.6020460358056265,0.0,0.6209987195902689,1.0,0.0,0.0,0.5,0.0,0.33333333333333337,0.29999999999999993,0.9090909090909091,0.3889384478144513,0.0,0.75,0.0,0.0,0.0,0.34477498093058734,0.0,0.5623797305965362,0.0,0.0,0.6666666666666667,0.10103092783505152,0.0,0.38820988304709725,0.24824548305211291,0.0,0.7341772151898736,0.36363636363636365,0.11111111111111116,0.0,0.3076923076923077,0.5090180360721444,0.716148023549201,0.5006495193556768,0.5,0.0,0.0,0.9035507055255176,0.0,0.0,0.5027659574468085,0.9946252018314127,0.0778310187065161,0.0,0.0,0.0,0.0,0.0,0.0,0.0,0.0,0.0,1.0,0.0,0.0,0.2887832987918919,0.2962299505083906,0.0,0.0,0.0,0.0,0.0,0.0,0.0,0.0,0.0,0.6666666666666667,0.0,0.655,0.0,0.0,0.7056546790013047,0.0,0.0,0.4097140795526292,0.0,0.0,0.0,0.0,0.0,0.0,0.0,0.0,0.5,0.0,0.0,0.0,0.0,0.0,0.0,0.0,0.0,0.0,0.889615642406453,0.0,0.0,0.0,0.0,0.0,0.0,0.0,0.6206896551724137,0.0,0.0,0.7083333333333333,0.0,0.6001970928800197,0.0,0.0,0.0,0.0,0.0,0.0,0.0,0.0,0.0,0.7174203113417346,0.0,0.0,0.0,0.0,0.0,0.0,0.0,0.049621212121211955,0.0,0.0,0.0,0.5589532490443987,0.0,0.9790104947526237,1.0,0.0,0.6000000000000001,1.0,0.011074651353568554,0.0,0.2029734970911441,0.75,1.0,1.0,0.97350450696531,0.0,1.0,0.5149253731343284,1.0,0.14108674928503329,0.7769230769230769,1.0,0.5904677846425418,0.0,0.0359281437125748,0.4098360655737705,0.5258064516129033,0.0,0.2776477693062581,0.0,0.0,0.0,1.0,0.0,0.0,0.0,0.5,1.0,0.0,0.19354838709677402,1.0,0.0,0.07142857142857151,0.0625,0.8745644599303136,0.5790723444673105,0.5454545454545454,0.0,0.0,0.0,0.4545454545454546,0.08333333333333337,0.47777777777777786,0.0,0.0,0.0,0.5,0.0,0.0,0.0,0.3161512027491409,0.6666666666666667,0.6213486213486212,0.2456207159177457,0.8993148298687725,0.0,0.0,0.0,1.0,0.0,0.0,0.44999999999999996,0.3529411764705882,0.23680649526387,0.0,1.0,0.0,0.0,0.0,1.0,0.2857142857142857,0.0,0.0,0.0,0.6470588235294118,0.5671609245529874,0.3720430107526882,0.7627118644067796,0.5785911680108284,0.17159425024501795,0.4371014492753623,0.6363636363636364,0.0,1.0,0.65,0.75,1.0,1.0,0.0,0.0,0.0,0.8934150499976959,0.0,0.0,0.0,1.0,1.0,0.0,0.0,0.0,0.0,0.0,0.0,0.0,0.9084556254367575,0.0,1.0,0.0,0.0,0.5519359017415919,0.57115796664907,0.0,0.0,0.0,0.0,0.0,0.0,0.0,0.0,0.0,0.5,0.0,0.5,0.0,0.0,0.9879587987813724,0.0,0.0,0.24887302779864773,1.0,0.0,0.0,0.0,0.0,0.0,0.0,0.0,0.8547770700636943,0.0,0.0,0.0,0.0,0.0,0.0,0.0,0.0,0.0,0.8776919649487598,0.0,0.0,0.0,0.0,0.0,0.25374732334047123,0.4035002430724357,0.8734866828087167,0.0,0.0,0.75,0.0,0.9097465034965034,0.0,0.0,0.0,0.0,0.0,0.0,0.0,0.06058446186742672,0.0,0.5845410628019323,0.5292961069602831,0.15384615384615385,0.0,0.0,0.5944533762057878,1.0,0.6666666666666667,0.4108966029329867,0.5467144563918758,0.0,0.43619167717528373,0.13123567777190193,0.0,0.5993322203672788,0.6016873889875667,0.0,1.0,1.0,0.0,0.0,0.0,0.7959183673469388,0.0,0.0,1.0,0.5714285714285714,0.7947698120711942,0.0,0.3999999999999999,0.0,1.0,1.0,0.0,0.0,1.0,0.2857142857142857,0.0,1.0,0.1916844349680169,0.0,0.0,0.5,0.6966824644549763,0.2364931237721023,1.0,0.0,0.375,0.8046737213403881,0.5,0.0,0.68,0.42800199302441466,0.0,0.0,0.48951048951048937,0.0,0.0,0.0,0.0,0.0,0.1986062717770034,0.75,0.6046511627906976,0.0,1.0,0.0,1.0,0.0,0.6975016880486158,0.5,0.20174482006543093,0.4285714285714285,0.2213114754098361,0.3021176470588235,0.24,1.0,1.0,0.0,0.0,0.0,1.0,0.0,0.2570977917981073,0.32965517241379316,1.0,0.6666666666666666,0.0,1.0,0.0,0.3846153846153846,0.0,0.8221581548599671,0.0,0.3498995983935743,1.0,0.38662486938349017,0.0,0.0,0.0,0.0,0.9,0.0,0.5,0.5,0.29268292682926833,0.4375,0.6931818181818181,0.23024523160762944,1.0,0.0,0.0,0.8745874587458746,0.0,0.0,0.04268077601410947,0.838135112120352,0.22413793103448265,0.0,0.0,0.0,0.0,0.0,0.0,0.0,0.8715679190751445,0.0,1.0,0.0,0.0,0.6563872535277078,0.16029655900996065,0.0,0.0,0.0,0.0,0.0,0.0,0.0,0.0,0.0,1.0,0.0,1.0,0.0,0.2420283892203251,0.4728825294253405,0.0,0.0,0.6663002494001395,qsampled
0.5714285714285714,0.0,0.8361986628462273,0.0,0.0,0.0,0.0,0.0,0.0,0.0,0.0,0.5416666666666667,0.0,0.0,0.0,0.0,0.0,0.0,0.0,0.0,0.0,0.0,0.25,0.0,0.0,0.0,0.0,0.0,0.8571428571428572,0.0,0.0,0.0,0.0,0.0,0.0,0.0,0.6976744186046512,0.0,0.0,0.0,0.0,0.0,0.2591496426766766,0.38636363636363635,0.0,0.0,0.158895412342982,0.0,0.6666666666666667,0.0,0.017120792656272643,0.0,0.6446776611694154,0.7190864600326264,0.0,0.44218224945641427,0.0,0.47024221453287196,0.0,0.0,0.0,0.8515873015873016,0.5593220338983051,1.0,0.4,0.0,0.1252956383037237,0.0,0.946540534594654,0.0,0.1428571428571428,0.0,1.0,0.0,0.4585987261146497,0.0,0.0,0.19354838709677413,0.06201550387596888,0.0,0.0,0.9713564856040368,0.0,0.0,0.01838182081343187,0.34213330176393975,0.0,0.6722272773228188,0.0,0.0,0.6666666666666667,0.4595687331536389,0.0,1.0,0.875,0.0,0.6465863453815262,0.13724370867228008,0.529109589041096,0.5326331582895725,0.0,0.853548852403377,0.8333333333333333,0.5,0.3390323754092397,0.0,0.0,0.0,0.0,0.0,0.3562311922797552,1.0,0.07906244533846407,0.11111111111111105,0.0,0.9370522006141249,0.0,0.375,0.0,0.9016749252631148,0.0,0.625,0.0,0.75,0.0,0.2095588235294117,1.0,0.75,0.0,0.0,0.6404184663468844,0.0,0.0,0.24789057177296814,0.0,0.0,0.0,0.9547843089331541,0.5103864578634185,0.38820988304709725,0.3548137978376522,0.14161485795230966,0.0,0.36363636363636365,0.11111111111111116,0.0,0.3076923076923077,0.5827232796486091,0.0,0.40407073740407073,0.0,0.0,0.0,0.0,0.0,0.0,0.7348730118122393,0.0,0.0,0.7077001878094588,0.0,0.0,0.0,0.72,0.0,0.0,0.5211798624972276,0.206896551724138,0.6666666666666667,0.0,0.5366785691912548,0.42485043297223724,0.6513268741193127,0.0,0.0,0.0,0.0,0.0,0.0,0.0,0.0,0.0,0.0,0.0,0.0,0.8968725398983755,0.8202213279678069,0.26010267576867774,0.0,0.0,0.8712486352621628,0.0,0.0,0.8888888888888888,0.0,0.0,0.845108695652174,0.0,0.0,0.0,0.0,0.0,0.7115740046955392,0.0,0.0,0.0,0.0,0.0,0.0,0.0,0.0,0.0,0.0,0.0,0.0,0.0,0.0,0.0,0.0,0.0,0.33333333333333326,0.0,0.0,0.0,0.0,0.0,0.0,0.5087719298245614,0.0,0.0,0.19435736677115978,0.0,0.0,0.6966192170818506,0.39769150052465896,0.0,0.0,0.0,0.0,1.0,0.0,0.0,1.0,0.0,0.4810323383084577,0.0,0.835820895522388,0.4682080924855492,0.3865997850232892,0.09999999999999998,0.0,0.0,1.0,0.8493611297915266,0.75,1.0,0.0,0.0,0.5,1.0,0.5149253731343284,0.0,0.1408918406072106,0.29999999999999993,0.0,0.0,0.0,0.0,0.0,0.5625,0.0,0.28982637831251923,1.0,0.0,0.0,0.0,0.5238095238095237,1.0,0.433587786259542,0.0,0.0,1.0,0.0,1.0,0.9077617837990404,0.9081400636653024,0.0,0.08361204013377954,0.657947284345048,0.5454545454545454,0.3486590038314177,0.0,1.0,0.0,0.9166666666666666,0.0,0.0,0.0,0.0,0.0,0.0,0.0,0.0,0.2869888475836433,0.0,0.0,0.7965779467680608,0.0,0.375,0.0,0.9328055964653903,0.0,0.8,0.0,0.44999999999999996,0.0,0.7749752720079128,1.0,1.0,0.0,0.0,0.341916511260938,0.0,0.2857142857142857,0.8725761772853186,0.0,0.0,0.0,1.0,0.8546448087431694,0.7627118644067796,0.5627099466072628,0.0,0.0,0.6363636363636364,0.0,0.0,0.65,0.25,0.625,1.0,1.0,0.0,0.0,0.0,0.0,0.0,0.49670698784812584,0.0,0.3247160789001794,0.8913646289034461,0.0,0.0,0.0,0.6818181818181819,0.0,0.0,0.0,0.375,0.6551724137931034,0.0,0.0,0.0,0.7400109898736165,0.0,0.0,0.0,0.0,0.0,0.0,0.0,0.0,0.0,0.0,0.0,0.0,0.925797020743422,0.8722884577220755,0.0,0.0,0.0,0.8987905792488861,0.0,0.0,0.7238493723849373,0.0,0.0,0.7142857142857143,0.0,0.0,0.0,0.0,0.0,0.48642779587404983,0.0,0.0,0.0,0.0,0.0,0.0,0.0,0.0,0.0,0.0,0.33333333333333326,0.0,0.262496166819994,0.3864077669902912,0.0,0.0,0.5454545454545454,0.0,0.0,0.0,0.0,0.0,0.0,0.0,1.0,0.0,0.19999999999999996,0.0,0.17365269461077848,0.0,0.0,0.7692307692307692,0.0,0.75,0.0,0.0,0.6666666666666667,0.0,0.4754207263064659,0.0,0.43619167717528373,0.9694513715710723,0.0,0.4115092290988057,0.6959459459459459,0.3737950731881471,0.0,0.2857142857142857,0.0,0.6221020092735703,0.17460846384538486,0.803921568627451,0.4,0.0,0.42105263157894746,0.0,0.8034567901234567,0.0,0.19999999999999996,0.0,1.0,0.33333333333333337,0.0,0.0,0.0,0.0,0.0,1.0,0.21858611285924068,0.5,0.0,0.0,0.38740920096852305,0.4811381074168798,0.0,0.9005740528128587,0.0,0.0,0.5,0.10620012277470836,0.20000000000000018,0.6731439960139511,0.0,0.33333333333333337,0.5691756272401434,0.0,0.0,0.6666666666666667,0.0,0.43152302243211327,0.5714285714285714,0.25,0.03508771929824561,0.0,1.0,0.0,0.6666666666666667,0.0,0.7416434540389973,1.0,0.009762900976290179,0.2857142857142857,0.06408345752608058,0.3613913043478262,0.0,1.0,1.0,0.9588555858310627,0.0,0.33333333333333337,0.0,0.0,0.881578947368421,0.026369168356997985,0.0,0.6666666666666666,0.0,1.0,0.90751062824752,0.0,0.0,0.0,0.0,0.30665119876256774,0.0,0.7851412626438786,0.36798564736369976,0.0,0.0,0.6140107164119866,0.17333333333333356,0.0,0.5,0.5,0.29268292682926833,0.625,0.0,0.23024523160762944,0.0,0.0,0.0,0.0,0.0,0.0,0.0,0.720876585928489,0.6666666666666667,0.9656582174979559,0.0,0.0,0.0,1.0,0.0,0.0,0.0,0.1428571428571428,1.0,0.0,0.0,0.6563872535277078,0.4835767257001019,0.0,0.0,0.0,0.0,0.0,0.0,0.0,0.0,0.0,0.0,0.0,0.0,0.8452012383900929,0.22150295524908536,0.7062369057211926,0.0,0.0,0.8180135019396444,qsampled
0.5714285714285714,0.0,0.0,0.8826680672268907,0.0,0.6666666666666667,0.0,0.0,0.0,0.0,0.0,0.0,0.0,0.0,1.0,0.0,0.0,0.0,0.0,0.6811316762551511,0.0,0.0,0.0,0.0,0.0,0.0,0.0,0.0,0.0,0.0,0.8445170125355526,0.8850656261085491,0.0,0.0,0.0,0.8501718213058419,0.0,0.0,1.0,0.2813880706921943,0.6841371918542336,0.0,0.5338541666666667,0.3217838196286472,0.0,0.0,0.21219607933685836,0.39622641509433965,0.33333333333333337,0.0,0.0,0.0,0.0,0.0,0.73467150206629,0.8110012434128723,0.5785752986403159,0.44563776186687865,0.0,0.5641925777331996,0.6068866571018652,0.0,0.7207207207207207,0.6666666666666667,0.4,1.0,0.06663915824221167,0.0,0.0,0.0,0.5714285714285714,0.933010093014051,0.7884615384615384,1.0,0.7247075017205782,0.0,0.34749303621169925,0.19354838709677413,0.0,0.0,0.0,0.8933078393881453,0.6428571428571428,1.0,0.0,0.0,0.5,0.5533042394014963,0.0,0.0,0.6666666666666667,0.06882022471910121,1.0,0.0,0.8824435318275154,0.2666666666666666,0.4482758620689655,0.0,0.36797326040717104,0.3787812362998685,0.0,0.4811522752217645,0.40999637812386824,0.33333333333333337,0.33001723327588917,0.3422773393461105,0.0,0.0,1.0,0.0,0.5950226244343892,0.0,0.0,0.33333333333333326,0.0,0.5859269282814614,0.19291506615450282,0.0,0.0,0.0,0.5,0.5,0.33333333333333337,0.75,0.18181818181818177,0.7175295186194368,0.7,0.75,0.0,0.0,0.0,0.5617469879518072,0.0,0.12468717797732953,0.4722222222222222,0.0,0.6666666666666667,0.03603047148445537,0.24442817634618508,0.38820988304709725,0.0,0.6541523341523341,0.0,0.9090909090909091,0.11111111111111116,0.0,0.1923076923076923,0.49786324786324787,0.5333333333333333,0.0,0.0,0.0,0.0,0.0,0.0,0.0,0.9751859010056672,0.9915609176720636,0.08264885681200007,0.6503166738005934,0.9850746268656716,0.0,0.5759667644376848,0.84,0.9676964822016635,0.997127894678006,0.30188679245283023,0.206896551724138,0.0,0.0,0.0,0.0,0.12164424514200312,0.0,0.0,0.0,0.0,0.0,0.0,0.5344895154969374,0.0,0.0,0.0,0.0,0.6911764705882353,0.0,0.0,0.0,0.6666666666666667,0.0,0.6803594851881193,0.0,0.0,0.0,0.7916666666666666,0.0,0.0,0.0,0.0,0.0,0.0,0.0,0.0,0.0,0.0,1.0,0.0,0.0,0.0,0.0,0.8631496844642984,0.0,0.0,0.0,0.0,0.0,0.0,0.0,0.0,0.0,0.33333333333333326,0.6907441016333938,0.8291647003303445,0.0,0.0,0.0,0.8712307152875175,0.0,0.0,0.7565046637211587,0.0,0.9285714285714286,0.12343558282208589,0.6478405315614618,0.32998745294855714,0.0,0.05748578648136482,0.0,0.0,1.0,0.20259376095338222,0.5755935628202352,0.0,0.0,0.0,0.7475961538461537,0.8987951807228916,0.7090336134453782,0.40619340818544003,0.0,0.745724907063197,0.7455410225921522,0.0,0.7084826762246117,0.75,1.0,1.0,0.4703008770955923,0.5,0.0,0.0,0.5,0.6221322537112011,0.8344827586206897,1.0,0.901458241272647,0.0,0.5170814002530577,0.41509433962264153,0.0,0.0,0.0,0.9397944199706314,0.75,0.0,0.13580711998493133,0.0,0.0,0.43835174582694936,0.0,0.0,1.0,0.19354838709677402,1.0,0.0,0.3571428571428571,0.0625,0.7676419965576593,0.061313291139240444,0.2799352750809063,0.4952015355086372,0.6296296296296295,0.6880733944954128,0.2727272727272728,0.0,0.0,0.5647279549718576,0.0,0.0,0.0,0.0,0.9190064794816415,0.0,0.5016891891891891,0.33333333333333337,0.5959999999999999,0.7969410999023755,0.673092556032981,0.0,0.0,0.0,1.0,0.8,0.0,0.9,0.0,0.9277942631058358,0.7,1.0,0.0,0.5,0.0,1.0,0.2857142857142857,0.15147407658420875,0.37037037037037035,0.0,0.6470588235294118,0.7937184955409073,0.0,0.7613086296110833,0.0,0.9440137109279361,0.0,0.9090909090909091,0.0,0.0,0.0,0.25,0.4825174825174825,0.0,1.0,0.0,0.0,0.0,0.0,0.0,0.9526282669130708,1.0,0.5098564127524945,0.5247652839666821,0.9850746268656716,0.0,0.7459327548806942,0.9545454545454546,0.9664415534416657,0.9889517683308577,0.0,0.375,0.0,0.0,0.0,0.0,0.6790919096683508,0.0,0.0,0.0,0.0,0.0,0.0,0.5827424878213476,0.0,0.0,0.0,0.0,0.5,0.0,0.0,0.0,1.0,0.0,0.75038646903701,1.0,0.0,0.0,0.60421805624075,0.0,0.0,0.0,0.0,0.0,0.0,0.0,0.0,0.0,0.0,0.6666666666666667,0.0,0.0,0.0,0.0,0.735111028523646,0.0,0.3317073170731707,0.0,0.0,0.0,0.0,0.0,0.0,0.0,0.0,0.48930481283422456,0.9186672185430463,0.0,0.0,0.0,0.6065738301342367,0.0,0.0,0.96,0.2564102564102564,0.4867342957471713,0.5348516218081434,0.0,0.7692307692307692,0.0,0.8164591229020033,0.39188102893890686,1.0,0.33333333333333337,0.0,0.0,0.0,0.43483202828997225,0.0,0.0,0.6142397425583266,0.1875797532964696,0.42330723169046525,0.0,0.0,0.0,0.0,0.0,0.9583333333333334,0.4,0.0,0.6497991967871486,0.0,0.0,0.0,0.6,0.5953678474114442,0.5,0.33333333333333337,0.41176470588235303,0.0,1.0,0.0,0.0,1.0,0.28182893180922364,0.8571428571428571,0.0,0.0,0.17251184834123234,0.2364931237721023,1.0,0.7708947885939036,0.4,0.0,0.5,0.0,0.20000000000000018,0.42800199302441466,0.0,0.0,0.48951048951048937,0.4550164861045689,1.0,0.03606965174129362,0.0,0.2585596221959857,0.5950920245398772,0.25,0.26136363636363646,0.016172506738544645,1.0,0.0,0.0,0.0,0.24454428754813862,0.5,0.0,0.4285714285714285,0.4878957169459962,0.0,0.0,1.0,1.0,0.0,0.0,0.0,1.0,0.0,0.9175,0.6441947565543071,1.0,0.6666666666666666,0.0,0.5,0.05430381061156686,0.6923076923076923,0.0,0.0,1.0,0.40136232643437253,1.0,0.0,0.695626183122447,0.0,0.603724826234183,0.26257731958762864,0.19999999999999996,1.0,0.5,0.5,0.41463414634146345,0.26315789473684204,0.9,0.11714285714285722,0.0,0.0,0.0,0.0,0.0,0.0,0.8476425052779732,0.8404554399775092,0.22413793103448265,0.807863467449649,0.5,0.0,0.36136694841154193,0.0,0.9621984542118823,0.9571684880117436,0.0,0.0,0.0,0.0,0.0,0.0,0.4341746248294681,0.0,0.0,0.0,0.0,0.0,0.0,0.3355325737184027,0.0,0.0,0.0,0.0,0.5555555555555556,0.0,0.0,0.61350873144088,0.0,0.0,0.8571148184494602,qsampled
0.5714285714285714,0.0,0.0,0.0,0.0,0.9404761904761905,0.0,0.0,0.0,0.0,0.0,0.0,0.0,0.0,0.0,0.0,0.0,0.8132510308887146,0.0,0.0,0.0,0.0,0.0,0.0,0.0,0.04365380633584104,0.7883474822653798,0.0,0.0,0.77227200843437,0.0,0.8854916774878999,0.0,0.0,0.0,0.0,0.0,0.1538425623307499,0.0,0.7162552521008403,0.6123160762942779,0.3846153846153846,0.2591496426766766,0.0,0.0,0.0,0.17483898408069032,0.39622641509433965,0.0,0.28531199051430267,0.0,0.0,0.6446776611694154,0.503408840994062,0.0,0.0,0.3569781415440578,0.0,0.0,0.0,0.5061483538278462,0.0,0.0,0.0,0.0,0.0,0.0,0.5555555555555556,0.9445706497046797,0.3064182194616978,0.0,0.6931169012122056,0.7483870967741936,0.0,0.1390877192982456,0.0,0.0,0.19354838709677413,0.0,0.2857142857142857,0.005671769226078038,0.0,0.0,0.18181818181818188,0.7667365924844947,0.0,0.0,0.001925805797688973,0.625,1.0,0.0,0.0,0.33333333333333337,0.17391304347826086,0.0,0.0,0.9642023346303502,0.9112529351556385,0.0,0.11194029850746245,0.0,0.0,0.20952735392631183,0.33333333333333337,0.041109605983862485,0.5729454366906033,0.75,0.6666666666666667,0.0,0.0,0.0,1.0,0.30103200979534706,0.0,0.0,0.0,0.0,0.0,0.0,0.5208289368167813,0.0,0.5,0.33333333333333337,0.0,1.0,0.1918256130790188,0.0,0.0,0.0,0.0,0.8760369596007284,0.5709035222052068,0.39144736842105254,0.0,0.41666666666666663,0.6228720011774518,0.8333333333333334,0.5504798930871098,0.0,0.6268043409545886,0.0,0.0,0.7436676798378926,0.0,0.0,1.0,0.3076923076923077,0.5827232796486091,0.0,0.0,0.5,0.0,0.0,0.0,0.0,0.0,0.9899962066744885,0.0,0.20729095941923015,0.3596829604181784,0.0,0.0,0.0,0.15999999999999992,0.0,0.0,0.529071706503613,0.0,0.0,0.0,0.02941176470588247,0.36905599788853216,0.0,0.0,0.0,0.0,0.0,0.0,0.0,0.0,0.0,0.0,0.0,0.0,0.0,0.8899135080132282,0.8202213279678069,0.3445510881472885,0.0,1.0,0.0,0.0,0.0,0.0,0.0,0.0,0.8767123287671232,0.0,0.0,0.0,0.0,0.0,0.0,0.0,0.0,0.0,0.0,0.0,0.8427225130890053,0.0,0.0,0.0,0.0,0.0,0.0,0.0,0.6805301576266833,0.6206896551724137,0.0,0.0,0.0,0.0,0.6001774360490908,0.0,0.0,0.0,0.0,0.0,0.12613458528951482,0.0,0.9090909090909091,0.717948717948718,0.7174203113417346,0.6702127659574468,0.0,0.0,0.0,0.0,1.0,1.0,0.07314252674183286,0.5763273539370364,0.0,0.0,0.5300214132762313,0.0,0.0,0.23238095238095235,0.0,0.06493506493506473,0.0,0.34452682075883123,0.0,0.0,0.0,1.0,0.0,0.02021305654192851,0.75,1.0,0.5635910224438903,0.0,0.6260504201680672,1.0,0.1428571428571429,0.0,0.0,0.0,0.0,0.0,0.5714285714285714,0.0,0.0,0.0,0.0,0.9540816326530612,0.21739130434782605,1.0,0.48305929247633295,0.5,1.0,0.0,0.0,1.0,0.2444916892153074,0.5377444292860392,0.0625,0.9440459110473458,1.0,0.0,0.4952015355086372,0.0,0.23853211009174313,0.2727272727272728,0.0,0.11917836078909905,0.36996336996337,1.0,0.0,0.0,0.0,0.20515222482435602,0.0,0.1360594795539034,0.33333333333333337,0.0,0.0,0.0,0.0,0.0,0.7208774583963691,0.0,0.8,0.0,0.0,0.5882352941176471,0.7905156537753223,0.0,0.5,0.0,1.0,1.0,1.0,0.7857142857142857,0.5103092783505154,0.5555555555555556,0.8332558139534884,0.8823529411764706,0.7888725128960943,0.2803889789303079,0.5252879318978467,0.0,0.1670611278870482,0.6321752265861027,0.0,0.0,1.0,0.65,0.25,0.5074626865671642,0.0,0.0,0.0,0.0,0.0,0.0,0.0,0.9690004788374659,0.0,0.0,0.5415463659717643,0.0,0.0,0.0,0.13636363636363646,0.0,0.0,0.0,0.0,0.0,0.0,0.5511628967233081,0.0,0.0,0.0,0.0,0.0,0.0,0.0,0.0,0.0,0.0,0.0,0.0,0.0,0.0,0.9258589511754068,0.8722253624406117,0.0,0.0,0.9334215167548501,0.3295774647887324,0.0,0.0,0.0,0.0,0.0,0.7142857142857143,0.0,0.0,0.0,0.0,0.0,0.0,0.0,0.0,0.0,0.0,0.0,0.9688443103142198,0.0,0.0,0.0,0.0,0.0,0.0,0.262496166819994,0.0,0.8840486867392697,0.0,0.0,1.0,0.0,0.6743466831606618,0.0,0.0,0.0,0.0,0.0,0.0,0.19999999999999996,0.863456577815993,0.44031830238726777,0.5845410628019323,0.0,0.15384615384615385,1.0,0.0,0.0,0.6666666666666667,0.0,0.421934312592837,0.0,0.0,0.37406947890818854,0.014014325755216661,0.0,0.0,0.6543650793650794,0.0,0.0,0.2857142857142857,0.8571428571428572,0.0,0.0,0.9079754601226994,0.0,0.0,0.039473684210526105,0.5714285714285714,0.8024813895781637,0.3851750795816281,0.0,0.5282657297987863,0.0,0.33333333333333337,1.0,0.0,0.0,0.0,0.0,0.0,0.25062996704787743,0.0,0.0,0.5,0.5887850467289719,0.1671335200746964,0.0,0.03398392652123983,0.375,0.8488947542065325,0.5,0.08087027914614131,0.8666666666666667,0.0,0.7584745762711864,0.0,0.0,0.9852150537634409,1.0,0.0,0.0,0.31663268278473644,0.0,0.25,0.4098360655737705,0.788108108108108,0.0,1.0,0.0,0.0,0.04236200256739431,1.0,0.5185840707964602,0.0,0.31845238095238104,0.30919765166340496,0.0,1.0,1.0,0.8859170305676856,0.0,0.0,1.0,1.0,0.061514195583596276,0.13379310344827577,1.0,0.0,0.0,0.0,0.6575342465753424,0.3846153846153846,0.5414225941422595,0.6176397924730297,0.0,0.0,0.0,0.0,0.0,1.0,0.5524861878453038,0.0,0.0,1.0,0.0,0.5,0.29268292682926833,0.625,0.0,0.047235023041474644,1.0,0.0,0.0,0.0,0.0,0.0,0.8541666666666667,0.848186968838527,0.0,0.7035831211349581,1.0,0.0,0.0,0.33333333333333326,0.0,0.0,0.0,1.0,0.0,0.0,0.5350046045226646,0.7990333248537268,0.0,0.0,0.0,0.0,0.0,0.0,0.0,0.0,0.0,0.0,0.0,0.0,0.5,0.7616926503340757,0.16413011041480163,0.7069888166116576,0.0,0.8912339255914401,0.0,qsampled
0.0,0.0,0.0,0.0,0.9,0.9421296296296297,0.0,0.8503937007874016,0.8549923195084486,0.0,0.0,0.5991851600358036,0.0,0.0,0.0,0.0,0.0,0.0,0.0,0.0,0.8457872340425532,0.0,0.0,0.0,0.03986054318171495,0.0,0.0,0.0,0.2857142857142857,0.0,0.7970683023183284,0.0,0.0,0.0,0.0,0.0,0.0,0.8441497805584088,0.0,0.7023433385992628,0.4243463351907415,0.0,0.2591496426766766,0.6314507535393515,0.8787878787878788,0.0,0.40414358264081274,0.0,0.6666666666666667,0.2828190158465387,0.0,0.0,0.5217391304347826,0.0,0.0,0.7139659803043867,0.0,0.0,0.15233362143474505,0.1489795918367347,0.5049566294919455,0.0,0.3334141022534528,0.6666666666666667,0.8,0.5,0.16952016219869337,0.44444444444444453,0.0,0.0,0.0,0.6935495653444372,0.7,0.5714285714285714,0.11642411642411654,0.0,0.34749303621169925,0.0,0.0,0.5714285714285714,0.0,0.0,0.0,0.0,0.0,0.0,0.0,0.0,1.0,0.9662068965517241,0.0,0.7222612359550562,0.75,0.0,0.0,1.0,0.0,0.31112848288569994,0.36797326040717104,0.5364485981308412,0.0,0.4789367015308891,0.08319467554076543,0.0,0.06867951982539078,0.0,0.75,0.0,0.19999999999999996,0.6666666666666667,0.5441492216854535,1.0,0.0,0.0,0.5329730811568097,0.0,1.0,0.0,0.0,0.0,0.0,0.0,0.6666666666666667,0.8571428571428572,0.9090909090909091,0.4430752745780874,0.7,0.75,0.0,0.0,0.6208821887213847,0.8549618320610687,0.0,0.7895595432300163,0.0,0.6377474081055607,0.6666666666666667,0.6843730697961704,0.5449711175526036,0.0,0.4138114209827357,0.0,0.29381965552178324,0.0,0.0,0.5,1.0,1.0,0.6047098402018503,0.0,0.0,0.0,0.0,0.0,0.0,0.0,0.40115541778216135,0.9089149687248406,0.26423677868341955,0.876775465244362,1.0,0.0,0.0,0.0,0.0,0.9968806080935065,0.5238463236917641,0.206896551724138,0.0,0.0,0.4090132090132089,0.0,0.39614081451785765,0.0,0.0,0.0,0.0,0.0,0.7638527608246086,0.0,0.0,0.0,0.0,0.0,0.0,0.9922149673530889,0.0,0.8345028733142742,0.0,0.0,0.8521486046909776,0.0,0.0,0.0,0.0,0.8571428571428572,0.85875,0.0,0.7666666666666666,0.5,0.0,0.0,0.61901957897836,0.0,0.0,0.0,0.0,0.0,0.0,0.0,0.0,0.8861120429386112,0.0,0.0,0.0,0.0,0.0,0.0,0.21212121212121204,0.25,0.33333333333333326,0.6965123393840504,0.0,0.0,0.0,0.0,0.0,0.0,0.8187766432041241,0.0,0.957680250783699,0.46153846153846145,0.0,0.6932073774179037,0.7165450121654502,0.3999999999999999,0.0,0.35504642108415696,0.23076923076923073,1.0,0.26828563168545816,0.5763273539370364,1.0,0.8951048951048951,0.0,0.0,0.6693651469961652,0.0,0.0,0.0,0.0,0.14863102998696232,0.0,0.0,0.75,1.0,1.0,0.0,0.75,0.0,0.5149253731343284,0.0,0.9421252371916509,0.7,0.0,0.0,0.0,0.5674080798910577,0.0,1.0,0.8571428571428571,0.27134076940587315,0.0,0.0,0.0,0.0,0.1428571428571428,1.0,0.0,0.5,1.0,0.0,0.7096774193548387,1.0,0.0,0.07142857142857151,0.6875,0.5593803786574872,0.2014299036369287,0.2799352750809063,0.347408829174664,0.0,0.5638401559454191,0.5,0.08333333333333337,0.5650224215246638,0.0,1.0,0.0,0.5,1.0,0.8401093269559275,0.5,0.5208333333333335,0.33333333333333337,0.8834288834288835,0.41002277904328,0.984539368823717,0.0,0.0,0.49193548387096775,0.0,0.0,1.0,0.0,0.3529411764705882,0.0,1.0,0.0,0.0,0.5,0.5954554158422162,1.0,0.2857142857142857,0.8210959885386819,0.0,0.8079284713993321,0.6470588235294118,0.500788110785859,0.8965424095083738,0.0,0.732407714542956,0.11043017088980556,0.2515942028985507,0.0,0.0,1.0,0.65,0.75,0.0,0.0,1.0,0.0,0.0,0.0,0.0,0.0,0.28298908162783,0.9077657036840711,0.6311760612386917,0.6187512073665458,1.0,0.0,0.0,0.0,0.0,1.0,0.0,0.375,0.0,0.0,0.0,0.0,0.16962673088500912,0.0,0.0,0.0,0.0,0.0,0.7391667952630085,0.0,0.0,0.0,0.0,0.0,0.0,0.9944118468846046,0.0,0.5981819879110364,0.0,0.0,0.9315716593584122,1.0,0.0,0.0,0.0,0.75,0.7142857142857143,0.0,0.718819737168361,0.8467153284671534,0.0,0.0,0.85,0.0,0.0,0.0,0.0,0.0,0.0,0.0,0.0,0.7980385638297873,0.0,0.0,0.0,0.25374732334047123,0.0,0.0,0.0,0.0,0.0,0.8924066924066925,0.0,0.0,0.0,0.0,0.0,0.0,0.35035211267605637,0.19999999999999996,0.0,0.3681852128454072,0.0,0.0,0.0,1.0,0.0,0.0,0.0,0.6666666666666667,0.30998198881410555,0.0,0.0,0.479287698913867,0.06541395874540834,0.0,0.8536148890479599,0.0,0.0,0.4374999999999999,0.2857142857142857,0.9,0.0,0.3181667220192629,1.0,0.8,0.0,0.12765957446808518,0.4285714285714285,0.0,0.0,0.0,0.5282657297987863,1.0,0.0,1.0,0.0,1.0,0.5,0.0,0.0,0.216295427901524,0.0,0.0,0.0,0.37966101694915255,0.0,0.0,0.5625717566016073,0.5,0.989937314417684,0.5,0.5853858784893268,0.68,0.4211060375443938,0.02164502164502169,0.0,0.0,0.6818700114025086,1.0,0.8010291595197255,0.625,0.2450175849941384,0.5714285714285714,0.75,0.0,0.0,0.0,0.0,0.33333333333333337,0.0,0.1742059672762274,1.0,1.0,0.0,0.0,0.0,0.72,1.0,1.0,0.0,0.0,0.0,0.0,1.0,0.3112391930835735,1.0,0.0,0.6666666666666666,0.0,0.5,0.9115549215406562,0.7692307692307693,0.0,0.4668148971650917,0.0,0.0,1.0,1.0,0.36798564736369976,0.271692745376956,0.11566565674567819,0.0,0.6,1.0,0.0,0.0,1.0,0.7368421052631579,0.7715909090909091,0.20857142857142863,0.0,1.0,0.0,0.0,0.0,0.0,0.43343653250773984,0.06120540647757211,0.2068965517241378,0.0,1.0,0.0,0.0,0.0,0.0,0.9591877145120127,0.0,0.0,0.5,0.0,0.6808826418141738,0.0,0.48488529429854244,0.0,0.0,0.0,0.0,0.0,0.9329288843950118,0.0,0.0,0.0,0.0,0.0,0.0,0.8861209964412812,0.2420283892203251,0.6221535458685752,0.0,0.0,0.827384815055159,qsampled
0.0,0.0,0.0,0.0,0.0,0.0,0.0,0.7228106676754302,0.0,0.0,0.8391246684350132,0.6337311785997821,0.0,0.5834044732798362,0.0,0.0,0.0,0.0,0.0,0.0,0.0,0.0,0.0,0.0,0.005346380662303418,0.0,0.0,0.0,0.2857142857142857,0.768370607028754,0.0,0.8850656261085491,0.0,0.0,0.33333333333333326,0.9134180011043622,0.0,0.48873133202594654,0.7054054054054054,0.790960972017673,0.0,0.0,0.2591496426766766,0.0,0.40826306913996624,0.852291460600066,0.0,0.0,0.33333333333333337,0.8454170350722074,0.0,0.0,0.7166268350973029,0.5215590903115551,0.8304889741131352,0.0,0.5785752986403159,0.0,0.0,0.559150169000483,0.601638349514563,0.5441295546558704,0.3334141022534528,0.0,0.0,0.0,0.0,0.5555555555555556,0.7855992975267087,0.2790939558534612,0.0,0.322342793544797,0.0,0.0,0.0,0.0,0.0,0.3548387096774194,0.06201550387596888,0.0,0.08745807085003665,0.0,0.0,1.0,0.03026533996683245,0.014888027023645556,0.0,0.5018050541516245,0.5714285714285714,0.8605200945626477,0.33333333333333337,0.0,0.11111111111111116,0.17391304347826086,0.0,0.2666666666666666,0.0,0.28114883685914305,0.0,0.39310935159426486,0.0,0.0,0.0,0.33333333333333337,0.5926518734085122,0.0,0.0,0.0,0.0,0.0,0.0,0.7777777777777778,0.31137828890050534,0.11111111111111105,0.5811495265360054,0.0,0.0,1.0,0.0,0.0,0.0,0.5,0.6666666666666667,0.8571428571428572,1.0,0.0,0.0,0.25,0.4285714285714285,0.0,0.0,0.0,0.37986934430195973,0.19348141997093615,0.0,0.0,0.0,0.40156421850177204,0.0,0.0,0.7709051180771493,0.0,0.8748733535967579,0.4444444444444444,0.0,1.0,0.0,1.0,0.0,0.9308617234468938,0.0,0.9006048838772309,0.0,0.0,0.0,0.6960866947621914,0.0,0.6631697264893218,0.28920652968407357,0.5273021001615508,0.0,0.0,0.0,0.72,0.0,0.0,0.5104602510460253,0.0,0.0,0.7,0.0,0.3513531095498309,0.4753967753393461,0.0,0.0,0.0,0.0,0.0,0.600161075987597,0.6715633568087738,0.0,0.9970205184912151,0.6666666666666667,0.0,0.6504854368932039,0.0,0.9417307402382029,0.2601797549229965,0.6666666666666667,0.54449747332959,0.0,0.0,0.0,0.0,0.0,0.0,0.0,0.0,0.7666666666666666,0.0,0.0,0.6525514008735485,0.6209117221418234,0.0,0.7435897435897436,0.0,0.0,0.0,0.0,0.0,0.0,0.0,0.0,0.0,0.0,0.0,0.0,0.0,0.0,0.0,0.0,0.0,0.6032253935748112,0.0,0.0,0.0,0.8837435627103524,0.0,0.45696400625978095,0.7752643225965085,0.6172566371681417,0.0,0.0,0.5715990453460621,0.0,0.3999999999999999,0.30053763440860193,0.0,0.0,1.0,0.9650187915582539,0.5763273539370364,1.0,0.657142857142857,0.5781660739137158,0.7440102681118084,0.0,0.7108559498956158,0.0,0.0,0.7376644736842106,0.7554263565891473,0.7920277296360485,0.0,0.0,1.0,0.0,0.02021305654192851,0.75,1.0,0.5422885572139304,0.0,0.8146754468485419,0.0,0.0,0.5047857793983591,0.0,0.0,0.8524590163934427,0.5672043010752688,0.0,0.2776477693062581,0.0,0.0,0.0,0.23864795918367343,0.0,1.0,0.5887450102229579,0.5,0.6825396825396826,1.0,0.0,0.0,0.32063223257126716,0.0,0.0625,0.0,0.7266086415915449,0.06375838926174504,0.49425287356321845,0.6296296296296295,0.0,0.4545454545454546,0.0,0.980272523896685,0.0,0.0,0.0,0.0,0.0,0.48682766190998905,1.0,0.1458489154824234,0.0,0.5945027794935145,0.0,0.0,0.0,0.0,0.0,0.0,0.8,1.0,0.0,0.5882352941176471,0.4729729729729729,0.0,0.0,0.33333333333333326,1.0,0.0,0.6666666666666667,0.7857142857142857,0.8327904451682953,0.0,0.0,0.0,0.5674499564838991,0.3676617912242035,0.0,0.7534919905230029,0.1670611278870482,0.918429003021148,0.6363636363636364,0.0,1.0,0.44999999999999996,0.75,0.30487804878048785,1.0,1.0,0.8997772828507795,0.0,0.0,0.0,0.6405207747327815,0.0,0.805408583186361,1.0,0.08853845571454866,0.0,0.0,0.0,0.6818181818181819,0.0,0.0,0.0,0.0,0.0,1.0,0.0022881113547525977,0.5608971233544613,0.2620412754456405,0.0,0.0,0.0,0.0,0.0,0.5695643939393938,0.5152053506113492,0.0,0.9987555033754035,0.5,0.0,0.5,0.0,0.9615661923750386,0.0,1.0,0.41385503979714033,0.3258161316722742,0.0,0.0,0.0,0.0,0.0,0.0,0.0,0.7158119658119657,0.0,0.0,0.9254658385093167,0.48642779587404983,0.0,0.6947368421052632,0.0,0.0,0.0,0.0,0.0,0.0,0.0,0.0,0.0,0.0,0.262496166819994,0.3864077669902912,0.0,0.6133810010214507,0.0,0.75,0.0,0.9200241740531829,0.0,0.0,0.75,0.6318559232838266,0.0,0.9420702754036088,0.8968609865470852,0.0,0.0,0.0,0.0,0.15384615384615385,0.6,0.8700894593543368,0.34788867562380044,0.0,0.33333333333333337,0.8300874731803928,0.0,0.0,0.504652605459057,0.12182875264270587,1.0,0.0,0.28070562293274537,0.0,0.3088942307692307,0.0,0.1428571428571428,0.33826366559485543,0.4083656748598533,0.9079754601226994,0.0,0.0,0.09862570735650766,0.5714285714285714,0.5047089041095889,0.2534381139489196,0.0,0.1121047588629831,1.0,0.33333333333333337,0.0,0.0,0.0,1.0,0.0,1.0,0.20871107607410333,0.0,0.0,0.0,0.14362017804154303,0.005485893416928067,0.0,0.042971595047341715,0.375,0.48390652557319225,0.0,0.08087027914614131,0.0,0.0,0.0,0.0,0.5257192676547515,0.0,0.0,0.03606965174129362,0.0,0.31488494028546476,0.1986062717770034,0.25,1.0,0.0,1.0,0.0,0.0,0.0,0.0,0.0,0.3802816901408451,0.2857142857142857,0.28688524590163933,0.30919765166340496,0.0,1.0,1.0,0.0,0.0,0.0,0.0,1.0,0.061514195583596276,0.13966480446927354,1.0,0.6666666666666666,1.0,0.0,0.0,0.0,0.5412293853073464,0.0,0.0,0.2628552097428958,0.0,0.4231569216547262,0.0,0.4247619047619047,0.3440607734806629,0.0,0.9117647058823529,0.0,0.0,0.5,0.0,0.75,0.0,0.9147465437788018,0.0,0.6923076923076923,0.0,0.0,0.0,0.9769372693726938,0.04166666666666674,0.0,0.0,0.0,0.0,0.0,0.0,1.0,0.0,0.0,0.0,1.0,0.0,0.5714285714285714,0.0,0.65078310393925,0.48228235544929876,0.0,0.0,0.0,0.0,0.0,0.9360762436076244,0.7059874249785654,0.0,0.9662162162162162,1.0,0.0,0.0,0.0,0.42358570222347325,0.671477307232036,0.0,0.770730198019802,0.0,qsampled
0.0,0.0,0.0,0.0,0.0,0.6666666666666667,0.0,0.7777389684480149,0.0,0.7775850319063254,0.0,0.5445302968686458,0.0,0.0,0.0,0.9012795367516578,0.0,0.0,0.7319753799095865,0.0,0.0,0.7245949926362297,0.25,0.0,0.005346380662303418,0.0,0.0,0.6997643670637518,0.2857142857142857,0.0,0.0,0.0,0.0,0.0,0.0,0.0,0.0,0.3031528133956858,0.7046491728465487,0.0,0.5073569482288829,0.1794871794871794,0.3641088572872303,0.43038850912866666,0.0,0.0,0.19411434827890095,0.39622641509433965,0.0,0.23477100933748307,0.2666786780603315,0.0,0.0,0.0,0.0,0.0,0.0,0.0,0.45299145299145305,0.1447543160690571,0.9818024263431543,0.12809667673716008,0.5596465390279823,1.0,0.8,1.0,0.16952016219869337,0.44444444444444453,0.7676823231767682,0.0,0.8571428571428571,0.0,0.7483870967741936,1.0,0.14035087719298245,0.0,0.0,0.19354838709677413,0.0,0.0,0.0,0.7988857938718663,0.0,0.18181818181818188,0.8879514775629331,0.33352726063829785,0.0,0.46418572891771925,0.0,0.0,0.0,0.06882022471910121,0.75,0.0,0.5658248253627083,0.0,0.5157620041753653,0.0,0.0,0.0,0.0,0.23053000727850181,0.0,0.33333333333333337,0.0,0.0,0.75,0.0,0.0,0.0,0.6076535335870795,0.0,0.03556975505857274,0.0,0.6020460358056265,0.895593220338983,0.31996855345911934,1.0,0.6666666666666667,0.0,0.5,0.5,0.0,0.0,1.0,0.36911898274296095,0.0,0.25,0.4285714285714285,0.0,0.6027933229639368,0.0,0.39144736842105254,0.0,0.0,0.6808548425290077,0.6666666666666667,0.10232653901585342,0.5304963924338613,0.38820988304709725,0.0,0.643276159545316,0.0,0.4444444444444444,0.0,0.0,0.0,0.0,0.5625,0.8780918727915195,0.0,0.0,0.0,0.0,0.0,0.0,0.0,1.0,0.4755948996995045,0.0,0.33333333333333326,0.0,0.0,1.0,0.0,0.0,0.5179863660199264,0.206896551724138,0.16666666666666663,0.8,0.0,0.0,0.0,0.0,0.0,0.0,0.0,0.0,0.0,0.0,0.8173480833095076,0.0,0.0,0.0,0.6911764705882353,0.0,0.0,0.09702531923939661,0.0,0.0,0.5674610762482545,0.0,0.0,0.0,0.0,0.0,0.0,0.0,0.5212121212121212,0.0,0.9510734929810074,0.0,0.61901957897836,0.0,0.0,0.0,0.8480260636259103,0.0,0.0,0.889615642406453,0.0,0.0,0.7142857142857143,0.0,0.0,0.0,0.5453560644016846,0.0,0.6444444444444444,0.0,0.0,0.0,0.0,0.0,0.0,0.0,0.0,0.0,0.19450778229404198,0.7668482490272374,0.18584070796460184,0.46153846153846145,0.3589325426241661,0.0,0.42019326891036324,0.0,0.0,0.15977361776229848,1.0,1.0,0.22165605095541396,0.0,1.0,0.0,0.0,0.0,0.0,0.0,0.0,0.6233766233766234,0.0,0.04421052631578959,0.6696428571428572,0.8493611297915266,1.0,1.0,0.0,0.0,0.75,1.0,0.35162094763092266,1.0,0.13123236124176862,1.0,0.0,0.0,0.0,0.0,0.41509433962264153,0.0,0.0,0.0,0.8042584434654919,0.0,0.33333333333333326,1.0,0.5238095238095237,1.0,0.5519961749940234,0.0,0.0,0.0,0.19354838709677402,1.0,0.0,0.0,0.0,0.27016444792482375,0.11135857461024479,0.0,0.0,0.0,0.0,0.0,0.0,0.11917836078909905,0.0,1.0,0.0,0.0,0.0,0.807744874715262,0.0,0.22569444444444442,0.33333333333333337,0.6213486213486212,0.6631205673758865,0.39391691394658745,0.375,1.0,0.0,1.0,0.8,0.0,0.0,0.8235294117647058,0.0,0.0,0.0,0.33333333333333326,0.0,0.5794724613912806,0.0,0.7857142857142857,0.12645322840279005,0.0,0.8079284713993321,0.6470588235294118,0.5570817383472191,0.9362007168458781,0.7613086296110833,0.0,0.9440137109279361,0.0,0.6363636363636364,0.0,0.0,0.0,0.0,0.0,1.0,1.0,0.0,0.0,0.0,0.0,0.0,0.0,1.0,0.0,0.0,0.5,0.0,0.0,0.0,0.0,0.0,0.0,0.375,0.1724137931034483,0.6666666666666666,0.0,0.0,0.0,0.0,0.0,0.0,0.0,0.0,0.0,0.0,0.8148148148148148,0.0,0.0,0.0,0.5,0.0,0.0,0.776486983116899,0.0,0.0,0.4443087445041525,1.0,0.0,0.0,0.0,0.0,0.0,0.0,0.7085346215780998,0.0,0.7091041869522882,0.0,0.894047619047619,0.0,0.0,0.0,0.8883455582722086,0.0,0.0,0.8916018094462083,0.0,0.0,0.881578947368421,0.33333333333333326,0.0,0.25374732334047123,0.0,0.0,0.8275089291967225,0.0,0.0,0.0,0.0,0.0,0.0,0.0,0.0,0.0,0.6063084112149533,0.8968609865470852,0.0,0.3930940304330863,0.34023464458247066,0.5292961069602831,0.7692307692307692,0.0,0.0,0.39188102893890686,0.6666666666666667,0.0,0.3694504043571545,0.5467144563918758,0.0,0.43619167717528373,0.0,0.0,0.0,0.0,0.0,1.0,0.2857142857142857,0.8571428571428572,0.33826366559485543,0.17460846384538486,0.4444444444444444,0.8,0.0,0.0,0.4285714285714285,0.5262048192771084,0.0,0.8,0.0,0.0,0.33333333333333337,0.41176470588235303,0.0,0.0,0.0,0.0,1.0,0.28182893180922364,0.0,0.0,0.5,0.6525849335302807,0.4276030368763557,0.0,0.2818294190358469,0.0,0.0,0.5,0.0,0.68,0.42800199302441466,0.0,0.33333333333333337,0.5773115773115773,0.4550164861045689,0.0,0.0,0.625,0.0,0.5714285714285714,0.25,0.0,0.04537521815008727,0.0,0.0,1.0,0.0,0.36206896551724144,0.5,0.20174482006543093,0.0,0.23996655518394638,0.37096774193548376,0.88,1.0,0.0,0.0,0.0,0.0,0.0,1.0,0.16561514195583604,1.0,1.0,0.6666666666666666,1.0,1.0,0.8917411787328142,0.0,0.5441595441595442,0.0,0.0,0.0,1.0,0.38662486938349017,0.36798564736369976,0.0,0.5950679056468906,0.27196863060526855,0.0,0.0,0.0,0.5,0.0,0.0,0.6714285714285714,0.7885714285714286,0.0,1.0,0.0,0.0,0.0,0.0,0.045038705137227186,0.9369250985545335,0.6724137931034482,0.0,1.0,1.0,0.0,0.0,0.0,0.0,0.0,0.1428571428571428,0.5,0.8571428571428571,0.0,0.0,0.0,0.0,0.0,0.0,0.0,0.0,0.0,0.0,0.7358490566037736,0.0,0.0,0.0,0.5555555555555556,0.0,0.21505791505791483,0.032282212033311386,0.0,0.0,0.5943985678812728,qsampled
0.5714285714285714,0.0,0.0,0.8817965653896962,0.0,0.0,0.0,0.7777389684480149,0.0,0.0,0.0,0.5441173749745601,0.0,0.0,1.0,0.0,0.0,0.0,0.0,0.0,0.0,0.0,0.33333333333333326,0.0,0.0,0.15935040068080275,0.0,0.7202272667352159,0.0,0.0,0.7986562866588461,0.0,0.0,0.0,0.0,0.0,0.0,0.1510137497086924,0.0,0.6840861344537815,0.5078655767484106,0.5769230769230769,0.2591496426766766,0.38636363636363635,0.9426229508196722,0.46933728981206735,0.30685486898415804,0.4462151394422311,0.33333333333333337,0.248379015620395,0.0,0.0,0.6446776611694154,0.4490526445719928,0.7313666113119077,0.0,0.7463379778492318,0.5044656929704741,0.15233362143474505,0.0,0.6418088060293534,0.5531746031746032,0.0,0.6666666666666667,0.6000000000000001,0.5,0.1252956383037237,0.0,0.44404986777483946,0.5703216505991531,0.1428571428571428,0.0,0.0,0.5714285714285714,0.0,0.8333333333333334,0.0,0.3548387096774194,0.0,0.2857142857142857,0.0,0.0,0.0,0.18181818181818188,0.1340215730753206,0.38837274774774777,0.0,0.6971931493815415,0.0,0.8361581920903955,0.0,0.4541778975741242,0.33333333333333337,0.6521739130434783,0.9106145251396648,0.5,0.4482758620689655,0.0,0.9367533380182713,0.0,0.125,0.5876288659793814,0.20952735392631183,0.0,0.9000481309160917,0.0,0.0,0.0,0.19999999999999996,0.6666666666666667,0.0,0.5555555555555556,0.2422338568935425,0.33333333333333326,0.5989863152559554,0.0,0.5302445302445302,0.0,0.0,0.0,0.0,0.5,0.6666666666666667,0.0,0.5,0.1918256130790188,0.0,0.75,0.0,0.5,0.0,0.0,0.39144736842105254,0.4434475746157064,0.4722222222222222,0.0,0.8333333333333334,0.5581280178284017,0.42122494942964994,0.7769465809714466,0.0,0.14161485795230966,0.741507024265645,0.0,0.11111111111111116,0.0,1.0,1.0,0.6050632911392404,0.22248427672955973,0.0,0.0,0.9142857142857143,0.0,0.0,0.0,0.0,0.0,0.3448582023293466,0.4856288223186388,0.0,0.9833058758923668,0.3108450203914622,1.0,0.0,0.0,0.5290548424737456,0.206896551724138,0.0,0.7,0.019036009002250553,0.0,0.0,0.0,0.0,0.0,0.0,0.0,0.0,0.0,0.0,0.0,0.0,0.0,0.0,0.0,0.6339511373209772,0.34533919782861056,0.0,0.0,0.8684543708656376,0.0,0.0,0.0,0.7916666666666666,0.0,0.0,0.0,0.7666666666666666,0.0,0.0,0.0,0.6065624757017338,0.0,0.0,1.0,0.0,0.0,0.0,0.0,0.0,0.0,0.0,0.0,0.0,0.0,0.5498725418790968,0.0,0.6444444444444444,0.0,0.33333333333333326,0.6930299747201156,0.0,0.0,0.0,0.0,0.0,0.0,0.12613458528951482,0.0,0.957680250783699,0.4472984942426924,0.6560415122312824,0.6524663677130045,0.3371501272264631,0.7333333333333334,0.7785194174757282,0.8666201117318436,1.0,1.0,0.11652435961828234,0.0,1.0,0.0,0.39254203429332446,0.7307924984875983,0.0,0.8758021895054737,0.38674828952106577,0.0,0.0,0.7698309492847855,0.36496350364963503,0.17888365837256237,0.75,0.0,1.0,0.0,0.5,1.0,1.0,0.0,0.1408918406072106,0.0,0.0,0.48475887170154697,0.8333333333333334,0.0,0.125,0.0,0.5714285714285714,0.24250141482739096,0.0,0.0,0.33333333333333326,0.0,0.5238095238095237,1.0,0.5455445544554456,0.0,0.8582677165354331,0.0,0.967741935483871,1.0,0.6579907695610174,0.905319896883056,0.6875,0.7556693489392831,0.6517009493670887,0.2799352750809063,0.0,0.3460884353741498,0.8211009174311927,0.2727272727272728,0.75,0.5446410412853366,0.0,0.0,0.0,0.0,1.0,0.20515222482435602,0.5,0.6629381058911261,0.33333333333333337,0.6213486213486215,0.41002277904328,0.23876347366280237,1.0,0.0,0.0,0.0,0.8,1.0,0.0,0.8823529411764706,0.7749752720079128,0.0,1.0,0.0,1.0,0.0,0.6666666666666667,0.7857142857142857,0.8064746914684314,0.37037037037037035,0.0,0.8823529411764706,0.7962170682278766,0.0,1.0,0.0,0.0,0.6321752265861027,0.0,0.0,0.0,0.44999999999999996,0.875,0.0,0.5681818181818181,1.0,0.0,0.9117647058823529,0.0,0.0,0.0,0.0,0.0,1.0,0.629992955132527,0.0,0.9576271186440678,0.3986856914642558,0.9545454545454546,0.0,0.0,0.0,0.375,0.0,1.0,0.5521521833791523,0.27138722487716227,0.0,0.0,0.0,0.0,0.0,0.0,0.0,0.0,0.0,0.0,0.0,0.0,0.0,0.0,0.8694397873336657,0.0,0.0,0.0,0.8988641526578828,0.0,0.0,0.0,0.60421805624075,0.0,0.0,0.0,0.2864335408275357,0.0,0.0,0.0,0.894047619047619,0.0,0.0,0.6666666666666667,0.0,0.0,0.0,0.0,0.0,0.0,0.21363636363636362,0.0,0.0,0.262496166819994,0.0,0.0,0.8286011801457828,0.0,0.0,0.8686716791979949,0.0,0.0,0.0,0.0,0.0,0.0,0.0,0.4625,0.35067171891147075,0.0,0.4444893015744853,0.0,0.3076923076923076,0.0,0.625,0.1746641074856048,1.0,0.33333333333333337,0.3694504043571545,0.4754207263064659,0.0,0.43619167717528373,0.09662576687116564,0.0,0.0,0.3395461912479739,0.5699831365935919,0.4374999999999999,0.2857142857142857,0.1428571428571428,0.28590163934426216,0.0,1.0,1.0,0.0,0.1187010078387456,0.0,0.5233580246913578,0.37573033707865167,0.19999999999999996,0.0,1.0,0.0,0.0,0.6666666666666667,0.0,0.5,0.0,0.0,0.2341292952824695,0.0,0.0,0.5,0.3962085308056872,0.4183475562451512,0.0,0.9005740528128587,0.4,0.9856098136352913,0.5,0.42295887047268266,0.8666666666666667,0.17389138016940708,0.0,0.0,0.34838709677419366,0.0,1.0,0.3276157804459692,1.0,0.8536009445100354,0.0,0.25,0.7377049180327869,0.0,1.0,0.0,0.44444444444444453,0.0,0.0,1.0,0.1628318584070797,0.4285714285714285,0.39047619047619064,0.0,0.5,0.0,1.0,0.0,0.0,0.0,0.0,1.0,0.0,0.13379310344827577,1.0,0.6666666666666666,0.0,0.5,0.12201667784913262,0.0,0.5342465753424657,0.7902135231316726,1.0,0.312791601866252,0.0,0.0,0.7312278440219142,0.8076448828606658,0.6119898319446406,0.6028180518684909,0.0,1.0,0.5,0.5,1.0,0.7368421052631579,0.7715909090909091,0.0,0.0,0.0,1.0,0.0,0.0,0.0,0.04604569420035154,0.8967641214873687,1.0,0.8673026256018896,1.0,0.5,0.7540518638573743,0.0,0.0,0.0,0.0,0.1428571428571428,0.5,0.5714285714285714,0.5382143153354897,0.0,0.0,0.0,0.0,0.0,0.0,0.0,0.0,0.0,0.0,0.0,0.0,0.0,0.0,0.0,0.16413011041480163,0.7069888166116576,0.0,0.0,0.8224458698911254,qsampled
0.0,0.0,0.0,0.0,0.0,0.0,0.7857142857142857,0.7777389684480149,0.0,0.0,0.0,0.0,0.0,0.0,0.0,0.0,0.0,0.6211796197495554,0.0,0.662159129166199,0.0,0.7571022727272727,0.25,0.0,0.005346380662303418,0.0,0.0,0.0,0.2857142857142857,0.0,0.0,0.0,0.0,0.0,0.0,0.0,0.45081640780565513,0.8441497805584088,0.0,0.0,0.8756902063353676,0.0,0.0,0.0,0.8666666666666667,0.0,0.19436921688106545,0.0,0.33333333333333337,0.0,0.2958228967143066,0.0,0.6956521739130435,0.8367820301532076,0.0,0.4871485943775101,0.0,0.6291659160511619,0.0,0.04973357015985802,0.0,0.0,0.0,1.0,0.0,1.0,0.23715927010587956,0.22222222222222232,0.729289716795396,0.2620986186076296,0.5714285714285714,0.6776907880295602,1.0,0.5714285714285714,0.7192982456140351,0.0,0.34749303621169925,0.0,0.16455696202531644,0.5714285714285714,0.006035481314393909,0.5652173913043478,0.0,0.0,0.0,0.34213330176393975,0.0,0.6534641828759475,0.0,1.0,0.33333333333333337,0.40161725067385456,1.0,0.0,0.5407279029462738,0.0,0.4482758620689655,0.710505978087921,0.36797326040717104,0.07827788649706457,0.0,0.24167409104407944,0.012653516933383013,0.0,0.06867951982539078,0.5782141355911847,0.0,0.0,0.19999999999999996,0.6666666666666667,0.45229202037351446,0.0,0.3432230869001295,0.33333333333333326,0.0,0.3348946135831381,0.5302445302445302,1.0,0.0,0.5208289368167813,0.0,0.0,0.33333333333333337,0.0,1.0,0.201859229747676,1.0,0.0,0.0,0.0,0.0,0.0,0.3978819969742815,0.4179444674678823,0.0,0.6018165165623568,0.0,0.7158671586715868,0.4855805689770978,0.38820988304709725,0.19354143080489516,0.6287605032870389,0.8748733535967579,0.9090909090909091,0.0,0.0,1.0,0.0,0.6050632911392404,0.0,0.0,0.2823886639676113,0.0,0.0,0.0,0.6149796682808308,0.40115541778216135,0.9163118353880108,0.0778310187065161,0.49209222353615456,0.33333333333333326,0.0,0.0,0.16000000000000003,0.0,0.0,0.5227448810182624,0.0,0.0,0.9,0.4090132090132089,0.0,0.0,0.0,0.0,0.0,0.0,0.0,0.0,0.0,0.0,0.9773628653365062,0.0,0.0,0.0,0.0,0.0,0.8347009377859103,0.6666666666666667,0.0,0.0,0.0,0.0,0.0,0.0,0.0,0.0,1.0,0.7666666666666666,0.0,0.0,0.0,0.0,0.0,0.0,0.0,0.0,0.0,0.8427225130890053,0.0,0.9314795259885017,0.0,0.7142857142857143,0.0,0.0,0.0,0.0,0.0,0.0,0.25,0.33333333333333326,0.0,0.0,0.0,0.0,0.0,0.0,0.5087719298245614,0.8187766432041241,0.0,0.19435736677115978,0.8974358974358975,0.0,0.0,0.13616759088108432,0.3999999999999999,0.0,0.0,0.23076923076923073,1.0,0.0,0.634536416684677,0.0,0.0,0.9195064629847238,0.0,0.5392028033289531,0.0,0.26584570807678387,0.06493506493506473,0.2571428571428571,0.0,0.0,0.2029734970911441,1.0,1.0,0.0,0.4703008770955923,0.0,0.0,0.5097765363128491,1.0,0.9421252371916509,1.0,0.0,0.901458241272647,0.0,0.5674080798910577,0.0,0.0,0.8571428571428571,0.0,0.790827517447657,0.0,0.0,0.23864795918367343,0.5238095238095237,1.0,0.5550791556728233,0.0,1.0,1.0,0.19354838709677402,1.0,0.0,0.0,0.0,0.7513682564503519,0.0,0.2799352750809063,0.4952015355086372,0.0,0.3317904993909867,0.0,0.08333333333333337,0.5650224215246638,0.36996336996337,0.0,0.0,0.5,1.0,0.7793141592920354,0.0,0.0,0.33333333333333337,0.0,0.0,0.4458080969078736,0.375,0.0,0.0,0.0,0.0,0.0,0.44999999999999996,0.0,0.8360148514851484,1.0,0.5,0.0,0.5,0.0,0.0,0.7857142857142857,0.8064746914684314,0.0,0.8079284713993321,0.0,1.0,0.0,0.7613086296110833,0.5626392277500796,0.9509723040659989,0.7513043478260869,0.9090909090909091,0.0,0.0,0.65,0.0,0.0,0.0,1.0,0.38426453819840356,0.0,0.0,0.0,0.6456874720691197,0.37038689172289085,0.9077657036840711,0.6271751203258052,0.6305582658286251,0.5,0.0,0.0,0.13636363636363646,0.0,0.0,0.0,0.0,0.0,0.6666666666666666,0.07686300032541493,0.0,0.0,0.0,0.0,0.0,0.0,0.0,0.0,0.0,0.0,0.9892746298992008,0.0,0.0,0.0,0.0,0.0,0.5990852235601607,1.0,0.0,0.5013847219016847,1.0,0.0,0.0,0.0,0.0,0.0,1.0,0.7152255639097744,0.0,0.0,0.0,0.0,0.0,0.0,0.0,0.0,0.0,0.9688443103142198,0.0,0.7224572637356355,0.0,0.881578947368421,0.33333333333333326,0.0,0.25374732334047123,0.27860242064398244,0.0,0.0,0.0,0.0,0.0,0.0,0.0,0.0,0.0,0.0,1.0,0.3457408732999284,0.19999999999999996,0.0,0.7992586812329301,0.01534113847396057,0.25244236029699085,0.3076923076923076,0.6363636363636364,0.0,0.39188102893890686,0.0,0.33333333333333337,0.0,0.3657322221019591,0.0,0.43619167717528373,0.588269010317157,0.25,0.4151888974556669,0.0,0.6818993216708318,0.0,0.0,0.0,0.0,0.0,0.49693251533742333,0.0,0.0,0.0,0.5714285714285714,0.44584482079558874,0.32979200957653765,0.3999999999999999,0.5282657297987863,1.0,0.0,0.41176470588235303,0.0,1.0,0.2857142857142857,0.0,1.0,0.28931665062560175,0.0,0.0,0.0,0.18411214953271038,0.3879061371841155,0.0,0.9005740528128587,0.0,0.8387158054711246,0.0,0.0,1.0,0.42800199302441466,0.060381355932203506,0.33333333333333337,0.288840262582057,0.8191442434936039,1.0,0.0,0.625,0.0,0.1986062717770034,0.75,0.0,0.810320781032078,1.0,0.0,0.33333333333333337,0.0,0.06952965235173814,0.5,0.0,0.4285714285714285,0.06408345752608058,0.30951254141031714,0.88,1.0,1.0,0.8852861035422344,0.0,0.0,1.0,1.0,0.9022082018927444,0.13379310344827577,1.0,0.0,0.0,0.5,0.16872001037478934,0.0,0.5752212389380531,0.8535714285714285,0.0,0.0,0.0,1.0,0.7281135728113572,0.0,0.0,0.0,0.19999999999999996,1.0,0.0,0.5,1.0,0.0,0.7715909090909091,0.11714285714285722,0.0,0.33333333333333326,0.0,0.0,0.0,0.6268082486919052,0.44272445820433437,0.06616865312517484,0.22413793103448265,0.2749433861729055,1.0,0.0,0.0,0.33333333333333326,0.0,0.0,0.0,0.0,0.5,1.0,0.6808826418141738,0.0,0.0,0.0,0.0,0.0,0.0,0.0,0.0,0.0,0.0,0.9594594594594594,0.0,0.0,0.5,0.0,0.271326530612245,0.6221535458685752,0.0,0.0,0.0,qsampled
0.0,0.0,0.0,0.8826680672268907,0.0,0.0,0.0,0.0,0.0,0.0,0.0,0.6337311785997821,0.0,0.0,0.0,0.0,0.0,0.0,0.0,0.0,0.0,0.0,0.0,0.0,0.005346380662303418,0.0,0.0,0.0,0.0,0.0,0.8564804592625304,0.0,0.0,0.0,0.0,0.0,0.0,0.0,1.0,0.7855660377358491,0.0,0.0,0.3663602808134906,0.33749429136854936,0.0,0.852291460600066,0.2152630423648203,0.4462151394422311,0.0,0.28205128205128194,0.0,0.0,0.3112033195020746,0.8696332376374956,0.7976266837716486,0.0,0.9046732185324203,0.0,0.48498603351955305,0.5547329455314649,0.0,0.8483835005574136,0.40353460972017663,0.33333333333333337,0.0,1.0,0.5344109033566119,0.33333333333333337,0.6965130348696513,0.23602627636279816,0.1428571428571428,0.26126878130217046,0.7483870967741936,0.0,0.6666666666666666,0.0,0.0,0.19354838709677413,0.4,0.8571428571428572,0.08859258047363905,0.0,0.6428571428571428,1.0,0.023076563740832667,0.0,0.0,0.4642737673111662,0.625,0.0,0.33333333333333337,0.7222612359550562,1.0,0.0,0.07146695325094032,1.0,0.5157620041753653,0.7181196342569973,0.6838709677419356,0.8966253737718923,0.125,0.4810238305383936,0.0,0.8333333333333334,0.5926518734085122,0.0,0.0,0.6666666666666667,0.19999999999999996,0.0,0.35943133820953943,0.11111111111111116,0.0,0.0,0.8402503293807642,0.3670500676589986,0.532650448143406,1.0,0.6666666666666667,0.0,0.0,0.0,0.33333333333333337,0.0,1.0,0.0,0.0,0.0,0.8571428571428571,0.0,0.6461363308371951,0.3832727272727272,0.0,0.7388143475704282,0.0,0.0,0.0,0.6843730697961705,0.0,0.6268043409545886,0.0,0.6541523341523341,0.8871532453541611,0.4444444444444444,0.11111111111111116,0.8333333333333334,1.0,0.0,0.596102745792737,0.5006495193556768,0.0,0.0,0.0,0.9035507055255176,0.0,0.0,0.35215453194650814,0.9951988619524628,0.4755948996995045,0.0,0.0,0.0,0.0,0.0,0.0,0.0,0.0,0.0,0.7435897435897436,0.0,0.0,0.0,0.28891977696384463,0.0,0.0,0.0,0.0,0.0,0.0,0.7413164450030916,0.0,0.0,0.0,0.9558166473605825,0.7103448275862069,0.0,0.0,0.0,0.0,0.7270575128812142,0.19083185510223133,0.0,0.0,0.0,0.7916666666666666,0.0,0.6597938144329898,0.0,0.0,0.0,0.0,0.0,0.6061102018548826,0.0,0.0,0.0,0.0,0.0,0.0,0.0,0.0,0.0,0.0,0.0,0.0,0.0,0.0,0.0,0.0,0.0,0.33333333333333326,0.6977832011389059,0.0,0.0,0.0,0.0,0.0,0.0,0.0,1.0,0.6145552560646901,0.0,0.0,0.0,0.198267244251916,0.0,0.6391129032258065,0.45374449339207046,1.0,1.0,0.049621212121211955,0.5358762646819397,0.0,0.2659768715763845,1.0,0.7475755847119224,0.0,1.0,0.0,0.8,0.745724907063197,0.011074651353568554,1.0,0.0,0.5,1.0,0.0,0.827023426224048,0.2500000000000001,0.21052631578947367,0.0,0.0,0.7902764537654909,0.7769230769230769,0.0,0.5225148683092609,0.0,0.0,0.41509433962264153,0.4267241379310345,1.0,0.27134076940587315,0.0,1.0,0.0,0.21881875105770865,1.0,1.0,0.5630997500201596,0.5,0.0,1.0,0.7096774193548387,1.0,0.0,0.6904761904761905,0.6875,0.22657176749703445,0.9275722723033882,0.4077669902912622,1.0,0.0,0.6880733944954128,0.0,0.08333333333333337,0.980272523896685,0.0,0.0,0.0,0.5,0.0,0.0,0.0,0.5208333333333335,0.33333333333333337,0.9523809523809523,0.0,0.28568110556265247,0.0,1.0,0.0,0.0,0.0,0.0,0.0,0.5882352941176471,0.401105651105651,0.0,0.5,1.0,1.0,0.8884772370486655,1.0,0.2857142857142857,0.8203560510699515,0.0,0.0,0.0,0.500788110785859,0.3720430107526882,0.5254237288135593,0.0,0.9439725579875857,0.7513043478260869,0.6363636363636364,0.0,1.0,0.44999999999999996,0.0,0.0,1.0,1.0,0.0,0.0,0.8148727110317106,0.0,0.0,0.0,1.0,0.0,0.0,0.0,0.0,0.0,0.0,0.0,0.0,0.8567375886524823,0.0,0.736842105263158,0.0,0.0,0.0,0.5725053785076382,0.0,0.0,0.0,0.0,0.0,0.0,0.8936478078425698,0.0,0.0,0.0,0.9728464419475655,0.5,0.0,0.0,0.0,0.0,0.7227583292244841,0.09129762662544327,0.0,0.0,0.0,0.8685337138779878,0.0,0.7142857142857143,0.0,0.0,0.0,0.0,0.0,0.894047619047619,0.0,0.0,0.0,0.0,0.0,0.0,0.0,0.0,0.0,0.0,0.0,0.0,0.25374732334047123,0.4015556635877491,0.0,0.0,0.0,0.0,0.8676743569345001,0.0,0.0,0.0,0.0,0.0,0.0,0.0,1.0,0.0,0.0,0.0,0.601511879049676,0.3076923076923076,0.0,0.8208797032326444,0.18526031102096008,1.0,0.0,0.4108966029329867,0.0,0.0,0.0,0.6304424466772431,1.0,0.0,0.6016873889875667,0.0,1.0,0.0,0.0,0.8253068932955618,0.3403543965229019,0.0,0.0,0.0,0.8076923076923077,0.5714285714285714,0.4615086666021109,0.3295727316370619,0.19999999999999996,0.1121047588629831,1.0,0.33333333333333337,0.0,0.0,0.0,0.368421052631579,0.0,0.5,0.1916844349680169,0.0,0.0,0.0,0.16824644549763024,0.0,0.0,0.05206073752711504,0.375,0.0,0.0,0.5853858784893268,0.20000000000000018,0.42800199302441466,0.7584745762711864,0.0,0.5773115773115773,0.17819148936170215,1.0,0.5497512437810945,1.0,0.23390620448587252,0.5714285714285714,0.75,1.0,0.0,1.0,1.0,1.0,0.0,0.7437845303867403,1.0,0.0,0.0,0.6974664679582713,0.29659775354061535,0.88,1.0,0.0,0.0,0.0,0.0,1.0,1.0,0.061514195583596276,0.0,1.0,0.0,0.0,0.0,0.18113642918950112,0.3846153846153846,0.0,0.4018534119629318,0.0,0.38877229800629576,0.0,1.0,0.0,1.0,0.5950679056468906,0.2526603001364256,0.9,0.0,0.5,0.0,1.0,0.0,0.7777777777777778,0.23590150913423347,0.0,0.0,0.0,0.8745874587458746,0.0,0.0,0.0450387051372273,0.808361391694725,0.6724137931034482,0.0,0.0,0.0,0.0,0.0,0.0,0.0,0.8742733188720173,1.0,1.0,0.0,0.0,0.0,0.16029655900996065,0.0,0.0,0.0,0.0,0.0,0.0,0.8876821949128323,0.0,0.0,0.0,0.9113848002403124,1.0,0.0,0.0,0.6160947838128944,0.0,0.8576815871454337,0.8332318643750292,qsampled
0.0,0.5238095238095237,0.8122762148337596,0.0,0.0,0.6666666666666667,0.0,0.7777389684480149,0.8377273656243613,0.0,0.0,0.8837452337240502,0.7195532390171259,0.0,0.0,0.0,0.0,0.0,0.0,0.0,0.8447598643099447,0.0,0.0,0.0,0.12894377544619262,0.7620594851287178,0.0,0.0,0.2857142857142857,0.0,0.0,0.0,0.0,1.0,0.0,0.0,0.0,0.3051528331521083,0.0,0.7899990670771526,0.0,0.0,0.22954361328652428,0.34700544464609806,0.6528783178214408,0.9414847161572053,0.0,1.0,0.0,0.1422266800401204,0.009569377990430561,0.0,0.3112033195020746,0.4662817477050829,0.0,0.0,0.4250625661136769,0.566498642884839,0.4444444444444443,0.1447543160690571,0.0,0.0,0.7391742195367572,0.8571428571428572,0.4,1.0,0.06663915824221167,0.22222222222222232,0.6965130348696513,0.32092915751762385,0.0,0.3987925007944074,1.0,0.0,0.0,0.0,0.34749303621169925,0.0,0.0,0.2857142857142857,0.0,0.0,0.6428571428571428,1.0,0.03026533996683245,0.0,0.0,0.46313495389773673,0.0,0.0,0.0,0.0,1.0,0.0,0.5867556468172486,1.0,0.4482758620689655,0.0,0.5497587454764776,0.0,0.0,0.4810238305383936,0.0,0.8333333333333334,0.6399110891578168,0.35598937040065404,0.0,0.0,0.5,0.0,0.05482373604315638,1.0,0.014700339238597815,0.4444444444444444,0.5971984602224123,0.8900080580177276,0.0,0.0,0.0,0.0,0.5,0.625,0.33333333333333337,0.0,1.0,0.023573533351192055,1.0,0.0,0.0,0.0,0.0,0.5617469879518072,0.5286654135338346,0.2748876880005209,0.7222222222222222,0.6451574616236746,0.6666666666666667,0.0,0.60057925223802,0.6268043409545886,0.5985769659639993,0.6582144091649795,0.29381965552178324,0.0,0.0,0.0,0.3076923076923077,0.5827232796486091,0.7093023255813953,0.0,0.5,0.0,0.0,0.0,0.0,0.7080095746639661,0.0,1.0,0.0,0.0,0.33333333333333326,0.0,0.0,1.0,0.9676964822016635,0.0,0.3280542986425339,0.0,0.16666666666666663,0.8,0.0,0.0,0.0,0.0,0.0,0.0,0.0,0.0,0.0,0.8599771665403471,0.8161480758133961,0.0,0.0,0.0,0.0,0.0,0.0,0.05529667371377989,0.0,0.0,0.0,0.0,0.5741935483870968,0.8888888888888888,0.0,0.0,0.0,0.0,1.0,0.5,0.0,0.0,0.9127572016460905,0.8214611872146118,0.0,0.0,0.0,0.0,0.0,0.0,0.0,0.8580630830741892,0.0,0.0,0.0,0.4098360655737705,0.4280546461339477,0.0,0.0,0.0,0.33333333333333326,0.0,0.0,0.0,0.7619047619047619,0.0,0.0,0.0,0.6048632218844985,0.0,0.6172566371681417,0.8181818181818181,0.0,0.0,0.3366434955312808,0.7333333333333334,0.9437160217460825,0.0,0.6153846153846154,1.0,0.0,0.0,1.0,0.2659768715763845,0.5851218208202856,0.0,0.0,0.31263048016701445,0.7395871061209707,0.6233766233766234,0.0,0.20429407937540678,0.0,0.7656328164082041,0.75,1.0,0.0,0.4703008770955923,0.0,0.8997955010224948,0.319607843137255,0.0,0.8146754468485419,1.0,0.6666666666666667,0.4511596788581623,0.0,0.5674080798910577,0.0,0.0,0.5714285714285714,0.0,0.0,0.625,0.0,0.23864795918367343,0.1428571428571428,1.0,0.5624949437747755,0.0,0.0,0.0,0.0,1.0,0.0,0.0,0.8125,0.7706896551724138,0.2014299036369287,0.4077669902912622,0.0,0.0,0.5638401559454191,0.4545454545454546,0.08333333333333337,0.980272523896685,0.5890593729152769,0.0,0.0,0.0,0.0,0.0,0.0,0.8287037037037037,0.6666666666666667,0.7316697473813925,0.9287341360234298,0.0,0.0,0.0,0.0,1.0,0.8,0.0,0.0,0.5882352941176471,0.2606516290726816,1.0,0.5,0.0,0.0,0.0,0.0,0.0,0.12645322840279005,0.7777777777777778,0.5414197996337391,0.6470588235294118,0.0,0.9362007168458781,0.4968704221600746,0.4801885402857563,0.9440137109279361,0.2515942028985507,0.0,0.0,0.0,0.65,0.25,1.0,0.0,0.0,0.0,0.0,0.0,0.0,0.6389701104613384,0.0,1.0,0.9068020734158468,0.0,0.5,0.0,0.0,0.13636363636363646,0.9691653742317192,0.0,0.0,0.0,0.1724137931034483,0.6666666666666666,0.009914151679659589,0.0,0.0,0.0,0.0,0.0,0.0,0.0,0.0,0.8936478078425698,0.8148148148148148,0.0,0.0,0.0,0.0,0.0,0.0,0.19068873947680653,0.0,0.0,0.3290897517504774,0.0,0.7743484224965707,1.0,0.0,0.0,0.0,0.0,0.7189009661835748,0.8547770700636943,0.0,0.0,0.48642779587404983,0.6169400598369958,0.0,0.0,0.0,0.0,0.0,0.0,0.0,0.7919161676646707,0.0,0.0,0.0,0.7561260210035006,0.0,0.0,0.0,0.0,0.0,0.0,0.0,0.0,1.0,0.0,0.0,0.0,0.5846613545816735,0.19999999999999996,0.0,0.0,0.5348516218081434,0.5714285714285715,0.7692307692307692,0.29999999999999993,0.3681645912290198,0.5944533762057878,0.5555555555555556,0.0,0.435233940123364,0.3897810218978104,0.0,0.0,0.13476123010250862,0.25,0.0,0.7751954362983309,0.2422846614463382,1.0,1.0,0.0,0.0,0.0,0.9655172413793104,0.4,0.0,0.6952380952380952,0.5714285714285714,0.4519864244360151,0.2748524738992284,0.0,0.10081743869209803,1.0,0.0,0.0,0.0,1.0,0.2857142857142857,0.0,1.0,0.28182893180922364,0.0,0.0,0.0,0.1794749403341288,0.0,0.0,0.051761322789359965,0.0,0.0,0.5,0.08087027914614131,0.23029045643153523,0.42800199302441466,0.060381355932203506,1.0,0.48951048951048937,0.4880319148936171,1.0,0.0,0.625,0.23914943198368788,0.0,0.75,1.0,0.005093378607809673,1.0,0.0,0.5,0.0,0.5518913676042678,1.0,0.16139585605234463,0.4285714285714285,0.5379746835443038,0.5725129844186976,0.56,1.0,1.0,0.0,0.0,0.33333333333333337,1.0,1.0,0.061514195583596276,0.30624092888243837,1.0,0.0,0.0,1.0,0.0,0.6923076923076923,0.4951923076923077,0.0,1.0,0.886029411764706,1.0,0.5733194009056078,0.36798564736369976,1.0,0.9448177269478198,0.26257731958762864,0.5733333333333335,1.0,0.0,0.5,0.29268292682926833,0.26315789473684204,0.6666666666666667,0.047235023041474644,1.0,0.0,0.0,0.0,0.0,0.9769372693726938,0.0450387051372273,0.9369250985545335,0.4482758620689654,0.758200014610271,0.0,1.0,0.0,0.33333333333333326,0.9900641613198901,0.0,0.0,0.0,0.5,0.8571428571428571,0.0,0.0,0.36823734729493884,0.0,0.0,0.0,0.0,0.0,0.0,0.8649484536082475,1.0,0.0,0.0,0.0,0.5,0.0,0.2420283892203251,0.3944979882099747,0.0,0.0,0.19895755770662693,qsampled
0.0,0.0,0.0,0.0,0.0,0.0,0.0,0.7777389684480149,0.0,0.0,0.0,0.8988542078229949,0.7808243531535474,0.0,0.0,0.0,0.0,0.0,0.9306986051438997,0.0,0.8659528907922912,0.7245949926362297,0.0,0.0,0.12894377544619262,0.0,0.0,0.6997643670637518,0.2857142857142857,0.0,0.0,0.0,0.0,0.0,0.0,0.0,0.6976744186046512,0.9071417831904977,0.0,0.07069219440353447,0.21373471307619962,0.47916666666666663,0.3834903544190219,0.675317604355717,0.0,1.0,0.2957784938015402,0.0,0.6666666666666667,0.13978985838282298,0.25946684894053307,0.0,0.0,0.5376799435366812,0.0,0.0,0.42720603430460824,0.0,0.11418803418803403,0.0,0.0,0.0,0.0,0.1428571428571429,0.0,0.0,0.0,0.22222222222222232,0.7676823231767682,0.21871261067240966,0.0,0.8096878800162141,1.0,0.5714285714285714,0.7247075017205782,0.0,0.0,0.3548387096774194,0.0,0.5714285714285714,0.0,0.3023324475937408,0.6428571428571428,0.18181818181818188,0.41069469835466166,0.0,0.0,0.8995119881179716,0.0,0.0,0.6666666666666667,0.0,0.75,0.0,0.6185831622176592,0.2666666666666666,1.0,0.0,0.36797326040717104,0.892574363364006,0.0,0.24659369005886633,0.30228075811114674,1.0,0.6716676718938479,0.5669776233156516,0.0,0.0,0.5,0.0,0.8469166761655078,1.0,0.25259189443920826,0.11111111111111105,0.0,0.0,0.0,0.0,0.0,0.7397559802335243,0.0,0.5,0.33333333333333337,0.0,1.0,0.36543029417138695,1.0,0.0,0.8571428571428571,0.0,0.0,0.0,0.0,0.37767168156331543,0.0,0.9038469141659747,0.6666666666666667,0.40486374190394714,0.3608039318939794,0.38820988304709725,0.2604968124862608,0.9688825725436959,0.0,0.0,0.0,0.7916666666666666,1.0,0.0,0.6067510548523207,0.9390459363957597,0.0,0.0,0.0,0.0,0.0,0.6149796682808308,0.4421004356798901,0.6631697264893218,0.08264885681200007,0.0,0.0,0.0,0.0,0.16000000000000003,0.9953688040838727,0.0,0.3275602409638555,0.206896551724138,0.5714285714285714,0.0,0.2408131834283076,0.34154961902139,0.0,0.0,0.0,0.0,0.0,0.0,0.0,0.0,0.0,0.0,0.0,0.0,0.0,0.0,0.0,0.0,0.0,0.0,0.06746662428480588,0.0,0.0,0.0,0.0,0.0,0.0,0.0,0.5212121212121212,0.0,0.0,0.0,0.9105147382314123,0.8214611872146118,0.0,0.0,0.0,0.0,0.0,0.9001801098018792,0.0,0.8861120429386112,0.7142857142857143,0.0,0.0,0.4098360655737705,0.0,0.0,0.6444444444444444,0.25,0.33333333333333326,0.0,0.0,0.0,0.0,0.0,0.0,0.5087719298245614,0.9608240459304289,0.0,0.3915929203539824,0.0,0.0,0.6702127659574468,0.727435744172146,0.0,0.9647850854479544,0.0,0.0,1.0,0.0,0.634536416684677,0.0,0.0,0.5735651084488295,0.0,0.0,0.314151190164792,0.0,0.0,0.0,0.0,0.0,0.0,1.0,1.0,0.0,0.0,0.0,1.0,0.0,0.0,0.9496707431796801,1.0,0.0,0.901458241272647,0.0,0.0,0.8524590163934427,0.0,0.8571428571428571,0.0,0.3462555066079296,0.625,0.0,0.7345663265306123,0.1428571428571428,1.0,0.9202609288287411,0.0,0.0,1.0,0.0,1.0,0.0,0.5636653024101865,0.0625,0.8654434250764527,0.12840646651270204,0.9606060606060606,1.0,0.0,0.4033358605003792,0.5,0.0,0.35575485799701045,0.4042829331602855,0.0,0.0,0.0,0.0,0.8839187705817783,0.0,0.0,0.0,0.0,0.0,0.0,0.0,0.0,0.9758064516129032,0.0,0.8,0.0,0.44999999999999996,0.0,0.0,1.0,0.5,1.0,0.5,0.0,0.0,0.2857142857142857,0.0,0.0,1.0,0.6470588235294118,0.5671609245529874,0.0,0.8116926355040618,0.5626392277500796,1.0,0.0,0.0,0.0,1.0,0.65,0.0,0.0,1.0,1.0,0.0,0.0,0.0,0.0,0.6456874720691197,0.37038689172289085,0.16512059369202237,0.6911042944785275,0.0,0.0,0.0,0.0,0.13636363636363646,0.9959415454210045,0.0,0.0,0.375,0.6428571428571428,0.0,0.0007889956778646123,0.5283626631297222,0.0,0.0,0.0,0.0,0.0,0.0,0.0,0.0,0.0,0.0,0.0,0.0,0.0,0.0,0.0,0.0,0.0,0.0,0.0,1.0,0.0,0.0,0.0,0.0,0.0,0.0,0.7152255639097744,0.0,0.0,0.0,0.48642779587404983,0.7686525300123416,0.0,0.0,0.0,0.0,0.0,0.9031484131660914,0.0,0.7895196506550218,0.8478260869565217,0.0,0.0,0.7561260210035006,0.3555982519590115,0.0,0.8188075367805214,0.0,0.0,0.0,0.0,0.0,0.0,0.0,0.0,1.0,0.3599722029186936,0.19999999999999996,0.863456577815993,0.3681852128454072,0.0,0.0,0.0,0.0,0.7698971304818625,0.0,0.0,0.6666666666666667,0.435233940123364,0.3343133137337253,0.0,0.37406947890818854,0.1358292337196696,0.25,0.0,0.7751954362983309,0.0,0.7254901960784315,0.2857142857142857,0.0,0.0,0.03333333333333355,0.7857142857142857,0.0,0.0,0.0,0.5714285714285714,0.5282867728046461,0.3418667874943362,0.0,0.6403269754768393,1.0,0.0,0.41176470588235303,0.0,0.0,1.0,0.0,0.0,0.2794060179757717,0.0,0.0,0.5,0.0,0.0,0.0,0.23675675675675667,0.0,0.0,0.5,0.08087027914614131,0.34024896265560167,0.7894736842105263,0.2129629629629629,0.0,0.5062034739454093,0.4654166666666667,1.0,0.5497512437810945,0.0,0.0,0.5950920245398772,0.25,0.8596491228070176,0.7802690582959642,1.0,0.0,0.5,0.0,0.6585838991270612,1.0,0.0,0.2857142857142857,0.0,0.3021176470588235,0.0,1.0,1.0,0.6724795640326976,0.0,0.0,1.0,0.0,0.9022082018927444,1.0,1.0,0.0,0.0,0.5,0.0,0.0,0.0,0.7637148140538319,0.0,0.5445151033386328,1.0,0.38662486938349017,0.6936110834246985,0.0,0.0,0.9247470489038786,0.0,1.0,0.0,0.0,1.0,0.0,0.7715909090909091,0.9147465437788018,0.0,0.0,0.0,0.0,0.0,0.6268082486919052,0.4643962848297213,0.0,0.22413793103448265,0.6130991618796499,0.0,0.0,0.0,0.33333333333333326,0.9900758902510216,0.0,0.0,0.7,0.0,0.0,0.6721422627669738,0.6563872535277078,0.3753286590709902,0.0,0.0,0.0,0.0,0.0,0.0,0.0,0.0,0.0,0.0,0.0,0.0,0.0,0.0,0.61350873144088,0.0,0.0,0.0,qsampled
0.0,0.0,0.0,0.0,0.0,0.9404761904761905,0.0,0.7777389684480149,0.0,0.0,0.0,0.0,0.0,0.0,0.5,0.0,0.0,0.0,0.7319753799095865,0.0,0.0,0.0,0.0,0.0,0.10749828677801765,0.0,0.0,0.0,0.8571428571428572,0.0,0.8385706182643222,0.0,0.8489945636289239,0.0,0.0,0.0,0.0,0.0,0.7050277738213929,0.2847280529900176,0.5120967741935483,0.8461538461538461,0.3641088572872303,0.43038850912866666,0.0,0.8515341471461564,0.20691300587516015,0.0,0.33333333333333337,0.0,0.0,0.0,0.7350781998084903,0.0,0.7360465116279069,0.47539236008291386,0.0,0.6084757194244605,0.3894189071986124,0.0,0.0,0.8911303234069805,0.40353460972017663,0.0,0.4,0.0,0.641933887024916,0.33333333333333337,0.9746340373226059,0.23829497789366294,0.0,0.37757373400111294,0.7884615384615384,0.5714285714285714,0.0,0.0,0.34749303621169925,0.3548387096774194,0.16455696202531644,0.0,0.0,0.0,0.0,0.0,0.017029199400572126,0.019672635057250587,0.0,0.9075086568252233,0.625,1.0,0.6666666666666667,0.06882022471910121,0.7777777777777778,0.6521739130434783,0.0,1.0,0.0,0.0,0.6373858046380887,0.889743026575884,0.0,0.5016535485151135,0.5124674358020097,0.0,0.5210856203979797,0.3471482596280002,0.0,0.6666666666666667,1.0,0.6666666666666667,0.5280813456238715,0.0,0.30103200979534706,0.7777777777777778,0.0,0.9493346980552713,0.0,1.0,0.6666666666666667,0.3438568353522138,0.0,0.0,0.0,0.75,0.9090909090909091,0.447808764940239,0.7,0.0,0.0,0.0,0.0,0.0,0.39144736842105254,0.19559384996388396,0.4722222222222222,0.0,0.6666666666666667,0.4010448305187706,0.7968010343461306,0.0,0.9957979662156484,0.6425400814804305,0.29381965552178324,0.36363636363636365,0.11111111111111116,0.0,0.0,0.0,0.0,0.0,0.5,0.0,0.0,0.0,0.0,0.0,0.0,0.0,0.20259048414895287,0.0,0.33333333333333326,0.0,0.0,0.0,0.0,0.0,0.0,0.0,0.0,0.0,0.674063272681164,0.5005273466927829,0.0,0.0,0.0,0.0,0.0,0.0,0.7376119463881352,0.0,0.0,0.0,0.0,0.0,0.7621951219512195,0.0,0.3471860604846786,0.10495904252710053,0.0,0.9292616930807885,0.1445956381647272,0.0,0.0,0.0,0.0,0.0,0.8318452380952381,0.0,0.7666666666666666,0.0,0.0,0.0,0.0,0.0,0.0,1.0,0.0,0.0,0.0,0.889615642406453,0.0,0.0,0.0,0.0,0.0,0.8681318681318682,0.0,0.0,0.0,1.0,0.33333333333333326,0.6930299747201156,0.0,0.8655913978494624,0.0,0.0,0.0,0.0,0.0,0.5230352303523034,0.0,0.46153846153846145,0.9184581171237954,0.0,0.4203971726691349,0.0,0.383109619686801,0.15977361776229848,0.23076923076923073,1.0,0.0,0.5763273539370364,1.0,0.8951048951048951,0.0,0.7478991596638656,0.5499362515937103,0.0,0.28303925099027727,0.6000000000000001,0.12959719789842372,0.0,1.0,0.0,0.5,0.5,0.0,0.8410270417918602,0.2500000000000001,1.0,0.0,0.0,0.0,0.8344827586206897,0.0,0.5047857793983591,0.0,0.24775583482944352,0.8524590163934427,0.48677884615384603,0.0,0.0,0.0,0.0,0.0,0.0,0.33333333333333326,1.0,0.9202298626667965,0.5,0.47089947089947093,1.0,0.19354838709677402,1.0,0.6712955122777307,0.0,0.8125,0.0,0.0,0.5454545454545454,1.0,0.0,0.5639781685870224,0.6363636363636365,0.75,0.980272523896685,0.5189255189255191,0.0,0.0,0.5,1.0,0.7960396039603961,0.0,0.1360594795539034,1.0,0.0,0.7965779467680608,0.0,0.0,1.0,0.31618759455370626,0.0,0.0,0.0,0.44999999999999996,0.3529411764705882,0.0,0.7,0.5,0.0,0.5,0.0,0.0,0.7857142857142857,0.8327904451682953,0.37037037037037035,0.0,0.6470588235294118,0.5671609245529874,0.23906810035842285,0.0,0.9835578657048902,0.9440137109279361,0.2784491440080564,0.6363636363636364,0.0,0.0,0.44999999999999996,0.0,0.52,0.0,0.0,0.0,0.0,0.0,0.0,0.0,0.0,0.0,0.0,0.0,0.5,0.0,0.0,0.0,0.0,0.0,0.8567375886524823,0.0,0.0,0.0,0.623632088461457,0.0,0.0,0.0,0.0,0.0,0.0,0.0,0.7449738117245049,0.0,0.0,0.0,0.0,0.0,0.5,0.0,0.7747433469550484,0.7154834726976822,0.0,0.7659492486376397,0.09129762662544327,1.0,0.0,0.0,0.0,0.0,0.7142857142857143,0.0,0.21471730686232204,0.0,0.0,0.0,0.0,0.0,0.0,0.6666666666666667,0.0,0.0,0.0,0.8677104406720029,0.0,0.0,0.0,0.0,0.0,0.0,0.3608577673927792,0.0,0.6133810010214507,0.5454545454545454,0.0,0.8686716791979949,0.0,0.865234375,0.0,0.0,0.0,0.0,0.6122233930453109,0.8968609865470852,0.2564102564102564,0.0,0.9467871485943775,0.5292961069602831,0.7692307692307692,0.0,0.8208797032326444,0.0,0.0,0.33333333333333337,0.0,0.0,0.0,0.4737704918032788,0.0,1.0,0.41092327698309505,0.0,0.6242299794661191,0.0,0.0,0.0,1.0,0.33922025991336224,0.0,0.6,0.0,0.7797089733225546,0.5714285714285714,0.9300699300699301,0.2564870259481038,0.0,0.6892366656020441,0.5,0.0,0.0,0.0,1.0,0.4736842105263158,0.0,1.0,0.2818289318092235,0.0,0.0,0.0,0.3962085308056873,0.18981805458362488,0.0,0.2342733188720174,0.375,0.8490192846546893,0.5,0.0,0.7894736842105263,0.1496702181633689,0.0,1.0,0.5773115773115773,0.4331715924128805,0.0,0.5497512437810945,0.625,0.23390620448587252,0.12337662337662325,0.25,1.0,0.10270270270270254,1.0,1.0,0.8333333333333334,0.0,0.04558011049723765,0.5,0.5185840707964602,0.7142857142857142,0.39880952380952384,0.3612234989480497,0.0,1.0,0.0,0.3009682625067239,0.0,0.0,0.0,0.0,0.2570977917981073,1.0,1.0,0.0,0.0,0.5,0.0,0.0,0.5448079658605974,0.0,1.0,0.2234910277324632,1.0,0.38662486938349017,0.946812749003984,0.4247619047619047,0.9167127071823205,0.3884492857876889,0.9836065573770492,0.0,0.5,0.5,0.0,0.0,0.0,0.0,1.0,0.0,0.0,0.0,0.0,0.0,0.04166666666666674,0.5357908569057335,0.0,0.0,1.0,0.0,0.0,0.0,0.0,0.0,0.8715679190751445,1.0,0.0,0.0,0.6556745826880055,0.6992833876221498,0.0,0.0,0.0,0.0,0.0,0.0,0.9329288843950118,0.0,0.0,0.0,0.0,0.0,1.0,0.0,0.0,0.265027012731875,0.0,0.8576815871454337,0.8913295380119906,qsampled
0.0,0.0,0.0,0.0,0.0,0.0,0.0,0.8503937007874016,0.0,0.0,0.0,0.0,0.0,0.8669821240799158,1.0,0.9159474671669794,0.0,0.5631611801717258,0.46505922961697943,0.6232085862694787,0.8689530322840189,0.0,0.0,0.0,0.054650421094738166,0.14210410718207767,0.6157187040733512,0.7202272667352159,0.0,0.0,0.0,0.628045491324283,0.8731914893617021,0.0,0.0,0.0,0.6976744186046512,0.0,0.0,0.7023433385992628,0.0,0.0,0.3641088572872303,0.38636363636363635,0.8478260869565217,0.0,0.24158488489406582,0.0,0.6666666666666667,0.248379015620395,0.0,0.0,0.5217391304347827,0.869789938710297,0.0,0.7482300120877223,0.0,0.48783961437335666,0.45299145299145305,0.0,0.5049566294919455,0.0,0.3334141022534528,0.1428571428571429,0.4,0.0,0.0,0.22222222222222232,0.7676823231767682,0.5175150209726789,0.5714285714285714,0.32387609649122806,0.7483870967741936,0.5714285714285714,0.14035087719298245,0.0,0.7354758961681088,0.19354838709677413,0.16455696202531644,0.0,0.003970193012460155,0.0,0.0,1.0,0.02463950720985575,0.042500295963063595,0.5,0.8476180460616258,0.0,0.0,0.0,0.7388888888888889,0.5,0.0,0.5407279029462738,0.0,0.2809822361546499,0.33434013437711896,0.6373858046380887,0.5884846344048039,0.0,0.0,0.0,0.0,0.6557873878074367,0.31300013118194925,0.0,0.0,0.19999999999999996,0.0,0.5982670342654588,0.11111111111111116,0.0,0.0,0.5341850484080246,0.10866202629543686,0.6190476190476191,1.0,0.0,0.5172310714438229,0.0,0.0,0.0,0.0,0.0,0.0,0.0,0.0,0.4285714285714285,0.0,0.30348322810634387,0.0,0.5286654135338346,0.18042174501837882,0.4722222222222222,0.0,0.0,0.6639566395663957,0.0,0.0,0.9124860646599777,0.22836028389551488,0.026929260450160752,0.0,0.0,0.0,0.0,0.0,0.21687763713080155,0.22248427672955973,0.0,0.0,0.0,0.0,0.9851745576279293,0.9370004064489906,0.0,0.0,0.1386897816302719,0.94721706864564,0.0,0.0,0.0,0.0,0.0,0.8958413427727507,0.0,0.206896551724138,0.16666666666666663,0.0,0.8135375555973188,0.9362352657199179,0.3904869723322869,0.0,0.0,0.0,0.0,0.0,0.0,0.0,0.0,0.0,0.0,0.0,0.7194244604316546,0.0,0.3309650596577157,0.13205634564267343,0.6666666666666667,0.0,0.7342850359114383,0.0,0.0,0.0,0.0,0.0,0.0,0.0,0.5212121212121212,0.0,0.0,0.0,0.0,0.0,0.7435897435897436,1.0,0.913485580930155,0.0,0.7401790208565864,0.734395097223273,0.7628084323092431,0.9689174705251876,0.0,0.0,0.0,0.8681318681318682,0.7669321903683636,0.6666666666666667,0.6444444444444444,0.0,0.0,0.0,0.6216082881105081,0.8655913978494624,0.0,0.0,0.0,0.5087719298245614,0.1396103896103894,0.0,0.9693486590038314,0.0,0.0,0.0,0.42214765100671137,0.7333333333333334,0.0,0.8879615579160344,0.23076923076923073,1.0,0.22165605095541396,0.5763273539370364,0.0,0.8029411764705883,0.8735483870967742,0.0,0.6546506453048508,0.0,0.7894312222670432,0.6000000000000001,0.0,0.0,0.0,0.0,1.0,1.0,0.0,0.05695570112135029,0.0,1.0,0.7904946653734238,0.5,0.8259013282732448,0.7769230769230769,0.0,0.0,0.0,0.6497257769652651,0.0,0.48677884615384603,0.0,0.0,0.0,0.0,0.9,0.23864795918367343,0.0,0.0,0.7773109243697479,0.0,0.0,0.0,0.19354838709677402,1.0,0.32366735300846494,0.6325602546612097,0.0,0.0,0.1680378957865869,0.0,0.6363636363636364,0.0,0.0,0.0,0.08333333333333337,0.9710014947683109,0.5189255189255191,0.0,0.0,0.5,0.0,0.7391841779975279,0.0,0.0,0.33333333333333337,0.8834288834288835,0.2456207159177457,0.9012662873921821,0.375,0.0,0.0,0.0,0.0,0.0,0.0,0.0,0.5034965034965033,0.0,0.5,0.33333333333333326,0.5,0.3666856168277429,0.6666666666666667,0.0,0.0,0.37037037037037035,0.0,0.0,0.5073313782991202,0.2803889789303079,0.8209876543209877,0.4809589477034052,0.0,0.0,0.0,0.0,0.0,0.44999999999999996,0.25,0.29032258064516137,0.5681818181818181,1.0,0.0,0.0,0.0,0.9888888888888889,0.9676240208877285,0.0,0.0,0.0,0.7863146578053608,0.0,0.0,0.0,0.0,0.0,0.9681155561472409,0.8042813455657493,0.375,0.1724137931034483,0.0,0.0,1.0,0.1503692663239159,0.0,0.0,0.0,0.0,0.0,0.0,0.0,0.0,0.0,0.0,0.0,0.5,0.0,0.7891729208731761,0.9427188065201029,1.0,0.0,0.6999874497991968,1.0,0.0,0.0,0.0,0.0,0.0,0.0,0.2679949213790408,0.0,0.0,0.0,0.0,0.0,0.5606060606060607,0.6666666666666667,0.8883455582722086,0.0,0.1515168570946135,0.5209404083900542,0.7202426526886154,0.7958078602620087,0.0,0.0,0.0,0.0,0.0,0.6098072087175189,0.8257839721254355,0.0,0.0,0.0,0.6743466831606618,0.865234375,0.0,0.0,0.0,1.0,0.0,0.19999999999999996,0.35236457437661217,0.15076923076923088,0.01534113847396057,0.5292961069602831,0.7692307692307692,0.0,0.75,0.5982758620689655,0.0,0.6666666666666667,0.3694504043571545,0.0,0.0,0.47928769891386713,0.5686536360325362,0.25,0.83777633289987,0.0,0.21016066000868439,1.0,0.2857142857142857,0.8571428571428572,0.0,0.3181667220192629,0.053097345132743334,0.4,0.0,0.0,0.5714285714285714,0.5233580246913578,0.2627416520210897,0.6,0.1121047588629831,1.0,0.0,0.41176470588235303,0.0,0.6666666666666666,0.368421052631579,0.0,1.0,0.3298722044728435,0.0,0.0,1.0,0.16319612590799026,0.270170674941815,1.0,0.7080745341614907,0.0,0.0,0.5,0.0,0.26315789473684215,0.0,0.0586419753086419,0.33333333333333337,0.8533916849015317,0.4654166666666667,0.0,0.8010291595197255,0.0,0.29633048696053554,0.1986062717770034,0.75,0.8688524590163935,0.10270270270270254,1.0,0.0,0.33333333333333337,0.0,0.4274353876739563,1.0,0.0,0.0,0.0,0.2896696891191711,0.75,1.0,1.0,0.8875739644970414,0.0,0.0,0.0,1.0,1.0,0.0,1.0,0.0,1.0,0.5,0.0,0.0,0.6458164094232333,0.6288191577208917,0.7777777777777778,0.30665119876256774,0.0,1.0,0.552346570397112,0.0,0.9503524364082133,0.9669079627714581,0.17333333333333356,1.0,0.0,0.5,0.0,0.625,0.3784090909090909,0.122889305816135,0.0,0.0,0.0,0.0,0.9166666666666666,1.0,0.0,0.8377379709213592,0.0,0.8641845427486401,0.0,0.0,0.0,0.0,0.0,0.8552178993000579,0.7387816154473756,0.0,0.5,0.0,0.6580276282292058,0.9871974581814784,0.48488529429854244,0.0,0.0,0.0,0.0,0.0,0.0,0.0,0.0,0.0,0.0,0.0,1.0,0.0,0.0,0.0,0.0,0.0,0.9091609419052535,qsampled
0.5714285714285714,0.0,0.0,0.0,0.0,0.6666666666666667,0.0,0.7777389684480149,0.0,0.0,0.0,0.8837452337240502,0.0,0.0,0.0,0.0,0.0,0.0,0.9273552894211576,0.0,0.0,0.0,1.0,0.0,0.0,0.7557626287395782,0.0,0.029322268326417822,0.0,0.0,0.0,0.0,0.0,0.0,0.0,0.0,0.0,0.0,0.7042695987433956,0.0,0.6073480759185096,0.8958333333333334,0.0,0.675317604355717,0.6469979296066253,0.9414847161572053,0.0,0.0,0.0,0.6854677145939282,0.26376547429178976,0.0,0.4755825087775295,0.45716106194690254,0.0,0.4423753092850632,0.6991246950782035,0.0,0.0,0.8725099601593626,0.8291571753986333,0.0,0.9603603603603603,0.33333333333333337,0.4,0.0,0.879746835443038,0.0,0.4378675628198274,0.21313506815365546,0.0,0.40947262344642243,1.0,1.0,0.0,0.0,0.36186650185414093,0.19354838709677413,0.0,0.0,0.5434844250010127,0.0,0.6428571428571428,1.0,0.10531154961454148,0.0060753341433779084,0.5,0.88801775147929,0.0,0.5128531432934589,0.0,0.06882022471910121,1.0,0.2941176470588235,0.5867556468172486,1.0,0.44839114082741327,0.0,0.0,0.0,0.125,0.5001793614731556,0.0,0.33333333333333337,0.08892967381329797,0.6383459646323628,0.0,0.0,0.5,0.0,0.5280813456238715,0.0,0.11684370257966625,0.7777777777777778,0.40898791540785495,0.33154001344989914,0.16945516945516959,0.375,0.0,0.0,0.0,0.5,0.33333333333333337,0.8571428571428572,1.0,0.10378220354467393,1.0,0.75,0.0,0.0,0.0,0.0,0.5286654135338346,0.34020344391995194,0.4722222222222222,0.6588340008900757,0.0,0.5524868630086766,0.44641354156925095,0.5461385262226157,0.0,0.0,0.1971391155434674,0.0,0.0,0.0,0.0,0.6573426573426573,0.1989664082687338,0.0,0.5,0.6666666666666667,0.0,0.91846858925916,0.0,0.0,0.5027659574468085,0.7129772419271928,0.0697362308367313,0.6536430143773566,0.33333333333333326,0.0,0.582008710419371,0.16000000000000003,0.9939878793720406,0.0,0.0,0.206896551724138,0.16666666666666663,0.0,0.9139938080495356,0.5597322597856138,0.7472306060182405,0.0,0.0,0.0,0.0,0.0,0.5647503470414715,0.6853470455014824,0.0,0.0,0.6666666666666667,0.0,0.0,0.9500462534690102,0.0,0.0,0.0,0.0,0.0,0.0,0.0,0.0,0.0,0.0,0.8148148148148149,0.0,0.7666666666666666,0.0,0.0,0.0,0.910428883523054,0.0,0.0,0.0,0.0,0.0,0.0,0.8737296488902485,0.0,0.0,0.0,0.0,0.0,0.0,0.42554703040636543,0.0,0.21212121212121204,1.0,0.0,0.0,0.0,0.0,0.0,0.0,0.0,0.0,0.061790668348045474,0.32446808510638314,0.18584070796460184,0.9285714285714286,0.8707738542449286,0.0,0.7132013201320133,0.7333333333333334,0.9308829404714343,0.0,0.23076923076923073,1.0,0.7769016697588126,0.5878378378378379,0.0,0.7692307692307692,0.2702301410541944,0.0,0.43048576214405354,0.8700417536534446,0.0,0.06493506493506473,0.8161120840630472,0.929733246584255,0.0,0.9734867433716858,0.5,1.0,0.0,0.827023426224048,0.5,1.0,0.0,0.0,0.7902764537654909,1.0,0.7777777777777778,0.9797178130511464,0.0,0.5509391007398975,0.41509433962264153,0.0,0.0,0.28240740740740733,0.0,0.625,0.0,0.5112359550561798,0.0,0.0,0.9025078622691718,0.0,1.0,0.0,0.19354838709677402,1.0,0.32366735300846494,0.6325602546612097,0.9375,0.7712,0.18893899833847594,0.0,0.50390625,0.16666666666666663,0.5639781685870224,0.4545454545454546,0.0,0.11917836078909905,0.5,0.0,0.0,0.0,0.0,0.8096234309623431,0.0,0.24673202614379075,1.0,0.8,0.2456207159177457,0.676212938005391,0.375,0.0,0.5880115900036219,0.0,0.8,0.0,0.0,0.8235294117647058,0.7,1.0,0.5,0.0,1.0,0.0,0.6666666666666667,0.0,0.0,0.37037037037037035,0.38547904191616755,0.0,0.6989247311827957,0.0,0.2727272727272727,0.8058977719528178,0.09572864321608054,0.905638665132336,0.0,0.0,0.0,0.44999999999999996,0.875,0.41666666666666663,0.0,0.0,0.0,0.0,0.9289086364898639,0.0,0.0,0.0,0.8550246556708043,0.9241137370753324,0.5357843768706761,0.5,0.0,0.7466573514177648,0.13636363636363646,0.9959415454210045,0.0,0.9139710942876806,0.375,0.1724137931034483,0.0,0.8804163396658234,0.823946225339125,0.9616166505324298,0.0,0.0,0.0,0.0,0.0,0.6148285377450154,0.3850030235839549,0.0,0.0,0.5,0.0,0.0,0.9474714518760196,0.0,0.7257871832067584,0.0,0.0,0.0,1.0,0.0,0.0,0.0,0.0,0.7142857142857143,0.0,0.6993185689948893,0.0,0.0,0.0,0.48642779587404983,0.0,0.0,0.0,0.0,0.0,0.0,0.6622850257421404,0.0,0.0,0.27142857142857135,0.33333333333333326,0.0,0.0,0.0,0.0,0.0,0.5454545454545454,0.0,0.0,0.0,0.0,0.0,0.0,0.0,0.0,0.6220112517580871,0.96,0.4185673556664291,0.49416854778028585,0.40160642570281124,0.5714285714285715,0.0,0.29999999999999993,0.3681645912290198,0.4654696132596685,0.0,0.0,0.7941911305434104,0.5437060781654542,0.0,0.47295266716754325,0.13151867512332627,0.25,0.32330827067669177,0.33347511697150156,0.0,0.2932692307692307,0.5,0.8571428571428572,0.0,0.517857142857143,0.0,0.4,0.0,0.7832140015910899,0.0,0.5282867728046461,0.1966580976863751,0.0,0.10081743869209803,1.0,0.33333333333333337,0.41176470588235303,0.0,1.0,0.0,0.0,1.0,0.0,0.0,0.0,0.0,0.4018691588785047,0.20836065573770501,1.0,0.7946084724005135,0.4,0.8080568720379148,0.5,0.0,1.0,0.0,0.0586419753086419,1.0,0.48951048951048937,0.4654166666666667,0.23529411764705876,0.0,0.0,0.23914943198368788,0.8714285714285714,0.25,0.0,0.0746268656716419,1.0,0.0,0.5,0.0,0.05685618729096986,0.5,0.20707964601769913,0.7142857142857142,0.8184397163120567,0.46569481857074957,0.5499999999999999,1.0,1.0,0.0,0.0,0.0,1.0,1.0,0.16561514195583604,0.31204644412191573,1.0,1.0,0.0,0.0,0.0,0.0,0.5067114093959731,0.575075423532142,1.0,0.0,0.0,0.0,0.2911084043848964,0.7247834590667784,0.16840600428877772,0.0,0.21052631578947356,1.0,0.0,0.5,0.0,0.9375,0.32777777777777783,0.0,1.0,0.0,0.0,0.8933747412008282,0.0,0.0,0.04166666666666663,0.0,0.4482758620689654,0.6672984905573149,0.0,0.0,0.34332983979637677,0.33333333333333326,0.9618393317198844,0.0,0.8715679190751445,0.1428571428571428,0.5,0.0,0.875139242189968,0.46745222014657284,0.5481987754520861,0.0,0.0,0.0,0.0,0.0,0.9366544644278211,0.5016494302888019,0.0,0.0,1.0,0.0,0.5,0.7722419928825623,0.2613719928563927,0.0,0.0,0.0,0.0,qsampled
0.5714285714285714,0.0,0.0,0.0,0.0,0.9404761904761905,0.0,0.6186061381074168,0.0,0.6838264193401715,0.0,0.0,0.8493605800922874,0.0,0.0,0.0,0.0,0.7853804149981799,0.0,0.0,0.0,0.0,0.33333333333333326,0.4833273574757979,0.054650421094738166,0.15935040068080275,0.0,0.14924452667283383,0.0,0.0,0.0,0.0,0.0,0.0,0.8095238095238095,0.9134180011043622,0.45081640780565513,0.0,0.0,0.6856617647058824,0.5078655767484106,0.0,0.2591496426766766,0.3776066453231809,0.848,0.464659903542325,0.16417450716845916,1.0,0.0,0.0,0.01742408079083968,0.0,0.0,0.4287578155446736,0.0,0.47729291254662787,0.0,0.9107063527321191,0.0,0.559150169000483,0.8927546628407461,0.6126526082130965,0.40353460972017663,0.5714285714285714,0.0,0.0,0.9080358616137726,0.22222222222222232,0.31482471549683044,0.5703216505991531,0.0,0.37757373400111294,0.558974358974359,1.0,0.11642411642411654,0.0,0.0,0.0,0.0,0.0,0.005280528052805211,0.0,0.0,1.0,0.0,0.7952769000498918,0.5,0.10591707852828092,1.0,0.0,0.0,0.7178002894356006,0.11111111111111116,0.2941176470588235,0.0,0.2666666666666666,0.5181590482154039,0.0,0.6373858046380887,0.11194029850746268,0.125,0.5839455683833376,0.20952735392631183,1.0,0.0,0.6206955046649703,0.0,0.0,0.0,0.6666666666666667,0.0,1.0,0.08167539267015678,0.33333333333333326,0.5979266185587966,0.0,0.0,0.875,0.0,0.3223731978010579,0.0,0.0,0.33333333333333337,0.0,0.0,0.0,0.558974358974359,0.0,0.0,0.0,0.4954473220804879,0.0,0.51,0.12218156061858121,0.0,0.0,0.0,0.5504798930871098,0.42122494942964994,0.18483829650976635,0.2722856306701785,0.9563323808645958,0.03024517684887451,0.36363636363636365,0.0,0.0,0.1923076923076923,0.0,0.0,0.0,0.0,0.0,0.0,0.9042601615051334,0.0,0.0,0.0,0.0,0.143214543837216,0.35923852598798844,0.0,0.0,0.3108450203914622,0.0,0.0,0.9041965551307933,0.5386856210673503,0.0,0.16666666666666663,0.0,0.7479057264316079,0.5123878611468009,0.0,0.0,0.0,0.0,0.0,0.0,0.7375162751337724,0.0,0.8186932729710129,0.0,0.0,0.0,0.0,0.0,0.5899099099099099,0.11194702225425712,0.0,0.0,0.0,0.0,0.0,0.0,0.0,0.0,0.85875,0.0,0.7666666666666666,0.0,0.7326787512588117,0.0,0.0,0.913323782234957,0.0,0.0,0.0,0.0,0.8427225130890053,0.0,0.0,0.0,0.0,0.0,0.42233009708737856,0.8681318681318682,0.6986806591674909,0.0,0.0,0.0,0.33333333333333326,0.0,0.0,0.0,0.0,0.8407699037620298,0.8901586157173756,0.5087719298245614,0.12944162436548223,0.0,0.82183908045977,0.4472984942426924,0.0,0.6495972382048331,0.26189308484551266,0.7333333333333334,0.7834470483536042,0.40111279716742543,1.0,1.0,0.0,0.5755935628202352,0.0,0.6293706293706294,0.44320652173913044,0.0,0.5952133194588969,0.0,0.9226083840917234,0.06493506493506473,0.7376644736842106,0.9415549597855228,0.36496350364963503,0.0,0.75,1.0,0.0,0.9485955368047074,0.0,0.21052631578947367,0.8315217391304348,0.0,0.0,1.0,0.1428571428571429,0.0,0.0,0.0,0.0,0.0,0.0,0.0,0.0,0.0,1.0,0.18812027847726265,0.6666666666666666,0.0,0.44993682880606434,0.5,0.0,0.0,0.7096774193548387,0.0,0.31618510688278145,0.0,0.0625,0.25969275786393564,0.4494324045407637,0.0,0.4952015355086372,0.3460884353741498,0.4558823529411764,0.7142857142857143,0.0,0.12316890881913312,0.7503052503052503,0.0,0.0,0.0,1.0,0.32455315145813735,0.0,0.2609992542878449,0.33333333333333337,0.6213486213486215,0.41091797935904395,0.0,1.0,0.0,1.0,0.0,0.0,0.0,0.0,0.0,0.47678571428571437,1.0,0.0,0.0,1.0,0.8915491288372644,0.0,0.7857142857142857,0.12535816618911177,0.0,0.0,0.0,0.7945922372437855,0.0,0.7613086296110833,0.5319622802445149,1.0,0.0,0.6363636363636364,0.0,0.0,0.0,0.0,1.0,0.0,1.0,0.0,0.0,0.7520414260107549,0.0,0.0,0.0,0.0,0.0,0.5424547922827345,0.0,0.0,0.6261464524176388,0.0,0.0,0.89181225777267,0.0,0.0,0.1724137931034483,0.0,0.1067915045953669,0.8489633065066158,0.0,0.0,0.0,0.0,0.0,0.0,0.7401657800321664,0.0,0.8148148148148148,0.0,0.0,0.0,0.0,0.0,0.869730230298614,0.0,0.0,0.0,0.3295774647887324,0.0,0.0,0.0,0.0,0.0,0.7142857142857143,0.0,0.2679949213790408,0.0,0.6149577500315299,0.0,0.0,0.7427147818209271,0.0,0.0,0.0,0.0,0.969081512376462,0.0,0.0,0.0,0.21363636363636362,0.0,0.8010245349150714,0.0,0.0,0.0,0.7650004724558254,0.0,0.0,0.0,0.0,0.0,0.0,1.0,0.9076782449725778,0.5,0.648890479599141,0.4625,0.5776782638649672,0.0,0.0,0.0,0.3076923076923076,0.0,0.31271878646441076,0.0,1.0,0.0,0.0,0.0,0.0,0.0,0.08803501945525294,0.0,0.39742698191933246,0.0,0.8655745603469044,0.0,0.0,0.8571428571428572,0.2862770847012477,0.33922025991336224,0.8159509202453988,0.0,0.0,0.736842105263158,0.5714285714285714,0.44385185185185183,0.39909425417492217,0.0,0.6892366656020441,0.0,0.33333333333333337,1.0,0.0,0.0,0.2857142857142857,0.0,1.0,0.2794060179757717,0.0,0.0,0.5,0.18411214953271038,0.48740377886634,1.0,0.03398392652123983,1.0,0.0,0.5,0.5853858784893268,0.7095435684647302,0.0,0.0,0.0,0.9617067833698031,0.0,0.0,0.0,1.0,0.8598893096417128,0.5714285714285714,0.25,0.37704918032786894,0.1404011461318052,1.0,0.0,0.33333333333333337,0.0,0.0,0.5,1.0,0.4285714285714285,0.28688524590163933,0.0,0.0,0.0,1.0,0.2862780813600485,0.0,0.0,1.0,1.0,1.0,0.0,0.0,0.6666666666666666,0.0,0.0,0.09182401993673928,0.0,0.5414225941422595,0.0,0.0,0.3018160284247927,0.0,0.0,0.695626183122447,0.0,0.0,0.9252832353362972,0.17333333333333356,0.0,0.0,0.5,0.41463414634146345,0.0,0.0,0.047235023041474644,0.0,0.0,0.0,0.8745874587458746,0.0,0.0,0.0,0.8851105173670148,0.0,0.7031613245711984,1.0,0.0,0.7138771449888088,0.0,0.0,0.7568950177935942,0.0,1.0,0.5,0.0,0.6451779738363249,0.4872441827866555,0.0,0.0,0.0,0.0,0.0,0.0,0.9329288843950118,0.0,1.0,0.0,0.0,0.0,0.5,0.0,0.18435591741785395,0.7069888166116576,0.0,0.0,0.0,qsampled
0.0,0.0,0.0,0.0,0.0,0.9404761904761905,0.0,0.0,0.0,0.0,0.6551724137931034,0.0,0.0,0.5756735340729002,0.0,0.0,0.0,0.0,0.0,0.0,0.0,0.717948717948718,0.0,0.0,0.0,0.15935040068080275,0.0,0.0,0.0,0.0,0.0,0.0,0.0,0.0,0.0,0.8259438601800712,0.6976744186046512,0.0,0.0,0.7023433385992628,0.4370434500297604,0.5769230769230769,0.3641088572872303,0.6458423466297483,0.0,0.46323161580790395,0.15569558301725162,0.5,0.33333333333333337,0.0,0.3963035784506489,0.0,0.6446776611694154,0.0,0.0,0.810541901095647,0.9237389976939816,0.8961498914657832,0.0,0.06911857958148382,0.0,0.5187420584498093,0.5653016719166466,0.0,0.4,0.0,0.0,0.33333333333333337,0.0,0.0,0.0,0.7129464896674422,0.0,0.0,0.11782518926359264,0.0,0.0,0.0,0.2666666666666666,0.5714285714285714,0.4161736903092029,0.9498094027954257,0.0,0.0,0.3916528468767275,0.36047926612374814,0.5,0.5795937971730479,0.66,0.0,0.6666666666666667,0.06882022471910121,1.0,0.9130434782608695,0.584055459272097,0.0,0.2808390732623669,0.0,0.6373858046380887,0.14517838219710344,0.0,0.0,0.08319467554076543,0.8333333333333334,0.041109605983862485,0.3386521607736478,0.0,0.6666666666666667,0.0,0.0,0.8007508342602893,0.0,0.07906244533846407,0.33333333333333326,0.5839588247909071,0.10866202629543686,0.5302445302445302,0.0,0.0,0.6262777468884992,0.5,0.625,0.33333333333333337,0.0,0.9090909090909091,0.09976247030878882,0.0,0.0,0.0,0.0,0.3191924641981968,0.6998100063331223,0.7979675780304863,0.18266852195423633,0.0,0.8922862765804254,0.6666666666666667,0.9573140900195695,0.5304963924338613,0.38820988304709725,0.4138114209827357,0.6541523341523341,0.0,0.36363636363636365,0.7777777777777778,1.0,0.3076923076923077,0.0,0.0,0.0,0.5,0.29166666666666663,0.9142857142857143,0.0,0.0,0.0,0.0,0.0,0.20729095941923015,0.9228197334580314,0.0,0.0,0.0,0.0,0.0,0.9968647623696388,0.5301618984253714,0.206896551724138,0.16666666666666663,0.0,0.0,0.0,0.48288397964708607,0.0,0.0,0.0,0.0,0.0,0.5622875624522716,0.6449106249839716,0.0,0.0,0.0,0.0,0.0,0.0,0.0,0.07649968136881702,0.0,0.0,0.0,0.0,0.0,0.0,0.0,0.0,0.7859195402298851,0.0,0.0,0.0,0.0,0.6530047373183585,0.0,0.0,0.7435897435897436,0.0,0.0,0.0,0.0,0.0,0.0,0.0,0.7142857142857143,0.0,0.0,0.0,0.539491423863381,0.0,0.21212121212121204,0.0,0.0,0.0,0.0,0.0,0.0,0.0,0.8732556102687868,0.5087719298245614,0.0,0.0,0.957680250783699,0.4472984942426924,0.6560415122312824,0.0,0.7070976341219594,0.0,0.7875177304964539,0.19704433497536955,1.0,1.0,0.0,0.634536416684677,0.0,0.0,0.0,0.0,0.8681572860447186,1.0,0.9222182211019085,0.0,0.0,0.009384775808133572,1.0,0.8574156588160408,0.0,1.0,0.0,0.05695570112135029,0.2500000000000001,0.0,0.35162094763092266,0.0,0.9421252371916509,0.0,0.1428571428571429,0.0,0.0,0.0,0.0,0.5672043010752688,0.8571428571428571,0.7210973220117569,0.8053822152886115,0.0,1.0,0.7345663265306123,0.5238095238095237,0.0,0.7676796364669128,0.5,0.0,1.0,0.19354838709677402,1.0,0.8663377965703547,0.5636653024101865,0.0625,0.0,0.4248753857108948,0.0,0.0,1.0,0.0,0.0,0.08333333333333337,0.11917836078909905,0.5189255189255191,0.0,0.0,0.0,0.0,0.8700061462814996,1.0,0.6583629893238434,0.33333333333333337,0.5945027794935145,0.39184397163120555,0.23876347366280237,0.0,0.0,0.586686174103877,1.0,0.8,0.0,0.0,0.3529411764705882,0.3319819819819818,0.0,0.5,0.0,0.0,0.6191948427838443,1.0,0.9571428571428572,0.0,0.0,1.0,0.6470588235294118,1.0,0.9102457309454395,0.8116926355040618,0.7320032225960855,0.9440137109279361,0.0,0.6363636363636364,0.8571428571428572,1.0,0.65,0.0,0.7039473684210527,0.0,0.0,0.2857142857142857,0.9117647058823529,0.0,0.0,0.0,0.0,0.0,0.0,0.6073090655848246,0.0,0.0,0.0,0.0,0.0,1.0,0.0,0.375,0.1724137931034483,0.0,0.5812043854706999,0.2535100065222615,0.17113312424308313,0.0,0.0,0.0,0.0,0.0,0.4311549377774543,0.5152053506113492,0.0,0.0,0.0,0.0,0.0,0.0,0.0,0.8465441205167232,0.0,0.0,0.0,0.0,0.0,0.0,0.0,0.0,0.7142857142857143,0.0,0.0,0.0,0.0,0.9133681852128454,0.0,0.0,0.6792717086834734,0.0,0.0,0.0,0.0,0.0,0.0,0.0,0.8478260869565217,0.0,0.0,0.25374732334047123,0.7058599695585996,0.0,0.0,0.0,0.0,0.0,0.0,0.0,0.0,0.0,0.36877617496510007,1.0,0.6746258018531718,0.19999999999999996,0.0,0.0,0.5753012048192772,0.5322391559202813,0.0,1.0,0.31271878646441076,0.0,0.75,0.33333333333333337,0.0,0.4307692307692309,0.0,0.43483202828997225,0.0,0.0,0.6039638386648123,0.6562625050020008,0.8514980460269215,0.0,0.2857142857142857,0.0,0.6221020092735703,0.17901029558286297,0.9079754601226994,0.4,0.0,0.0,0.5714285714285714,0.0,0.0,0.0,0.5282657297987863,1.0,0.33333333333333337,1.0,0.0,0.0,0.2857142857142857,0.0,0.0,0.0,0.2857142857142857,0.0,0.5,0.0,0.4276030368763557,1.0,0.0,0.375,0.0,0.5,0.0,0.8666666666666667,0.01522070015220689,0.21504237288135586,0.0,0.5691756272401434,0.0,0.23529411764705876,0.3276157804459692,0.0,0.31762488218661633,0.3766233766233765,0.75,0.37704918032786894,0.016172506738544645,1.0,1.0,0.0,0.0,0.6507936507936508,0.0,0.0,0.4285714285714285,0.5142687277051129,0.30951254141031714,0.5,1.0,1.0,0.671866594943518,0.0,0.33333333333333337,1.0,1.0,0.16499999999999992,0.33531157270029677,1.0,0.0,0.0,1.0,0.0,0.26923076923076916,0.8230125523012553,0.6352211391283332,0.44444444444444453,0.5267298769416986,1.0,0.7851412626438786,0.579676674364896,0.0,0.11566565674567819,0.3483951945490408,0.17333333333333356,0.0,0.5,0.0,0.29268292682926833,0.0,0.0,0.11714285714285722,1.0,0.5,1.0,0.0,0.0,0.0,0.0450387051372273,0.8481482530956901,0.0,0.7119667120437676,0.0,0.0,0.0,0.0,0.0,0.9604962703607856,0.0,0.7,0.5,0.0,0.5202960840496657,0.0,0.48589341692789956,0.0,0.0,0.0,0.0,0.0,0.9329288843950118,0.6967181908170259,0.0,0.0,0.0,0.0,0.5,0.0,0.25952233889232035,0.0,0.0,0.0,0.0,qsampled
0.0,0.0,0.811068211068211,0.0,0.0,0.0,0.0,0.0,0.0,0.0,0.0,0.0,0.0,0.0,0.0,0.9012795367516578,0.0,0.0,0.9308694418072018,0.0,0.0,0.0,0.0,0.0,0.0,0.0,0.6621742799873405,0.029322268326417822,0.0,0.0,0.8421223254808732,0.0,0.0,0.0,0.0,0.0,0.0,0.0,0.0,0.11603773584905663,0.9082390680398447,0.8958333333333334,0.3834903544190219,0.3217838196286472,0.0,0.0,0.0,0.33333333333333326,0.33333333333333337,0.0,0.0,0.0,0.3112033195020746,0.3639048517088619,0.0,0.42214068373008773,0.5496185371110922,0.0,0.11418803418803403,0.0,0.0,0.0,0.0,1.0,0.0,1.0,0.0,0.33333333333333337,0.4312529056252905,0.44651830581478813,0.0,0.451657142857143,0.8225806451612903,0.5714285714285714,0.6785714285714286,0.0,0.0,0.19354838709677413,0.0,0.5714285714285714,0.6083823040248365,0.0,0.0,0.0,0.0,0.0,0.5,0.5583839773726254,0.66,0.0,0.6666666666666667,0.06882022471910121,0.5,0.2941176470588235,0.0,1.0,0.44839114082741327,0.28838989538147475,0.0,0.3787812362998686,0.125,0.24659369005886633,0.4123861566484518,1.0,0.0,0.6494162403253312,0.0,0.0,0.5,0.0,0.0,0.0,0.0,0.0,0.5979266185587966,0.5825503355704698,0.19047619047619047,0.0,0.0,0.0,0.0,0.0,0.0,0.8571428571428572,1.0,0.0,0.0,0.75,0.4285714285714285,0.5,0.0,0.709881237933657,0.0,0.9734841224202926,0.9166666666666666,0.6150180593073724,0.0,0.0,0.0,0.18483829650976635,0.0,0.0,0.19161977491961413,0.36363636363636365,0.0,0.0,0.0,0.0,0.0,0.3048169556840077,0.0,0.0,0.0,0.0,0.0,0.0,0.0,0.9002766676913618,0.29154660275226885,0.6536430143773566,0.0,0.0,0.20683718452523425,0.0,0.0,0.0,0.0,0.206896551724138,0.07692307692307698,0.0,0.28616074247111567,0.4922343114106382,0.5830669729810718,0.0,0.0,0.0,0.0,0.0,0.7729209840535374,0.0,0.0,0.0,0.0,0.0,0.4206349206349206,0.0,0.5726194654766084,0.10545995134696806,0.0,0.0,0.026405208414390424,0.0,0.0,0.8888888888888888,0.0,0.0,0.0,0.0,0.0,0.0,0.0,0.0,0.0,0.0,0.0,0.0,0.8480260636259103,0.0,0.0,0.893762998732997,0.0,0.0,0.0,0.0,0.0,0.0,0.0,0.6206896551724137,0.21212121212121204,1.0,0.33333333333333326,0.7004608294930875,0.0,0.0,0.0,0.0,0.0,0.0,0.054020100502512824,0.0,0.3915929203539824,0.9545454545454546,0.5651533742331288,0.6091142490372271,0.1785543322163714,0.0,0.21151079136690654,0.0,0.0,1.0,0.20259376095338222,0.0,1.0,0.6293706293706294,0.2850779510022273,0.0,0.5952133194588969,0.7108559498956158,0.0,0.0,0.0,0.011074651353568554,0.0,0.0,0.75,1.0,0.0,0.0,0.2500000000000001,1.0,0.529262086513995,0.0,0.8146754468485419,0.8769230769230769,0.0,0.929481733220051,0.0,0.0,0.41509433962264153,0.0,0.8571428571428571,0.7259580621836588,0.0,0.0,0.0,0.1435684647302905,0.1428571428571428,0.0,0.43835174582694936,0.5,0.0,1.0,0.19354838709677402,1.0,0.8687345712139101,0.31135531135531125,0.6875,0.7757475083056479,0.0,0.0,0.4952015355086372,0.46475770925110127,0.34258349705304525,0.7142857142857143,1.0,0.12316890881913312,0.7503052503052503,0.0,0.0,0.0,0.0,0.5468561064087062,0.0,0.2609992542878449,0.33333333333333337,0.6225850340136054,0.5822922324823465,0.6837378381268042,0.0,0.0,0.45763723150357993,0.0,0.0,0.0,0.0,0.8823529411764706,0.45358851674641154,0.0,0.0,0.33333333333333326,1.0,0.0,0.0,0.2857142857142857,0.9811704834605598,0.962962962962963,0.25898203592814373,0.0,0.0,0.3720430107526882,0.7627118644067796,0.0,0.0,0.6476810414971522,0.6363636363636364,0.0,0.0,0.44999999999999996,0.0,0.625,1.0,1.0,0.0,0.0,0.0,0.0,0.0,0.0,0.9781970511594155,1.0,0.4971028163320307,0.0,0.0,0.3785988428710547,0.0,0.0,0.0,0.0,0.375,0.10526315789473684,0.0,0.055958413419535225,0.5573936042317865,1.0,0.0,0.0,0.0,0.0,0.0,0.7353332808068075,0.0,0.0,0.0,0.0,0.0,0.5,0.0,0.8724535382416011,0.0,0.0,0.0,0.11550888529886927,1.0,0.0,0.7238493723849373,0.0,0.0,0.0,0.0,0.0,0.0,0.0,0.0,0.0,0.0,0.0,0.0,0.8833955223880596,0.0,0.0,0.8964866903761181,0.0,0.0,0.23181818181818192,0.33333333333333326,0.0,0.0,0.3864077669902912,0.8842925659472423,0.0,0.5454545454545454,0.0,0.8924066924066925,0.0,0.0,0.0,0.0,0.0,0.0,0.6531339031339032,0.4625,0.8632449190492594,0.8039581777445856,0.40160642570281124,0.0,0.7692307692307692,0.0,0.8164591229020033,0.6199059561128526,0.0,0.33333333333333337,0.0,0.4002519949601008,0.0,0.0,0.040916726661867076,0.25,0.418142780461621,0.1933234734840482,0.0,0.7254901960784315,0.2857142857142857,0.0,0.0,0.08248472505091675,0.7959183673469388,0.0,0.0,0.0,0.5714285714285714,0.4519864244360151,0.2748524738992284,0.0,1.0,0.5,0.0,0.41176470588235303,0.0,0.0,0.0,0.0,1.0,0.0,0.0,0.0,0.0,0.16319612590799026,0.0,1.0,0.7365765765765766,0.0,0.0,0.5,0.0,0.68,0.01522070015220689,0.0,0.0,0.5062034739454093,0.8383333333333334,0.23529411764705876,0.03606965174129362,1.0,0.0,0.5950920245398772,0.0,0.0,0.15134370579915135,1.0,0.0,0.5,0.0,0.0,0.5,1.0,0.0,0.47108208955223896,0.06350653296870246,0.0,1.0,1.0,0.0,0.0,0.0,0.0,1.0,0.0,0.0,1.0,0.6666666666666666,1.0,0.5,0.069486823855756,0.6923076923076923,0.0,0.9073241831653104,1.0,0.8817311527722378,0.0,0.5733194009056078,0.0,0.0,0.5950679056468906,0.0,0.19999999999999996,0.0,0.0,0.5,0.0,0.0,0.0,0.23590150913423347,0.0,0.0,0.0,0.0,0.0,0.0,0.0,0.43908811475409837,0.0,0.7984478558885175,0.0,0.0,0.16929199599243017,0.0,0.0,0.0,0.0,0.1428571428571428,0.0,0.0,0.6721422627669738,0.4872441827866555,0.7803755388324688,0.0,0.0,0.0,0.0,0.0,0.9366544644278211,0.0,0.0,0.0,0.0,0.0,1.0,0.0,0.22150295524908536,0.6718456333792757,0.0,0.0,0.613967748730311,qsampled
0.5714285714285714,0.0,0.8451672010994045,0.0,0.0,0.0,0.0,0.8503937007874016,0.0,0.0,0.6593532229965157,0.0,0.0,0.0,1.0,0.9012795367516578,0.8888888888888888,0.0,0.0,0.0,0.8339424608752695,0.717948717948718,0.25,0.0,0.0,0.0,0.0,0.0,0.2857142857142857,0.0,0.0,0.0,0.0,0.0,0.0,0.0,0.360116873630387,0.25698820800309297,0.7305227175616009,0.7855660377358491,0.5078655767484106,0.0,0.0,0.43038850912866666,0.43049792531120323,0.8505574970877018,0.0,0.39622641509433965,0.0,0.248379015620395,0.3786182343532325,0.0,0.7350781998084903,0.7339792341776337,0.0,0.0,0.0,0.4583979328165374,0.11284722222222221,0.0,0.3508388037928519,0.0,0.40353460972017663,0.7142857142857143,0.6000000000000001,0.0,0.8540211759405272,0.22222222222222232,0.0,0.0,0.1428571428571428,0.0,0.0,0.0,0.6785714285714286,0.0,0.0,0.3548387096774194,0.0,0.5714285714285714,0.0,0.0,0.0,0.0,0.020419685706219992,0.9173457508731082,0.0,0.0,0.0,1.0,0.6666666666666667,0.0,1.0,0.17391304347826086,0.0,0.0,0.9642023346303502,0.0,0.0,0.8727652658462968,0.0,0.0,0.5124674358020097,0.8333333333333334,0.9055892573178632,0.35575719649561943,0.0,0.0,0.0,0.0,0.36035387305832745,0.0,0.0,0.33333333333333326,0.0,0.7237215909090908,0.5302445302445302,1.0,0.0,0.35730574324324327,0.0,0.625,0.6666666666666667,0.0,0.0,0.10378220354467393,0.0,0.0,0.0,0.0,0.0,0.0,0.0,0.918836748182419,0.41666666666666663,0.0,0.0,0.10397553516819558,0.0,0.6268043409545886,0.8735985930973841,0.0,0.0,0.4444444444444444,0.11111111111111116,0.0,0.0,1.0,0.0,0.0,0.5,0.0,0.0,0.0,0.0,0.0,0.0,1.0,0.24612763726903408,0.0,0.33333333333333326,0.0,0.0,1.0,0.0,0.9971468103574221,0.0,0.0,0.07692307692307698,0.7,0.6792237794547975,0.3683856200350073,0.3355389548585136,0.0,0.0,0.0,0.0,0.0,0.0,0.0,0.0,0.0,0.0,1.0,0.0,0.0,0.0,0.0,0.0,0.4973162508428861,0.0,0.0,0.0,0.6666666666666667,0.0,0.0,0.0,0.0,1.0,0.0,0.0,0.652542372881356,0.0,0.0,0.0,1.0,0.8321355786763918,0.7142857142857143,0.0,0.0,0.0,0.8580630830741892,0.7142857142857143,0.0,0.0,0.4098360655737705,0.0,0.0,0.0,0.0,0.0,0.0,0.0,0.0,0.0,0.0,0.0,0.5087719298245614,0.19450778229404198,0.7392739273927393,0.6172566371681417,0.46153846153846145,0.0,0.011494252873563204,0.4345338269942781,0.3999999999999999,0.5385095104458996,0.0,1.0,1.0,0.2744170327813452,0.6571428571428571,0.0,0.7553256238587949,0.5490939738727347,0.0,0.0,0.0,0.406318082788671,0.0,0.2571428571428571,0.6412930135557873,0.0,0.0,0.0,0.0,0.0,0.97350450696531,0.0,0.33333333333333326,0.04301075268817223,0.0,0.14108674928503329,0.0,0.1428571428571429,0.9796279893711249,0.0,0.0,0.8524590163934427,0.0,0.8571428571428571,0.0,0.0,0.0,0.0,0.21881875105770865,0.8095238095238095,1.0,0.0,0.0,0.47089947089947093,1.0,0.0,1.0,0.32063223257126716,0.07142857142857151,0.0625,0.967680608365019,0.18893899833847594,0.5454545454545454,1.0,0.0,0.0,0.6363636363636365,0.08333333333333337,0.5446410412853366,0.4565217391304348,0.0,0.0,0.0,0.0,0.0,0.0,0.5208333333333335,0.33333333333333337,0.0,0.0,0.38034236481124595,0.375,0.0,0.3451647953639986,0.0,0.8,1.0,0.0,0.0,0.5515873015873015,0.0,0.5,0.0,0.0,0.0,0.6666666666666667,0.2857142857142857,1.0,0.5555555555555556,0.0,0.0,0.5671609245529874,0.3705501618122977,0.5254237288135593,0.9698832553155491,0.17159425024501795,0.0,0.6363636363636364,0.0,0.0,0.44999999999999996,0.75,0.52,0.0,0.0,0.0,0.0,0.0,0.0,0.0,0.0,1.0,1.0,0.0,0.5,0.0,0.0,0.0,0.0,0.9923243556723012,0.8567375886524823,0.0,0.10526315789473684,1.0,0.623632088461457,0.5615626690268968,0.57115796664907,0.0,0.0,0.0,0.0,0.0,0.0,0.0,0.0,0.0,0.0,1.0,0.0,0.0,0.0,0.776486983116899,0.0,0.4678430362356175,0.0,0.0,0.0,0.8435870698644421,0.0,0.0,0.0,0.0,0.6880534971986265,0.0,0.0,0.7595665424991533,0.0,0.0,0.0,0.6666666666666667,0.8833955223880596,1.0,0.0,0.0,0.0,0.7980385638297873,0.8478260869565217,0.33333333333333326,0.0,0.0,0.23705879267844976,0.0,0.0,0.0,0.0,0.0,0.0,0.0,0.0,0.0,0.0,1.0,0.0,0.8968609865470852,0.0,0.3930940304330863,0.0,0.25244236029699085,0.7692307692307692,0.6,0.8700894593543368,0.5944533762057878,1.0,0.0,0.39712457263084067,0.41194743130226996,0.0,0.479287698913867,0.9553296108009001,0.0,0.0,0.0,0.24127310061601648,0.0,0.0,0.0,0.0,0.3403543965229019,0.9079754601226994,1.0,0.0,1.0,0.5714285714285714,0.0,0.0,0.19999999999999996,0.0,1.0,0.33333333333333337,0.41176470588235303,0.0,0.0,1.0,0.0,0.0,0.4038379530916846,0.0,0.0,0.0,0.18411214953271038,0.7074295010845986,0.0,0.0,0.0,0.8442758165621908,0.5,0.07840722495894914,0.15789473684210542,0.0,0.0,0.0,0.07933740191804695,0.4880319148936171,0.0,0.3157894736842106,0.625,0.3092028135990621,0.12337662337662325,0.75,0.9772727272727273,0.12833545108005084,1.0,0.0,0.0,0.0,0.7437845303867403,0.5,0.0,0.4285714285714285,0.3781624500665779,0.05104370515329404,0.88,1.0,1.0,0.3009682625067239,0.0,0.33333333333333337,0.0,1.0,0.9175,0.3222222222222221,1.0,0.0,0.0,1.0,0.0,0.0,0.0,0.8730680697139099,1.0,0.30641213901125786,0.0,0.38662486938349017,0.0,1.0,0.9054114490161002,0.0,0.0,0.0,0.5,0.5,0.0,0.75,0.0,0.0,1.0,0.0,0.0,0.0,0.0,0.0,0.04166666666666674,0.9369250985545335,0.0,0.0,0.0,1.0,0.0,0.0,0.0,0.9614164904862579,0.7387816154473756,0.0,0.0,0.5714285714285714,0.631197320475542,0.6992833876221498,0.22374799296582293,0.0,0.0,0.0,0.0,0.0,0.0,0.0,0.0,0.0,0.0,0.9756944444444444,0.5,0.0,0.25952233889232035,0.032375783662393576,0.0,0.7569160255360943,0.0,qsampled
0.0,0.0,0.0,0.0,0.0,0.0,0.0,0.7777389684480149,0.0,0.0,0.8346857378627424,0.0,0.0,0.0,0.0,0.0,0.0,0.6804817192436934,0.0,0.0,0.0,0.0,0.0,0.0,0.005346380662303418,0.0,0.0,0.0,0.0,0.0,0.0,0.884327120779996,0.0,0.8571428571428572,0.0,0.0,0.0,0.21048432513609894,0.0,0.6840861344537815,0.0,0.1794871794871794,0.2591496426766766,0.6355731225296444,0.0,0.0,0.40788993059783263,0.0,0.33333333333333337,0.0,0.0,0.0,0.0,0.0,0.7542497376705142,0.0,0.4253590861033032,0.0,0.0,0.9861191440138809,0.0,0.0,0.3334141022534528,1.0,0.4,0.0,0.0,0.0,0.0,0.2712469124508279,0.0,0.37757373400111294,0.0,0.0,0.0,0.8333333333333334,0.34749303621169925,0.0,0.0,0.0,0.4087942916387144,0.9224904701397713,0.0,1.0,0.0,0.6891402714932127,0.0,0.08259139988634223,1.0,0.0,0.0,0.4595687331536389,0.0,0.0,0.584055459272097,0.0,0.960167714884696,0.28597416772785167,0.3611793611793611,0.10565593087195613,0.0,0.24167409104407944,0.08319467554076543,0.8333333333333334,0.3390323754092397,0.0,0.0,0.0,0.0,0.6666666666666667,0.6129073158361862,0.11111111111111116,0.07906244533846407,0.33333333333333326,0.6041521109891206,0.9490445859872612,0.6209987195902689,1.0,0.6666666666666667,0.53568942217126,0.5,0.625,0.0,0.0,1.0,0.09976247030878882,0.0,1.0,0.4285714285714285,0.0,0.0,0.17611122814409108,0.39144736842105254,0.0,0.0,0.5979277593898402,0.6666666666666667,0.42695384615384613,0.0,0.5301281311324022,0.2482454830521128,0.141732906236406,0.0,0.0,0.11111111111111116,0.0,0.0,0.5827232796486091,0.21687763713080155,0.8617234468937875,0.0,0.0,0.0,0.0,0.0,0.0,0.8977953942411636,0.6651987921489683,0.0778310187065161,0.9254680224270645,0.0,0.0,0.0,0.16000000000000003,0.0,0.0,0.5104602510460253,0.0,0.16666666666666663,0.8,0.3665855636658556,0.35823511370109096,0.4753967753393461,0.0,0.0,0.0,0.0,0.0,0.9619037081765913,0.0,0.0,0.0,0.0,0.0,0.6504854368932039,0.0,0.0,0.0,0.6666666666666667,0.0,0.0,0.0,0.0,0.0,0.0,0.0,0.0,0.0,0.5212121212121212,0.0,0.0,0.6525514008735485,0.0,0.0,0.0,0.0,0.0,0.0,0.8427225130890053,0.0,0.0,0.0,0.0,0.0,0.0,0.0,0.0,0.0,0.21212121212121204,0.0,0.33333333333333326,0.0,0.5913751507840772,0.0,0.6666666666666667,0.0,0.0,0.0,0.19450778229404198,0.0,0.957680250783699,0.0,0.3589325426241661,0.7019230769230769,0.6997439180537772,0.3999999999999999,0.0,0.4286033020972779,0.23076923076923073,0.0,0.0,0.5763273539370364,1.0,0.2659768715763845,0.0,0.7429733727810651,0.0,0.314151190164792,0.0,0.06493506493506473,1.0,0.0,0.0,0.24232851985559567,0.75,0.5,0.0,0.02021305654192851,0.5,0.0,0.5572139303482587,0.0,0.0,0.0,0.0,0.39117732982763653,1.0,0.21996879875195008,1.0,0.0,0.0,0.7442126104173012,0.9413758723828515,0.0,0.8571428571428572,0.0,0.6666666666666666,1.0,0.47127605490594815,0.5,0.0,0.0,0.0,0.0,0.0,0.5636653024101865,0.0,0.9476510067114094,0.2014299036369287,0.9606060606060606,0.4952015355086372,0.0,0.34381091617933723,0.0,0.08333333333333337,0.0,0.0,0.0,0.0,0.0,1.0,0.7406269207129687,0.0,0.5208333333333335,0.33333333333333337,0.6213486213486215,0.5822922324823465,0.8971212836243511,0.0,1.0,0.6393562545720556,1.0,0.8,0.0,0.44999999999999996,0.5882352941176471,0.3319819819819818,0.0,0.5,0.33333333333333326,1.0,0.0,0.0,0.7857142857142857,0.5898767034393252,0.0,0.4073255813953489,0.6470588235294118,0.5040530582166545,0.2803889789303079,0.8116926355040618,0.5627099466072628,0.0,0.0,0.0,0.0,0.0,0.44999999999999996,0.25,0.16129032258064513,0.75,1.0,0.0,0.0,0.0,0.0,0.0,0.854220600769482,0.16512059369202237,0.7021591245193729,0.6830171116859503,0.0,0.0,0.0,0.13636363636363646,0.0,0.0,0.0,0.0,0.1724137931034483,0.6666666666666666,0.033539455106416205,0.5283626631297222,0.27986332147537896,0.0,0.0,0.0,0.0,0.0,0.955028640778618,0.0,0.0,0.0,0.0,0.0,0.5,0.0,0.0,0.0,1.0,0.0,0.3295774647887324,1.0,0.0,0.0,0.0,0.0,0.0,0.0,0.7189009661835748,0.0,0.0,0.9254658385093167,0.0,0.0,0.0,0.0,0.0,0.0,0.9682157890215617,0.0,0.0,0.0,0.0,0.0,0.0,0.25374732334047123,0.3864077669902912,0.0,0.0,0.5454545454545454,0.0,0.0,0.674245939675174,0.0,1.0,0.0,0.0,0.0,0.6086021505376344,0.19999999999999996,0.0,0.0,0.0,0.0,0.0,0.6363636363636364,0.0,0.1746641074856048,0.0,0.6666666666666667,0.0,0.0,0.0,0.0,0.08199438918643198,0.0,0.0,0.78098223615465,0.0,0.0,1.0,0.0,0.0,0.4083656748598533,0.8159509202453988,0.6,0.0,0.0,0.0,0.0,0.11493050366163471,0.0,0.6892366656020441,1.0,0.33333333333333337,0.0,0.6666666666666667,1.0,0.2857142857142857,0.0,1.0,0.0,0.75,0.0,1.0,0.43857566765578615,0.4232851985559568,0.0,0.03398392652123983,0.5,0.0,0.5,0.10620012277470836,0.0,0.7870967741935484,0.21504237288135586,0.33333333333333337,0.0,0.4654166666666667,0.0,0.0,0.0,0.0,0.5714285714285714,0.75,0.0,0.0,1.0,0.0,0.0,0.0,0.4265873015873016,1.0,0.0,0.4285714285714285,0.2883755588673621,0.05104370515329404,0.75,1.0,0.0,0.8875739644970414,0.0,0.33333333333333337,0.0,0.0,0.061514195583596276,0.32965517241379316,1.0,0.0,1.0,0.0,0.09012753897024095,0.6666666666666666,0.5412293853073464,0.6173561892203725,0.0,0.8702629543696829,1.0,0.3829787234042553,0.552346570397112,0.0,0.0,0.6136453788179295,0.0,1.0,0.5,0.5,0.0,0.625,0.3784090909090909,0.8294930875576036,0.0,0.0,0.0,0.0,0.0,0.0,0.7019774011299436,0.5631419597634477,0.22413793103448265,0.8715980789151521,0.0,0.0,0.0,0.33333333333333326,0.0,0.0,0.0,1.0,0.5,0.8571428571428571,0.0,0.6563872535277078,0.48228235544929876,0.0,0.0,0.0,0.0,0.0,0.9878665318503539,0.0,0.0,0.0,0.0,0.0,0.0,0.0,0.0,0.7980644111906311,0.0,0.0,0.0,qsampled
0.5714285714285714,0.7057535565668955,0.0,0.0,0.0,0.0,0.0,0.0,0.0,0.0,0.0,0.0,0.7808243531535474,0.0,0.0,0.0,0.0,0.0,0.0,0.6626458795331855,0.0,0.0,0.33333333333333326,0.0,0.12727719729563614,0.7557626287395782,0.0,0.0,0.2857142857142857,0.77227200843437,0.0,0.0,0.0,0.0,0.0,0.0,0.6976744186046512,0.2234421685445841,0.0,0.790960972017673,0.16407669021190718,0.47916666666666663,0.23177083333333326,0.3941923774954629,0.6532203389830509,0.0,0.2830781709419039,0.0,0.6666666666666667,0.29244708390437035,0.0,0.0,0.7350781998084903,0.4595782445167561,0.0,0.820115850447604,0.9110976047738762,0.4957627118644069,0.31467793030623026,0.5547329455314649,0.6109413202933984,0.0,0.0,0.1428571428571429,0.4,0.5,0.0,0.33333333333333337,0.0,0.0,0.0,0.44416295095257396,0.0,0.0,0.11642411642411654,0.8333333333333334,0.34749303621169925,0.0,0.2666666666666666,0.0,0.1553854255276057,0.0,0.6428571428571428,0.0,0.10299426629857711,0.9173457508731082,0.0,0.8877035799703884,0.30000000000000004,0.0,0.0,0.6379915730337079,0.0,0.5294117647058824,0.0,0.5789473684210527,0.48777429467084643,0.28114883685914305,0.0,0.4559780746831107,0.0,0.49203283437952683,0.30228075811114674,0.7333333333333334,0.0,0.619431837283577,0.0,0.0,0.0,0.6666666666666667,0.6913256582696911,1.0,0.16538461538461535,0.11111111111111105,0.005484460694698323,0.0,0.0,0.375,0.0,0.22096445551279142,0.5,0.0,0.6666666666666667,0.0,0.0,0.18746574090992152,0.0,0.0,0.0,0.0,0.6322458133481754,0.6858101027038357,0.0,0.20295350229495113,0.0,0.5907958723757561,0.6666666666666667,0.6648037905479286,0.0,0.13923171860536887,0.42182751755213244,0.6365443743209191,0.6432877813504823,0.36363636363636365,0.0,0.7916666666666666,0.1923076923076923,0.0,0.0,0.0,0.0,0.0,0.0,0.9191139596609464,0.0,0.7702008032128514,0.35215453194650814,0.6625239005736137,0.0,0.0,0.0,0.0,0.7302503168567808,0.72,0.0,0.0,0.23255813953488347,0.206896551724138,0.0,0.0,0.9772371690646379,0.5289810398347339,0.0,0.0,0.0,0.0,0.0,0.0,0.0,0.0,0.8192690882463887,0.0,0.0,0.0,0.23214285714285698,0.0,0.0,0.18421950859174807,0.0,0.0,0.6977628395370734,0.0,0.5741935483870968,0.0,0.0,0.0,0.0,0.0,0.0,0.0,0.0,0.0,0.0,0.8214611872146118,0.0,0.0,0.0,0.0,0.0,0.0,0.899702032563584,0.0,0.0,0.0,0.0,0.4098360655737705,0.6054278906344654,0.0,0.0,0.0,0.0,0.0,0.0,0.0,0.0,0.0,0.0,0.5087719298245614,0.5339195979899498,0.0,0.6172566371681417,0.0,0.0,0.026686434395848835,0.2901353965183754,0.7333333333333334,0.06721162579473183,0.40111279716742543,0.23076923076923073,1.0,0.41780581843673303,0.0,0.0,0.75,0.35376044568245135,0.0,0.9406867845993756,1.0,0.4058866279069767,0.0,0.745724907063197,0.7554263565891473,0.0,0.0,1.0,1.0,1.0,0.0,0.2500000000000001,0.0,0.0,0.0,0.8146754468485419,0.0,0.11111111111111105,0.0,1.0,0.5044285111767188,0.0,0.48677884615384603,0.0,0.0,0.0,0.75,0.0,0.0,0.8095238095238095,1.0,0.9025078622691718,0.5,0.0,0.0,0.6129032258064515,0.0,0.0,0.0,0.8125,0.30800000000000005,0.6482678983833718,0.0,0.4952015355086372,0.0,0.5631539044730858,0.0,0.9166666666666666,0.5564368517388651,0.773523685918235,0.0,0.0,0.5,1.0,0.731694560669456,0.0,0.436156763590392,0.0,0.6997167138810199,0.41091797935904395,0.0,0.375,0.0,0.3658365485794459,1.0,0.0,1.0,0.44999999999999996,0.0,0.7806763285024154,0.0,0.5,0.0,0.5,0.8984334203655353,1.0,0.2857142857142857,0.15147407658420875,0.0,0.18388865457612813,0.6470588235294118,0.4679459223724378,0.3720430107526882,0.8116926355040618,0.7532265478589866,0.9310040780337264,0.4687910643889619,0.6363636363636364,0.0,1.0,0.0,0.0,1.0,0.0,1.0,0.0,0.0,0.9045435721469561,0.0,0.6594922737306844,0.0,0.8446086354190718,1.0,0.0,0.0,0.0,0.8613895216400911,0.6818181818181819,0.0,0.0,0.0,0.375,0.0,0.0,0.9728763080466802,0.5534713290785993,0.0,0.0,0.0,0.0,0.0,0.0,0.0,0.0,0.8148148148148148,0.0,0.0,0.0,0.5,0.0,0.0,0.0,0.0,0.0,0.75038646903701,0.0,0.8931977113795295,0.0,0.0,0.0,0.0,0.0,0.0,0.0,0.0,0.0,0.0,0.7815847988680009,0.0,0.0,0.0,0.0,0.0,0.0,0.8841566265060241,0.0,0.16000000000000003,0.0,0.0,0.7561260210035006,0.0,0.0,0.0,0.0,0.75,0.0,0.0,0.0,0.0,0.0,0.0,0.16666666666666663,0.0,0.5,0.0,0.4110233258088788,0.0,0.23507917174177828,0.3076923076923076,0.29999999999999993,0.8164591229020033,0.0,0.0,0.6666666666666667,0.39773645917542455,0.4002519949601008,0.0,0.46869521662910096,0.1424285357113092,0.25,0.6039638386648123,0.5506021550813437,0.5699831365935919,0.7254901960784315,0.0,0.1428571428571428,0.0,0.03333333333333355,0.4444444444444444,0.4,0.0,0.0,0.5714285714285714,0.0,0.0,0.0,0.10081743869209803,1.0,0.0,0.41176470588235303,0.6666666666666667,1.0,0.5,0.0,1.0,0.2094994087504929,0.0,0.0,0.0,0.37966101694915255,0.7387033398821219,0.0,0.019080234833659504,0.0,0.0,0.5,0.5113378684807257,0.7095435684647302,0.8067729083665339,0.02164502164502169,0.0,0.5086848635235732,0.0,0.0,0.03606965174129362,0.0,0.2977425259304455,0.5950920245398772,0.25,0.7719298245614036,0.12929848693259982,1.0,0.0,0.8333333333333334,0.0,0.3581020590868398,1.0,0.0,0.2857142857142857,0.17559523809523814,0.10650887573964485,0.0,1.0,1.0,0.47850467289719634,0.0,0.0,0.0,1.0,0.9022082018927444,0.13379310344827577,1.0,0.0,0.0,0.5,0.13570761083999583,0.8666666666666667,0.0,0.0,0.0,0.8666534181240063,1.0,1.0,0.0,0.0,0.16840600428877772,0.4007735792918775,0.6052631578947367,0.0,0.0,0.0,0.41463414634146345,0.0,0.0,0.047235023041474644,0.0,0.0,0.0,0.8933747412008282,0.0,0.9769372693726938,0.045038705137227186,0.0,0.0,0.574054446900645,0.0,0.0,0.47891024359596757,1.0,0.0,0.0,0.0,0.1428571428571428,0.0,0.0,0.9585472095543877,0.1346457824400059,0.3884321785085145,0.0,0.0,0.0,0.0,0.0,0.0,0.0,1.0,0.0,0.0,0.0,0.5555555555555556,0.0,0.0,0.20746295304409923,0.0,0.0,0.8442293373045421,qsampled
0.0,0.0,0.0,0.0,0.0,0.0,0.0,0.6186061381074168,0.0,0.0,0.0,0.0,0.0,0.0,0.5,0.0,0.0,0.0,0.6606856055568626,0.0,0.0,0.0,0.0,0.0,0.0,0.0,0.5907731170644153,0.0,0.2857142857142857,0.77227200843437,0.0,0.6608527131782945,0.0,0.0,0.6842105263157894,0.8564580734125682,0.0,0.0,0.7050277738213929,0.0,0.0,0.1794871794871794,0.0,0.0,0.049327354260089495,0.8513221353733578,0.016718065249147873,1.0,0.0,0.28531199051430267,0.0,0.0,0.5217391304347827,0.0,0.0,0.4420483419115252,0.42650888914052765,0.0,0.15233362143474505,0.0,0.6109413202933984,0.0,0.4067796610169492,0.5714285714285714,0.4,0.0,0.0,0.0,0.9746340373226059,0.4423740510697032,0.5714285714285714,0.0,1.0,0.0,0.0,0.0,0.7966573816155988,0.0,0.0,0.5714285714285714,0.0019286403085825299,0.9006211180124224,0.0,1.0,0.005918827508455515,0.0,0.0,0.06888837460464392,0.8,0.0,0.0,0.0,0.5,1.0,0.0,1.0,0.44896681277395123,0.5566390747250254,0.32357723577235775,0.0,0.0,0.4788051157566755,0.009763424708974844,0.33333333333333337,0.3390323754092397,0.6838675456543154,0.75,0.6666666666666667,0.19999999999999996,0.0,0.0,1.0,0.0,0.4444444444444444,0.0,0.5869782971619364,0.0,0.0,0.0,0.36727921350645043,0.0,0.0,0.0,0.8571428571428572,1.0,0.10999451854558728,1.0,0.75,0.0,0.0,0.0,0.5914868264265853,0.8038063909774437,0.1933976954219866,0.0,0.0,0.0,0.0,0.0,0.0,0.28157803668243186,0.0,0.0,0.0,0.11111111111111116,0.7916666666666666,0.3076923076923077,0.0,0.0,0.3048169556840077,0.0,0.0,0.0,0.0,0.0,0.6223440270836691,0.4421004356798901,0.6110116888351471,0.26423677868341955,0.36122472701911423,0.0,0.0,0.0,0.16000000000000003,0.0,0.9044876698670288,0.5191182615963228,0.0,0.9333333333333333,0.0,0.5128782195548887,0.0,0.6558270620533062,0.0,0.0,0.0,0.0,0.0,0.51276342087731,0.6842187124414971,0.0,0.0,0.0,0.0,0.7103448275862069,0.0,0.6339511373209772,0.25906324003878,0.0,0.0,0.1841560663337104,0.0,0.0,0.0,0.0,0.0,0.0,0.0,0.7666666666666666,0.0,0.0,0.0,0.0,0.0,0.0,1.0,0.0,0.0,0.0,0.8688466150306251,0.0,0.0,0.0,0.0,0.0,0.4098360655737705,0.0,0.6206896551724137,0.21212121212121204,0.25,0.0,0.0,0.607746427794299,0.0,0.0,0.72,0.823652438444719,0.0,0.0,0.7743766971118242,0.14367816091954033,0.0,0.24974093264248698,0.013409961685823757,0.0,0.0,0.6391129032258065,0.30288713910761156,0.6153846153846154,1.0,0.07314252674183286,0.5358762646819397,1.0,0.8951048951048951,0.0,0.0,0.7975903614457831,0.314151190164792,0.0,0.0,0.0,0.7528248587570622,0.0,0.0,0.75,0.5,0.0,0.05695570112135029,0.5,1.0,0.2387096774193549,0.5,0.1408918406072106,1.0,0.0,0.4444444444444444,0.0,0.5959510754955715,0.0,0.0,0.8571428571428571,0.27134076940587315,0.7918994413407822,0.0,0.0,0.0,0.1428571428571428,1.0,0.4686076772934288,0.0,0.0,0.0,0.0,1.0,0.9241249706365986,0.0,0.8125,0.7494356659142213,0.0,0.2799352750809063,0.0,0.0,0.5634618314795063,0.4545454545454546,0.0,0.0,0.9254327563249001,1.0,0.0,0.0,0.0,0.4637369391518129,0.0,0.0,0.6666666666666667,0.0,0.7969410999023755,0.0,0.0,0.0,0.3343151693667157,0.0,0.0,0.0,0.0,0.0,0.3084714548802945,1.0,0.0,0.0,0.0,0.0,0.0,0.9571428571428572,0.1504664970313826,0.0,0.0,0.0,0.0,0.2803889789303079,0.0,0.5320570534995025,0.17159425024501795,0.0,0.0,0.0,1.0,0.65,0.0,0.0,1.0,1.0,0.0,0.0,0.0,0.0,0.6470458065943794,0.28298908162783,0.16512059369202237,0.6413264155199639,0.5455297535448371,0.0,0.0,0.0,0.13636363636363646,0.0,0.9171230251671422,0.0,0.0,0.9310344827586207,0.0,0.0,0.0,0.7400109898736165,0.0,0.0,0.0,0.0,0.0,0.5633751275976965,0.673633608527537,0.0,0.0,0.0,0.0,0.5,0.0,0.8695041883631425,0.0,0.0,0.0,0.09195820081781025,0.0,0.0,0.0,0.0,0.0,0.0,0.0,0.2338726623240175,0.0,0.0,0.0,0.0,0.0,0.0,0.6666666666666667,0.0,0.0,0.0,0.7262374285150859,0.0,0.0,0.0,0.0,0.0,0.0,0.3555982519590115,0.5986233598623361,0.0,0.0,0.75,0.0,0.919921875,0.0,0.0,0.75,0.8410358565737052,0.0,0.0,0.96,0.5817843866171004,0.0,0.40160642570281124,0.4146868250539957,0.15384615384615385,1.0,0.8208797032326444,0.3057432432432433,1.0,0.0,0.421934312592837,0.0,0.0,0.479287698913867,0.0,0.0,0.4509803921568627,0.7751954362983309,0.0,0.4374999999999999,0.2857142857142857,0.1428571428571428,0.0,0.43611953226504985,0.7959183673469388,0.6,0.0,0.0,0.0,0.926320987654321,0.2761667421839602,0.6,0.0,1.0,0.33333333333333337,1.0,0.0,1.0,0.0,0.0,1.0,0.1916844349680169,0.6666666666666667,0.0,0.0,0.38740920096852294,0.0,0.0,0.03588681849551423,0.75,0.0,0.5,0.08087027914614131,0.26315789473684215,0.9231754161331627,0.0,1.0,0.34838709677419366,0.6818700114025086,1.0,0.3276157804459692,0.0,0.22516749198951358,0.1986062717770034,0.25,0.0,0.1495956873315365,0.0,1.0,0.44444444444444453,0.0,0.0,1.0,0.0014084507042254613,0.4285714285714285,0.1646795827123696,0.08675227059191981,0.0,1.0,1.0,0.29427792915531337,0.0,0.0,0.0,1.0,1.0,0.2901234567901232,1.0,0.6666666666666666,0.0,1.0,0.09012753897024095,0.6666666666666666,0.4285714285714285,0.0,0.0,0.2628552097428958,0.0,0.6020230205790025,0.0,0.4247619047619047,0.0,0.0,0.0,1.0,0.5,0.0,0.29268292682926833,0.0,0.0,0.23024523160762944,0.0,0.0,0.0,0.0,0.0,0.5966777408637873,0.0,0.5631419597634477,0.2068965517241378,0.7030211699771234,0.0,0.0,0.0,0.33333333333333326,0.0,0.7654968094804011,0.0,1.0,1.0,0.0,0.0,0.0,0.4835767257001019,0.0,0.0,0.0,0.0,0.0,0.9360762436076244,0.8807464724624489,0.0,0.0,0.0,0.0,1.0,0.0,0.22150295524908536,0.7168291057842788,0.0,0.0,0.8913295380119906,qsampled
0.0,0.0,0.0,0.8332025957355772,0.0,0.75,0.0,0.0,0.0,0.71795126926282,0.0,0.0,0.0,0.8161413562559694,0.5,0.8927993789221712,0.0,0.7670482861258457,0.0,0.0,0.0,0.0,0.33333333333333326,0.0,0.8518533091996537,0.0,0.0,0.029322268326417822,0.0,0.0,0.0,0.0,0.0,0.0,0.0,0.0,0.0,0.2655097613882864,0.7050277738213929,0.7833333333333333,0.2338664158043272,0.47916666666666663,0.3834903544190219,0.675317604355717,0.0,0.06692913385826782,0.0,0.4462151394422311,0.33333333333333337,0.13978985838282298,0.0,0.0,0.0,0.5103008618364071,0.0,0.0,0.7449336488015637,0.529812876625436,0.0,0.8585034013605441,0.0,0.1429479034307496,0.72,0.0,0.6000000000000001,0.0,0.1712191872085277,0.5555555555555556,0.0,0.24428281239761473,0.1428571428571428,0.5220332431387706,1.0,0.0,1.0,0.0,0.0,0.0,0.2666666666666666,0.2857142857142857,0.6073850791258477,0.0,0.6428571428571428,0.18181818181818188,0.392035037685883,0.30676842236957325,0.5,0.5513910643693594,0.75,0.0,0.6666666666666667,0.06882022471910121,0.0,0.2941176470588235,0.9267676767676768,0.0,0.2744463017133305,0.04378163907511301,0.0,0.0,0.0,0.2607631900872104,0.24225865209471764,0.33333333333333337,0.6503496503496504,0.5782500690035882,0.0,0.0,0.5,0.0,0.39655172413793094,0.0,0.1817330210772834,0.0,0.0,0.0,0.19291506615450282,0.0,0.0,0.7383484516734438,0.0,0.875,0.0,0.0,0.0,0.7332738626226584,1.0,0.0,0.8571428571428571,0.0,0.0,0.6119907114207304,0.0,0.5835496652548162,0.41666666666666663,0.6646544181977253,0.0,0.5529598825831703,0.254524627720504,0.1096502108657903,0.4653008130081302,0.358340843096025,0.05054479418886204,0.0,0.11111111111111116,0.0,0.3076923076923077,0.9326500732064422,0.706266318537859,0.6718885987815493,0.0,0.0,0.0,0.0,0.0,0.0,0.9654065849432001,0.0,0.6919355725358693,0.5609475791502929,0.0,0.0,0.38917829127717574,0.76,0.0,0.0,0.0,0.0,0.0,0.9,0.0,0.5107440667094292,0.974628894484005,0.0,0.0,0.0,0.0,0.0,0.7769379559194719,0.0,0.0,0.0,0.0,0.0,0.0,0.9615384615384616,0.0,0.7040798278454146,0.0,0.8828677981581551,0.0,0.0,0.0,0.0,0.7916666666666666,0.0,0.0,0.0,0.0,0.0,0.7326787512588117,0.0,0.0,0.0,0.7435897435897436,1.0,0.9240719910011248,0.0,0.9860340932429656,0.0,0.0,0.0,0.0,0.0,0.0,0.8681318681318682,0.0,0.0,0.21212121212121204,0.25,0.0,0.0,0.0,0.0,0.0,0.0,0.0,0.0,0.5397225725094578,0.7549751243781095,0.6172566371681417,0.0,0.0,0.6506024096385543,0.7265973254086182,0.0,0.0,0.30288713910761156,1.0,0.0,0.0,0.5663464959089293,0.0,0.0,0.23717155041958993,0.0,0.0,0.8776515151515152,0.892116182572614,0.06493506493506473,1.0,0.0,0.09999999999999998,0.7340301974448316,0.5,0.0,0.0,0.05695570112135029,0.75,0.0,0.049281314168377555,0.0,0.8322211630123928,1.0,0.0,0.9633333333333334,0.0,0.0,0.0,0.5672043010752688,0.5714285714285714,0.7259580621836588,0.0,0.625,0.09999999999999998,0.7023759899958315,0.0,0.0,0.4174952294867932,1.0,0.0,1.0,0.19354838709677402,0.0,0.8629604209563029,0.905319896883056,0.0,0.0,0.17033158813263505,0.4077669902912622,0.25,0.0,0.4687500000000001,0.0,0.0,0.953968253968254,0.45590994371482185,0.0,0.0,0.0,0.0,0.0,0.0,0.5284872298624754,0.33333333333333337,0.0,0.005331302361005319,0.673092556032981,0.0,0.0,0.5839469808541974,0.0,1.0,0.0,0.0,0.3529411764705882,0.932780847145488,1.0,0.5,1.0,0.5,0.0,1.0,0.2857142857142857,0.8237822349570201,0.5555555555555556,0.38847305389221554,0.0,0.0985401459854015,0.0,0.18181818181818177,0.5771122038444345,0.0,0.0,0.0,0.0,0.0,0.65,0.75,1.0,1.0,1.0,0.0,0.0,0.0,0.0,0.0,0.9697985050866473,0.0,0.6646385981990752,0.5254102639762126,0.0,0.0,0.4418664986471963,0.8181818181818182,0.0,0.0,0.7908954477238619,0.0,0.0,0.6666666666666666,0.0188346843235645,0.9908686040178142,1.0,0.0,0.0,0.0,0.0,0.0,0.7353332808068075,0.0,0.0,0.0,0.0,0.0,0.0,0.9668289713937919,0.0,0.9975643975531736,0.0,0.7784968684759916,0.0,1.0,0.0,0.0,0.5954244431065623,0.0,0.0,0.0,0.0,0.0,0.6149577500315299,0.0,0.0,0.0,0.5,0.6666666666666667,0.8833955223880596,0.0,0.9684321290775166,0.0,0.0,0.0,0.23181818181818192,0.0,0.0,0.7561260210035006,0.35620102471368287,0.0,0.0,0.0,0.0,0.0,0.0,0.0,0.0,0.0,0.0,0.0,0.5629139072847682,1.0,0.0,0.0,0.0,0.0,0.0,0.0,0.0,0.4200351493848856,0.6666666666666667,0.6666666666666667,0.435233940123364,0.0,0.0,0.9333333333333333,0.13476123010250862,0.25,0.0,0.3423351866560761,0.5699831365935919,0.3088942307692307,1.0,0.0,0.19324181626187953,0.0,0.0,1.0,0.0,0.09862570735650766,0.5714285714285714,0.0,0.3508349844324937,0.19999999999999996,0.10081743869209803,1.0,0.33333333333333337,0.41176470588235303,0.0,0.0,0.2857142857142857,0.0,0.0,0.19454770755885986,0.0,0.0,0.5,0.0,0.3996265172735761,1.0,0.7343637670740474,0.6,0.0,0.5,0.0,0.631578947368421,0.01522070015220689,0.45656779661016955,0.33333333333333337,0.1134421134421133,0.0,0.7058823529411765,0.0,0.0,0.0,0.5950920245398772,0.25,1.0,0.7142857142857142,1.0,0.0,0.5,0.0,1.0,0.5,0.009762900976290179,0.0,0.03824626865671654,0.0,0.5499999999999999,1.0,1.0,0.6830601092896176,0.0,0.6666666666666667,0.0,1.0,0.2570977917981073,0.4888438133874239,1.0,0.0,0.0,0.5,0.0,0.3846153846153846,0.0,0.7772049346345057,1.0,0.0,0.0,0.0,0.695626183122447,0.1552042160737812,0.0,0.6746753246753248,0.17333333333333356,1.0,0.5,0.5,0.29268292682926833,0.4375,0.6931818181818181,0.46703733121525026,0.0,0.0,0.0,0.0,0.0,0.0,0.6984463276836158,0.7878657718120805,1.0,0.6915054056509493,1.0,0.0,0.768424206111444,0.33333333333333326,0.0,0.0,0.8768974145120935,1.0,0.5,1.0,0.0,0.8069339314082796,0.9409916201117319,0.0,0.0,0.0,0.0,0.0,0.9366544644278211,0.0,0.0,0.0,0.0,0.0,0.5,1.0,0.271326530612245,0.40795819935691324,0.0,0.8555074257425743,0.0,qsampled
0.0,0.0,0.0,0.0,0.0,0.0,0.0,0.0,0.8377273656243613,0.0,0.0,0.0,0.0,0.0,0.0,0.0,0.0,0.0,0.0,0.0,0.0,0.717948717948718,0.0,0.7308581484420827,0.005346380662303418,0.0,0.0,0.0,0.2857142857142857,0.0,0.0,0.0,0.0,0.0,0.33333333333333326,0.8501718213058419,0.0,0.0,0.0,0.30273051048674315,0.4238830141945318,0.5769230769230769,0.2591496426766766,0.9749935104265813,0.0,0.0,0.15266066545123091,0.0,0.6666666666666667,0.0,0.32199539617155326,0.0,0.6446776611694154,0.5014940704080679,0.0,0.0,0.5787926455040099,0.0,0.15233362143474505,0.0,0.0,0.0,0.3334141022534528,1.0,0.4,0.5,0.0,0.0,0.0,0.307798481711525,0.0,0.6981222587719298,1.0,0.0,0.0,0.0,0.0,0.0,0.0,0.0,0.0,0.37229987293519695,0.0,0.0,0.4101825168107589,0.0,0.5,0.8966806389486802,0.66,0.0,0.0,0.0,1.0,0.17391304347826086,0.584055459272097,0.0,0.4488517745302715,0.0,0.0,0.0,0.0,0.0,0.0,0.33333333333333337,0.07754974150086147,0.0,0.0,0.0,0.0,0.0,0.09544440068268367,1.0,0.30103200979534706,0.4444444444444444,0.4898692484279866,0.6394934705184014,0.0,0.0,0.0,0.0,0.5,0.0,0.33333333333333337,0.8571428571428572,1.0,0.0,1.0,0.75,0.0,0.0,0.5013131335055239,0.0227790432801821,0.9215225563909775,0.0,0.41666666666666663,0.6377474081055607,0.0,0.5529598825831703,0.5304963924338613,0.0,0.0,0.2616750445921844,0.0,0.0,0.11111111111111116,0.16666666666666674,0.0,0.9326500732064422,0.2195121951219512,0.9390459363957597,0.0,0.0,0.0,0.0,0.0,0.9335842114065898,0.8900711718694948,0.697871538896214,0.477890005145008,0.8772958223560406,0.0,0.0,0.0,0.16000000000000003,0.9940263844662054,0.0,0.5104602510460253,0.0,0.0,0.0,0.3442735042735041,0.0,0.48288397964708607,0.0,0.0,0.0,0.0,0.0,0.0,0.0,0.0,0.0,0.0,0.0,0.0,0.0,0.0,0.708036733536439,0.0,0.0,0.7717757421223281,0.0,0.0,0.0,0.0,0.0,0.0,0.0,0.0,0.5,0.0,0.0,0.0,0.0,0.0,0.0,0.0,0.0,0.0,0.0,0.0,0.0,1.0,0.0,0.7919441801458929,0.0,0.0,0.0,0.0,0.25,0.0,0.0,0.0,0.0,0.0,0.8446969696969697,0.8816325552413363,0.0,0.0,0.0,0.0,0.4472984942426924,0.6560415122312824,0.6702127659574468,0.9945578231292517,0.0,0.0,0.0,0.0,1.0,0.0,0.0,0.0,0.0,0.8248261577156384,0.0,0.0,0.7088673816374575,0.0,0.0,0.8285714285714285,0.0,0.0,0.2733303847854932,1.0,0.5,1.0,0.05695570112135029,0.5,0.0,0.5422885572139304,0.0,0.9421252371916509,1.0,0.0,0.4338830584707646,0.0,0.0,0.0,0.0,0.0,0.27134076940587315,0.3431763766959298,0.0,0.0,0.7345663265306123,0.1428571428571428,0.0,0.9451704545454546,0.5,0.0,0.0,0.0,1.0,0.31618510688278145,0.5636653024101865,0.0,0.731610337972167,0.5790723444673105,0.0,0.0,0.0,0.0,0.4545454545454546,0.0,0.47777777777777786,0.0,0.0,0.0,0.0,0.0,0.0,0.5,0.0,0.6666666666666667,0.500955500955501,0.24113475177304955,0.0,0.0,0.0,0.0,1.0,0.0,0.0,0.0,0.5882352941176471,0.4729729729729729,1.0,0.0,0.0,1.0,0.8987179487179487,1.0,0.7571428571428571,0.15147407658420875,0.5555555555555556,0.8079284713993321,0.0,0.791358505254963,0.8965424095083738,0.0,0.0,0.0,0.0,0.0,0.0,1.0,0.44999999999999996,0.75,0.48684210526315796,1.0,1.0,0.0,0.0,0.0,0.0,0.9708774020557128,0.8269697972302311,0.13053964425685882,0.0,0.7256003647161744,0.0,0.0,0.0,0.13636363636363646,0.9979208270670513,0.0,0.0,0.0,0.0,0.0,0.033539455106416205,0.0,0.27986332147537896,0.0,0.0,0.0,0.0,0.0,0.0,0.0,0.0,0.0,0.0,0.0,0.0,0.0,0.0,0.9916137229987294,0.0,0.0,0.6999874497991968,1.0,0.0,0.0,0.0,0.0,0.0,0.0,0.0,0.8547770700636943,0.0,0.0,0.0,0.0,0.0,0.0,0.0,0.0,0.0,0.0,0.0,0.0,0.8478260869565217,0.0,0.7791257268899138,0.25374732334047123,0.38834951456310696,0.0,0.0,0.0,0.0,0.0,0.0,0.0,0.0,0.75,0.47121674662014823,0.0,0.0,0.19999999999999996,0.05932932072227015,0.36482449589245725,0.5348516218081434,0.0,0.7692307692307692,1.0,0.0,0.0,0.0,0.6666666666666667,0.0,0.5467144563918758,0.0,0.37406947890818854,0.015269554378311456,0.0,0.0,0.1933234734840482,0.0,0.4374999999999999,0.0,0.0,0.0,0.4083656748598533,0.7857142857142857,0.6,0.0,0.0,0.0,0.0,0.3874037154508383,0.0,0.5282657297987863,1.0,0.33333333333333337,1.0,0.0,0.0,0.0,0.0,1.0,0.20871107607410333,0.0,0.0,0.0,0.0,0.0,1.0,0.7080745341614907,0.375,0.0,0.5,0.07840722495894914,1.0,0.0,0.21504237288135586,0.33333333333333337,0.34838709677419366,0.0,0.0,0.3276157804459692,0.0,0.29633048696053554,0.1986062717770034,0.25,0.34426229508196726,0.0,1.0,0.0,0.0,0.0,0.48123195380173256,1.0,0.3802816901408451,0.4285714285714285,0.6222056631892697,0.09995116392642034,0.0,1.0,1.0,0.0,0.0,0.0,1.0,1.0,0.061514195583596276,0.0,0.5,0.6666666666666666,0.0,0.0,0.10637694851204549,0.6666666666666666,1.0,0.0,0.0,0.0,0.0,0.0,0.36798564736369976,0.6208677685950413,0.5917753259779338,0.7289497716894977,0.0,1.0,0.5,0.0,0.0,0.4736842105263157,0.3784090909090909,0.9147465437788018,0.0,0.0,0.0,0.0,0.0,0.8805786395814097,0.6467276565798734,0.5632531824611032,0.6724137931034482,0.7319898295508052,0.0,0.0,0.0,0.33333333333333326,0.990470954737035,0.0,0.0,0.0,0.0,0.0,0.0,0.0,0.48228235544929876,0.0,0.0,0.0,0.0,0.0,0.0,0.0,0.0,0.0,0.0,0.0,0.0,0.0,0.2420283892203251,0.5085393623942746,0.0,0.0,0.9025684668392374,qsampled
0.0,0.0,0.0,0.0,0.0,1.0,0.0,0.0,0.0,0.822265625,0.0,0.6337311785997821,0.0,0.0,0.5,0.9159474671669794,0.0,0.0,0.0,0.0,0.0,0.0,0.0,0.0,0.0,0.0,0.0,0.0,0.0,0.0,0.0,0.0,0.0,0.0,0.0,0.0,0.6976744186046512,0.0,0.0,0.28755252100840334,0.410439081128235,0.0,0.3641088572872303,0.0,0.8656716417910448,0.4689871329594194,0.1059207151754965,0.33333333333333326,0.33333333333333337,0.8454170350722074,0.0,0.0,0.7028985507246377,0.0,0.7435635992862605,0.4423753092850632,0.0,0.0,0.4325086805555556,0.8227091633466136,0.0,0.0,0.3334141022534528,1.0,0.6000000000000001,0.0,0.0,0.22222222222222232,0.7637724885462063,0.0,0.5714285714285714,0.0,0.0,0.0,0.11782518926359264,0.0,0.0,0.19354838709677413,0.06201550387596888,0.0,0.005280528052805211,0.0,0.0,0.0,0.34036226007028936,0.0,0.0,0.0,0.0,0.0,0.0,0.0,0.75,0.2941176470588235,0.8752166377816291,0.5,0.2808390732623669,0.3152687454838532,0.9367533380182713,0.7562972292191437,0.125,0.47225923951670223,0.275540765391015,0.8333333333333334,0.5210856203979797,0.3035623409669209,0.0,0.0,0.19999999999999996,0.6666666666666667,0.5400025358184354,1.0,0.08933717579250688,0.11111111111111105,0.5329730811568097,0.0,0.0,0.0,0.0,0.0,0.0,0.0,0.6666666666666667,1.0,0.9090909090909091,0.09976247030878882,0.0,0.0,0.4285714285714285,0.0,0.30348322810634387,0.17611122814409108,0.51,0.5458040567413496,0.0,0.5979277593898402,0.6666666666666667,0.5507759990223633,0.5449711175526036,0.5588552915766739,0.20409030544488704,0.0,0.19071543408360148,0.0,0.11111111111111116,1.0,0.0,0.9326500732064422,0.2195121951219512,0.0,0.0,0.6666666666666667,0.0,0.0,0.0,0.0,0.0,0.0,0.14388489208633093,0.9228197334580314,0.33333333333333326,0.0,0.0,0.72,0.0,0.0,0.5211798624972276,0.0,0.0,0.0,0.001585081585081527,0.45568970959595967,0.49753920228136084,0.0,0.0,0.0,0.0,0.0,0.766042194092827,0.0,0.0,0.0,0.0,0.9846423870118473,0.0,0.0,0.0,0.0,0.0,0.9968108905707078,0.5783887813442579,0.0,0.0,0.0,0.0,0.0,0.0,0.0,0.0,0.0,0.9510734929810074,0.0,0.6134428678117999,0.0,0.0,1.0,0.9240719910011248,0.0,0.0,0.0,0.0,0.0,0.0,0.0,0.0,0.0,0.5997865018163279,0.0,0.21212121212121204,0.0,0.0,0.0,0.0,0.0,0.0,0.0,0.0,0.5087719298245614,0.0,0.0,0.0,0.46153846153846145,0.0,0.0,0.0,0.3999999999999999,0.7875177304964539,0.19704433497536955,0.0,1.0,0.9614649681528662,0.6186716791979949,0.0,0.7692307692307692,0.0,0.7480155067380468,0.5499362515937103,0.0,0.0,0.6948051948051948,0.8161120840630472,0.09433962264150952,0.0,0.0,1.0,0.0,0.0,0.05695570112135029,0.0,1.0,0.35162094763092266,1.0,0.1408918406072106,0.0,0.0,0.0,0.0,0.0,0.5,0.48677884615384603,0.0,0.5014124293785311,0.0,0.0,0.0,0.8052319191030995,0.21739130434782605,1.0,0.0,0.0,0.0,0.0,0.0,1.0,0.31618510688278145,0.9081400636653024,0.0,0.0,0.24315339559917692,0.2799352750809063,0.31775700934579443,0.46475770925110127,0.5638401559454191,0.2727272727272728,0.08333333333333337,0.980272523896685,0.536,0.0,0.0,0.0,1.0,0.8375963020030817,0.0,0.5208333333333335,0.0,0.6714697406340058,0.005331302361005319,0.0,0.0,0.0,0.0,0.0,0.0,1.0,0.9,0.3529411764705882,0.4695945945945946,0.0,0.5,0.33333333333333326,0.0,0.6179412926155061,1.0,0.7857142857142857,0.8237822349570201,0.0,0.18388865457612813,0.6470588235294118,0.7945922372437855,0.8965424095083738,1.0,0.5320570534995025,0.0988647635842611,0.905638665132336,0.0,0.0,1.0,0.44999999999999996,0.75,0.21739130434782605,0.0,1.0,0.0,0.0,0.0,0.0,0.0,0.0,0.0,0.909834724267714,0.6053195862544025,0.5,0.0,0.0,0.6818181818181819,0.0,0.0,0.0,0.0,0.0,0.0,0.8087185107190694,0.8480203464393731,0.17113312424308313,0.0,0.0,0.0,0.0,0.0,0.7451250794515571,0.0,0.0,0.0,0.0,0.9850199733688415,0.0,0.0,0.0,0.8383345878599274,0.0,0.9414322672978478,0.44259485924112596,1.0,0.0,0.0,0.0,0.0,0.0,0.0,0.0,0.0,0.6149577500315299,0.0,0.48642779587404983,0.0,0.0,0.6666666666666667,0.894316163410302,0.0,0.0,0.0,0.0,0.0,0.0,0.0,0.0,0.25374732334047123,0.0,0.0,0.0,0.0,0.0,0.0,0.0,0.0,0.0,0.0,0.0,1.0,0.6746258018531718,0.19999999999999996,0.2564102564102564,0.22460937499999978,0.0,0.5292961069602831,0.15384615384615385,1.0,0.31271878646441076,0.008287292817679592,0.0,0.33333333333333337,0.8300874731803928,0.0,0.0,0.47295266716754325,0.0,0.6923076923076923,0.39742698191933246,0.0,0.0,0.25,0.7806122448979592,0.0,0.0,0.3181667220192629,0.4444444444444444,1.0,0.0,0.0,0.5714285714285714,0.5273601924233313,0.0,0.3999999999999999,0.0,1.0,0.33333333333333337,1.0,0.0,0.0,0.0,0.0,1.0,0.2485104747261193,0.0,0.0,0.0,0.0,0.0,0.0,0.5320048309178742,0.0,0.0,0.5,0.07840722495894914,0.68,0.0,0.0,0.33333333333333337,0.48234280792420325,0.6818700114025086,1.0,0.8010291595197255,0.0,0.2450175849941384,0.045112781954887105,0.75,0.8688524590163935,0.009628610729023324,1.0,0.0,0.44444444444444453,0.0,0.13173076923076932,0.5,0.0,0.2857142857142857,0.0,0.0,0.0,1.0,1.0,0.0,0.0,0.0,0.0,0.0,0.2570977917981073,0.32965517241379316,1.0,0.0,1.0,1.0,0.0,0.6923076923076923,0.5375527426160338,0.8271432100798815,0.44444444444444453,0.8562537048014227,1.0,0.0,0.3653287959163247,0.4754448398576513,0.0,0.0,0.20000000000000007,1.0,0.5,0.5,0.0,1.0,0.3784090909090909,0.047235023041474644,0.0,1.0,0.0,0.0,0.0,0.0,0.045038705137227186,0.8392741935483871,0.6666666666666667,0.7116703062312731,0.0,0.0,0.0,1.0,0.0,0.0,0.0,1.0,0.5,0.0,0.625306755069531,0.19674267100977194,0.48589341692789956,0.0,0.0,0.0,0.0,0.0,0.6160543973429681,0.0,0.0,0.0,0.0,0.892399658411614,0.0,0.0,0.15836926695413567,0.20497624971725859,0.0,0.8914736275037954,0.6004819277108433,qsampled
0.5714285714285714,0.0,0.0,0.6836821870995301,0.0,0.95,0.0,0.0,0.6699172033118675,0.7013454359910841,0.0,0.8988542078229949,0.0,0.0,0.0,0.8927993789221712,0.0,0.0,0.9308694418072018,0.0,0.0,0.0,1.0,0.0,0.0,0.0,0.0,0.0,0.0,0.77227200843437,0.0,0.0,0.8605340778245714,0.0,0.0,0.0,0.0,0.49993979167921,0.101010101010101,0.0,0.21373471307619962,0.0,0.23177083333333326,0.0,0.6601876675603218,0.059930008748906194,0.23059861730492426,0.0,0.33333333333333337,0.13978985838282298,0.0,0.0,0.2632297712529875,0.3317923340712766,0.0,0.0,0.5756943538922936,0.4621017942145734,0.0,0.0,0.0,0.5406911928651059,0.7391742195367572,1.0,0.4,0.0,0.0,0.22222222222222232,0.0,0.0,0.5714285714285714,0.0,0.0,0.5714285714285714,0.7192982456140351,0.0,0.8001800180018002,0.0,0.0,0.2857142857142857,0.15388621794871804,0.31281070745697914,0.0,0.0,0.8780671951679879,0.7885892116182573,0.0,0.5327934860415175,0.8,0.0,0.6666666666666667,0.06882022471910121,0.33333333333333337,0.9130434782608695,0.11293634496919913,0.0,0.0,0.3480907971142003,0.0,0.37761640324647594,0.125,0.24272630764524905,0.0,0.8333333333333334,0.6171741563107369,0.6945917931833425,0.0,0.0,0.0,0.6666666666666667,0.6596707301746889,0.0,0.05698113207547162,0.33333333333333326,0.02827854365500193,0.0,0.5302445302445302,0.0,0.0,0.583310397974349,0.0,0.0,0.0,0.0,0.9090909090909091,0.36543029417138695,0.8225806451612903,1.0,0.0,0.0,0.0,0.4729775092312858,0.5286654135338346,0.0,0.41666666666666663,0.9082769296142289,0.6666666666666667,0.10397553516819558,0.29189849940988033,0.38820988304709725,0.3548137978376521,0.2613064310696883,0.28468468468468466,0.0,0.0,1.0,0.0,0.6563126252505012,0.21687763713080166,0.22248427672955973,0.5,0.0,0.0,0.9187923402382059,0.0,0.0,0.35215453194650814,0.9895879982086878,0.1964093827807627,0.0,0.0,0.9612364243943191,0.644252217997465,0.0,0.0,0.0,0.15922330097087378,0.0,0.16666666666666663,0.9,0.674063272681164,0.3566558155903574,0.0,0.0,0.0,0.0,0.0,0.0,0.0,0.0,0.0,0.0,0.0,0.0,0.0,0.0,0.8815465276186111,0.3482526859740642,0.0,0.0,0.6525588048315321,0.0,0.0,0.0,0.7916666666666666,0.0,0.8767123287671232,0.0,0.0,1.0,0.7326787512588117,0.0,0.9179236043095005,0.0,0.0,0.0,0.8480260636259103,0.0,0.0,0.893762998732997,0.0,0.0,0.0,0.0,0.0,0.0,0.0,0.0,0.0,0.0,0.0,0.0,0.0,0.8655913978494624,0.0,0.0,0.0,0.0,0.0,0.7074468085106383,0.040431266846361336,0.0,0.12343558282208589,0.05476190476190479,0.0,0.7333333333333334,0.11120424699636744,0.4189944134078213,0.23076923076923073,0.0,0.0,0.0,0.0,0.2659768715763845,0.41978090280475466,0.0,0.0,0.7108559498956158,0.406318082788671,0.06493506493506473,0.0,0.011074651353568554,0.36496350364963503,0.7645693656523982,1.0,0.5,0.0,0.0,0.0,0.0,0.5038167938931297,0.5,0.13123236124176862,0.0,0.0,0.9232827832292596,0.0,0.6778471138845553,0.4098360655737705,0.0,0.5714285714285714,0.2536082474226805,0.3462555066079296,0.0,0.0,1.0,0.6666666666666666,1.0,0.3826369633808203,0.0,0.0,1.0,0.19354838709677402,1.0,0.8647473892181766,0.6904761904761905,0.0625,0.0,0.0,0.5454545454545454,0.4952015355086372,0.46475770925110127,0.34381091617933723,0.4545454545454546,0.08333333333333337,0.0,0.8791208791208791,0.0,0.0,0.5,1.0,0.6819322459222084,0.0,0.0,0.33333333333333337,0.0,0.0,0.2623811905952975,0.0,0.0,0.5840056120659418,0.0,0.0,0.0,0.0,0.3529411764705882,0.0,0.8769230769230769,0.5,0.0,0.0,0.0,1.0,0.0,0.6101281269066504,0.5555555555555556,1.0,0.6470588235294118,0.5671609245529874,0.0,0.8116926355040618,0.5708744537732606,0.0,0.2515942028985507,0.0,0.0,1.0,0.44999999999999996,0.75,0.48684210526315796,1.0,0.0,0.0,0.0,0.9469729568700143,0.0,0.0,0.0,1.0,1.0,0.0,0.0,0.9576271186440678,0.7495335659745015,0.0,0.0,0.0,0.0,0.0,0.1724137931034483,0.6666666666666666,0.63700997418547,0.5461580166592734,0.0,0.0,0.0,0.0,0.0,0.0,0.0,0.0,0.0,0.0,0.0,0.0,0.0,0.0,0.888155491146455,0.0,0.0,0.0,0.75038646903701,0.0,0.0,0.0,0.5168272238208433,0.0,0.7142857142857143,0.0,0.0,0.6613823715916296,0.7048334384496302,0.0,0.894047619047619,0.0,0.0,0.0,0.894316163410302,0.0,0.0,0.8964866903761181,0.0,0.0,0.27142857142857135,0.33333333333333326,0.0,0.0,0.3864077669902912,0.0,0.0,0.0,1.0,0.0,0.0,0.5013907581875281,0.0,0.0,0.0,0.0,0.9638637943015983,0.32799999999999996,0.35236457437661217,0.3930940304330863,0.5348516218081434,0.23922674184454307,0.15384615384615385,0.29999999999999993,0.0,0.39188102893890686,0.0,0.6666666666666667,0.41092679408582755,0.4002519949601008,0.0,0.0,0.13151867512332627,0.25,0.0,0.1933234734840482,0.3737950731881471,0.0,0.2857142857142857,0.0,0.2773584905660379,0.0,0.07563025210084018,0.6,0.0,0.0,0.5714285714285714,0.0,0.0,0.6,0.0,1.0,0.0,0.41176470588235303,0.0,0.6666666666666666,0.5,0.0,1.0,0.2094994087504929,0.0,0.0,0.0,0.6900726392251817,0.5518172888015718,0.0,0.7622309197651663,0.8,0.0,0.5,0.0,0.8666666666666667,0.03886397608370695,0.5625,0.0,0.5773115773115773,0.8563829787234043,0.0,0.03606965174129362,1.0,0.0,0.9072164948453608,0.75,0.24418604651162779,0.10762331838565031,1.0,0.0,0.8333333333333334,0.0,0.4404646660212973,0.5,0.31264023934180996,0.4285714285714285,0.25177304964538993,0.4512259657787969,0.88,1.0,1.0,0.9025380710659898,0.0,0.0,0.0,1.0,0.2570977917981073,1.0,0.5,0.0,0.0,1.0,0.05430381061156686,0.3846153846153846,0.5569800569800569,0.575075423532142,1.0,0.440984429934706,1.0,0.38662486938349017,0.33103448275862046,0.0,0.0,0.6621649484536081,0.6,1.0,0.0,0.5,0.0,0.75,0.3784090909090909,0.10501750291715295,1.0,0.0,0.0,0.8745874587458746,0.0,0.0,0.04166666666666674,0.8398383954981603,0.2068965517241378,0.7900385321575423,0.0,0.5,0.37193363223577114,0.0,0.0,0.0,0.0,0.0,0.5,1.0,0.6928608650338718,0.6983762034775111,0.0,0.0,0.0,0.0,0.0,0.0,0.0,0.0,0.0,0.0,0.0,0.0,0.0,0.0,0.8006823997725334,0.671477307232036,0.0,0.0,0.5915697334238303,qsampled
0.0,0.706499193362526,0.0,0.0,0.0,0.0,0.0,0.7777389684480149,0.0,0.0,0.0,0.0,0.0,0.0,0.0,0.0,0.0,0.0,0.0,0.0,0.0,0.0,0.25,0.0,0.0,0.0,0.6638035198318886,0.0,0.0,0.0,0.0,0.0,0.0,0.0,0.0,0.0,0.0,0.0,0.10476190476190472,0.9177427068388331,0.5435901763861929,0.47916666666666663,0.0,0.3217838196286472,0.0,0.0633187772925764,0.5064150170298856,0.0,0.6666666666666667,0.1422266800401204,0.000268763018208773,0.0,0.3112033195020746,0.8664055269073119,0.0,0.0,0.9045200172191132,0.9303299492385787,0.49572649572649563,0.0,0.3537794299876085,0.0,0.0,0.33333333333333337,0.6000000000000001,1.0,0.0,0.0,0.6965130348696513,0.0,0.1428571428571428,0.413469068128426,1.0,0.5714285714285714,0.6666666666666667,0.8333333333333334,0.0,0.0,0.0,0.5714285714285714,0.1553854255276057,0.812810707456979,0.0,0.0,0.38223393243624737,0.0032404974601507597,0.0,0.0,1.0,0.0,0.33333333333333337,0.0,0.5,0.0,0.5867556468172486,0.0,0.7006053935057788,0.28557967474000134,0.0,0.8939061814993424,0.0,0.5819673605988089,0.23795726186164445,0.0,0.0,0.6560943844326975,0.75,0.0,1.0,0.0,0.35943133820953943,0.0,0.06294760648322661,0.33333333333333326,0.5341850484080246,0.9481534090909091,0.6190476190476191,0.0,0.0,0.0,0.0,0.625,0.33333333333333337,0.0,1.0,0.0,1.0,0.75,0.0,0.0,0.4368715794832634,0.0,0.5286654135338346,0.856651770367824,0.4722222222222222,0.6727471393450086,0.0,0.03314803376569908,0.0,0.38820988304709725,0.7660888965162176,0.0,0.5830864530029627,0.0,0.11111111111111116,0.0,0.0,0.0,0.0,0.40407073740407073,0.0,0.0,0.0,0.9220655737704918,0.0,0.0,0.9495107077010353,0.9946252018314127,0.08264885681200007,0.6503166738005934,0.33333333333333326,0.0,0.0,0.16000000000000003,0.0,0.0,0.3785440613026819,0.206896551724138,0.0,0.0,0.276548532302035,0.5504335641614035,0.47485162075787557,0.0,0.0,0.0,0.0,0.0,0.0,0.0,0.0,0.0,0.6666666666666667,0.0,0.0,0.0,0.3983925199207775,0.03707819609845486,0.0,0.0,0.0,0.0,0.5741935483870968,0.0,0.0,0.0,0.0,0.0,1.0,0.0,0.0,0.0,0.0,0.0,0.0,0.0,0.0,0.0,0.0,0.0,0.0,0.0,0.0,0.0,0.0,0.0,0.0,0.6206896551724137,0.0,0.0,0.33333333333333326,0.0,0.0,0.0,0.0,0.0,0.0,0.0,0.0,0.8885616102110947,0.8328840970350404,0.0,0.0,0.010715816545220802,0.32998745294855714,0.0,0.0,0.3383202099737532,0.0,1.0,0.0,0.0,1.0,0.2659768715763845,1.0,0.0,0.0,1.0,0.913074972835929,0.6948051948051948,0.2571428571428571,0.69374492282697,0.0,0.0,0.5,0.0,0.0,0.0,0.5,0.0,0.5149253731343284,0.0,0.0,1.0,0.0,0.5692007797270955,0.8333333333333334,0.0,0.4098360655737705,0.0,0.8571428571428571,0.2923393237892171,0.8042584434654919,0.0,0.0,0.7507192418344897,0.0,1.0,0.0,0.5,0.0,1.0,0.0,1.0,0.0,0.0,0.0,0.1254355400696866,0.7266086415915449,0.5454545454545454,1.0,0.0,0.5006090133982947,0.5,0.08333333333333337,0.12316890881913312,0.5625,1.0,0.0,0.0,0.0,0.0,0.0,0.0,0.33333333333333337,0.8846258503401361,0.7965779467680608,0.900797373358349,0.0,0.0,0.44376391982182617,0.0,0.8,0.0,0.0,0.5882352941176471,0.4347014925373135,1.0,0.5,0.0,1.0,0.6544241680723815,0.6666666666666667,0.0,1.0,0.37037037037037035,0.8158625247851949,0.0,0.7888725128960943,0.3720430107526882,0.7627118644067796,0.7085330776605944,0.17159425024501795,0.2515942028985507,0.0,0.0,0.0,0.44999999999999996,0.0,1.0,1.0,1.0,0.0,0.0,0.9045435721469561,0.0,0.0,0.9526282669130708,1.0,0.6977791116446579,0.5080432299978068,0.5,0.0,0.0,0.13636363636363646,0.0,0.0,0.0,0.375,0.0,0.0,0.06592713872917966,0.5368838663140179,0.9674963235799398,0.0,0.0,0.0,0.0,0.0,0.0,0.0,0.0,0.0,0.5,0.0,0.0,0.0,0.7747433469550484,0.6311805125093969,0.0,0.0,0.3290897517504774,1.0,0.8931977113795295,0.0,0.0,0.0,0.0,0.0,0.2679949213790408,0.0,0.0,0.0,0.0,0.0,0.0,0.0,0.0,0.0,0.0,0.0,0.0,0.0,0.0,0.33333333333333326,0.0,0.0,0.3882552778451832,0.8724919093851132,0.0,0.0,0.0,0.0,0.0,0.0,0.0,0.0,0.0,0.0,0.6059763724808895,0.0,0.58071988595866,0.3966055403823644,0.0,0.2705082032813124,0.7692307692307692,0.0,0.0,0.0,0.0,0.6666666666666667,0.41617952102583444,0.3897810218978104,0.0,0.0,0.6306377730796335,0.25,0.0,0.5499787324542748,0.8650481970724742,1.0,0.0,0.1428571428571428,0.0,0.08333333333333326,0.0,1.0,0.0,0.0,0.0,0.4519864244360151,0.0,0.19999999999999996,0.10081743869209803,1.0,0.0,0.41176470588235303,0.6666666666666667,0.0,0.2857142857142857,0.0,0.0,0.2000422475707645,0.0,0.0,0.0,0.0,0.2364931237721023,0.0,0.0,0.5,0.0,0.0,0.08087027914614131,0.68,0.42800199302441466,0.060381355932203506,0.33333333333333337,0.16377171215880904,0.0,0.0,0.5497512437810945,0.625,0.8499413833528722,0.5950920245398772,0.75,0.0,0.19282511210762343,0.0,0.0,0.0,0.0,0.7618741976893453,0.5,0.9,0.4285714285714285,0.08061749571183519,0.3553489889106327,0.24,1.0,1.0,0.0,0.0,0.33333333333333337,1.0,1.0,0.061514195583596276,0.0,1.0,1.0,0.0,0.0,0.015863859244303558,0.0,0.6514644351464435,0.4569518951719286,0.7777777777777778,0.0,0.0,0.0,0.0,0.0,0.3440607734806629,0.0,0.6,1.0,0.5,0.5,0.0,0.0,0.0,0.23024523160762944,0.0,0.0,0.0,0.4285714285714285,0.0,0.0,0.8947368421052632,0.8097517609245709,0.22413793103448265,0.8048636614465396,0.0,0.0,0.0,0.33333333333333326,0.0,0.0,0.0,0.1428571428571428,0.5,0.0,0.6860599611363005,0.6702810018326206,0.976497346474602,0.0,0.0,0.0,0.0,0.0,0.0,0.0,0.0,0.0,1.0,0.0,0.5,0.0,0.0,0.2985871720220765,0.0,0.0,0.0,qsampled
0.0,0.0,0.8464342674868991,0.0,0.0,0.0,0.0,0.7777389684480149,0.0,0.0,0.0,0.0,0.7762330933315389,0.0,0.0,0.0,0.0,0.0,0.6516608938780621,0.0,0.0,0.0,0.0,0.7308581484420827,0.006175156968088569,0.0,0.0,0.0,0.2857142857142857,0.0,0.0,0.0,0.8605340778245714,0.0,0.0,0.0,0.0,0.513245870830171,0.0,0.7899990670771526,0.42367957327237227,0.1794871794871794,0.0,0.0,0.0,0.4689871329594194,0.2205570794585312,1.0,0.33333333333333337,0.30565815983881794,0.0,0.0,0.4390576988733357,0.41878411103480695,0.0,0.0,0.4251960379694595,0.0,0.35387323943661975,0.8585034013605441,0.5122100122100122,0.23224932249322494,0.3334141022534528,1.0,0.0,0.5,0.4361696276332435,0.22222222222222232,0.0,0.0,0.5714285714285714,0.0,1.0,0.5714285714285714,0.14035087719298245,0.0,0.0,0.0,0.0,0.2857142857142857,0.5223349423218522,0.0,0.0,0.0,0.0972608759337924,0.7995139732685297,0.0,0.0,1.0,0.0,0.0,0.7222612359550562,0.75,0.5294117647058824,0.5658248253627083,1.0,0.5157620041753653,0.6628550619082301,0.36797326040717104,0.0,0.125,0.5016535485151135,0.275540765391015,0.33333333333333337,0.06867951982539078,0.0,0.0,0.0,1.0,0.6666666666666667,0.13347771571868228,0.5555555555555556,0.3193717277486907,0.0,0.0575620767494357,0.9070231444533121,0.0,0.0,0.0,0.6043989458747212,0.5,0.625,0.33333333333333337,0.0,0.0,0.19555317439057052,1.0,1.0,0.0,0.0,0.0,0.0,0.46190476190476193,0.45610549132948,0.41666666666666663,0.0,0.0,0.0,0.0,0.0,0.0,0.0,0.19161977491961424,0.0,0.0,0.0,1.0,0.7054108216432866,0.6047098402018503,0.9390459363957597,0.0,0.6666666666666667,0.9142857142857143,0.0,0.0,0.0,0.40115541778216135,0.7347090383821708,0.4755948996995045,0.5283590515619119,0.33333333333333326,0.0,0.6391937583770244,0.72,0.0,0.0,0.497624703087886,0.0,1.0,0.0,0.0,0.453650439311983,0.48286832759362885,0.0,0.0,0.0,0.0,0.0,0.0,0.0,0.0,0.0,0.0,0.0,0.0,0.897550535077289,0.0,0.05086999970608108,0.0,0.0,0.8595561075022291,0.0,0.0,0.8888888888888888,0.0,0.0,0.845108695652174,0.0,1.0,0.0,0.0,0.0,0.0,0.8214611872146118,0.0,0.0,0.0,0.0,0.0,0.8815840061514801,0.0,0.0,0.0,0.0,0.42233009708737856,0.0,0.0,0.0,0.0,0.25,0.33333333333333326,0.0,0.0,0.8655913978494624,0.0,0.0,0.0,0.0,0.8451776649746193,0.0,0.6172566371681417,0.46153846153846145,0.3589325426241661,0.6605624591236101,0.0,0.0,0.7867990654205608,0.0,1.0,1.0,0.1896032144650931,0.5755935628202352,1.0,0.2574558734023127,0.3450671172439689,0.0,0.0,0.314151190164792,0.0,0.6000000000000001,0.85,0.10667634252539926,0.1725888324873096,0.0,1.0,1.0,1.0,0.4703008770955923,0.0,0.0,0.5038167938931297,1.0,0.13123236124176862,1.0,0.6666666666666667,0.0,0.0,0.0,0.0,0.0,0.5714285714285714,0.7289135716765012,0.0,0.0,0.0,0.0,0.6666666666666666,1.0,0.0,0.5,0.0,0.0,0.7096774193548387,1.0,0.0,0.6325602546612097,0.6875,0.30800000000000005,0.9210161662817552,0.2799352750809063,0.0,0.46475770925110127,0.5631539044730858,0.2727272727272728,0.0,0.5564368517388651,0.0,0.0,0.0,0.5,1.0,0.0,0.5,0.0,0.33333333333333337,0.0,0.7965779467680608,0.0,1.0,0.0,0.6036478428621537,1.0,0.8,0.0,0.44999999999999996,0.0,0.7939142461964039,1.0,0.5,0.0,1.0,0.0,0.0,0.0,0.8404963136126595,0.5555555555555556,0.0,0.0,0.0,0.37702390131071706,0.0,0.0,0.0988647635842611,0.905638665132336,0.0,0.0,0.0,0.65,0.875,0.0,1.0,1.0,0.0,0.9117647058823529,0.0,0.0,0.0,0.37038689172289085,0.1482683982683981,0.0,0.07793234444822628,0.5,0.0,0.7783884996375936,0.6818181818181819,0.0,0.0,0.0,0.0,1.0,0.0,0.0,0.5569255865278511,0.20340617466365984,0.0,0.0,0.0,0.0,0.0,0.0,0.0,0.0,0.0,0.0,0.0,0.0,0.9479782270606532,0.0,0.6360099397808895,0.0,0.0,0.8987905792488861,1.0,0.0,0.7583892617449665,0.0,0.0,0.7142857142857143,0.0,0.7085346215780998,0.0,0.0,0.0,0.0,0.7686525300123416,0.0,0.0,0.0,0.0,0.0,0.8631802979629067,0.0,0.0,0.27142857142857135,0.0,0.7702335687126561,0.25374732334047123,0.27860242064398244,0.0,0.0,0.0,0.0,0.0,0.0,0.5013907581875281,0.0,0.0,0.0,0.0,0.9420702754036088,0.0,0.0,0.36482449589245725,0.34023464458247066,0.0,0.15384615384615385,0.0,0.2925278219395867,0.0,1.0,0.33333333333333337,0.421934312592837,0.0,0.0,0.47295266716754325,0.1315882249250837,0.0,0.0,0.7861080485115766,0.0,0.0,1.0,0.8571428571428572,0.2817319098457888,0.4083656748598533,0.07563025210084018,0.0,0.0,0.653142402545744,0.5714285714285714,0.0,0.0,0.3999999999999999,0.0,1.0,0.0,0.41176470588235303,0.0,0.0,0.5,0.0,1.0,0.0,0.0,0.0,0.0,0.4353293413173652,0.5518172888015718,0.0,0.06409001956947169,1.0,0.0,0.5,0.5853858784893268,0.42000000000000004,0.7894736842105263,0.0,0.0,0.5773115773115773,0.20916666666666672,0.0,0.0,0.0,0.2538100820633058,0.5714285714285714,0.25,0.7719298245614036,0.0,1.0,0.0,0.8333333333333334,0.0,0.48812915479582153,1.0,0.3802816901408451,0.0,0.06408345752608058,0.25774820521800024,0.0,0.0,1.0,0.6940686784599376,0.0,0.33333333333333337,1.0,1.0,0.881578947368421,0.13379310344827577,1.0,0.0,0.0,0.0,0.05430381061156686,0.0,0.5569800569800569,0.8322129360465116,1.0,0.2140316844487551,0.0,0.5733194009056078,0.0,0.5550458715596329,0.5950679056468906,0.0,0.9117647058823529,1.0,0.0,0.5,1.0,1.0,0.7715909090909091,0.8836772983114447,0.0,1.0,1.0,0.0,0.0,0.0,0.0,0.0,0.6724137931034482,0.0,0.0,0.0,0.3884281420460871,1.0,0.0,0.0,0.0,1.0,1.0,0.0,0.0,0.4647971957936905,0.48533442982456143,0.0,0.0,0.0,0.0,0.0,0.0,0.0,0.0,0.0,0.0,0.0,0.0,0.7260656883298393,0.2613719928563927,0.5000384644972691,0.0,0.0,0.827384815055159,qsampled
0.0,0.0,0.0,0.0,0.0,0.0,0.0,0.0,0.0,0.0,0.0,0.5416666666666667,0.7633363145898849,0.0,1.0,0.0,0.0,0.5333257480942087,0.0,0.0,0.0,0.0,0.0,0.0,0.006175156968088569,0.0,0.7061550025054284,0.0,0.2857142857142857,0.0,0.0,0.0,0.0,0.0,0.0,0.0,0.0,0.10832440607473692,0.0,0.0,0.0,0.5769230769230769,0.05355404089581306,0.7272727272727273,1.0,0.0,0.8297758804695838,0.39622641509433965,0.33333333333333337,0.0,0.0,0.0,0.0,0.0,0.7497648165569144,0.521505376344086,0.7009964896387725,0.6409645181993215,0.31467793030623026,0.04973357015985802,0.0,0.21573208722741444,0.0,0.33333333333333337,0.0,1.0,0.23715927010587956,0.33333333333333337,0.39661840093533585,0.4423791821561338,0.1428571428571428,0.0,0.7483870967741936,1.0,0.6666666666666667,0.8333333333333334,0.36186650185414093,0.0,0.4,0.8571428571428572,0.4162043528622814,0.9565217391304348,0.0,0.0,0.3358637469586374,0.09644670050761417,0.0,0.1707761516997892,0.0,0.0,0.6666666666666667,0.0,1.0,0.2941176470588235,0.5407279029462738,0.0,0.0,0.0,0.0,0.13824561403508795,0.0,0.853701495772816,0.0,0.8333333333333334,0.06893261776982706,0.3091277176304903,0.0,0.0,0.19999999999999996,0.0,0.45229202037351446,0.11111111111111116,0.0,0.4444444444444444,0.18946624248851185,0.0,0.6209987195902689,1.0,0.0,0.892592962814874,0.5,0.5,0.33333333333333337,0.8571428571428572,1.0,0.18856203179243558,0.0,0.0,0.0,0.0,0.3165411412323921,0.0,0.9234116623150566,0.8205113473139902,0.0,0.0,0.0,0.14523258261418637,0.0,0.18483829650976635,0.0,0.5653011368974913,0.05449783418958409,0.0,0.7777777777777778,0.0,0.1923076923076923,0.9326500732064422,0.0,0.7061574434918161,0.0,0.6666666666666667,0.0,0.0,0.0,0.0,0.4010992882813049,0.9075789973865527,0.0,0.49209222353615456,0.33333333333333326,0.0,0.5791662645951945,0.0,0.9642520867263844,0.0,0.0,0.206896551724138,0.5714285714285714,0.8,0.3442735042735041,0.3554381662107349,0.30087188556889755,0.0,0.0,0.0,0.0,0.0,0.0,0.0,0.818314758602353,0.0,0.0,0.0,0.6911764705882353,0.0,0.0,0.09515621785262895,0.0,0.4970450926950375,0.5545068399785793,0.0,0.0,0.0,0.0,0.0,0.0,0.0,0.0,0.0,0.0,0.0,0.7189150943396226,0.8214611872146118,0.0,1.0,0.0,0.0,0.8427225130890053,0.0,0.0,0.0,0.0,0.0,0.0,0.0,0.0,0.6666666666666667,0.0,0.25,0.0,0.0,0.0,0.0,0.0,0.0,0.0,0.0,0.1399999999999999,0.0,0.19435736677115978,0.0,0.6560415122312824,0.0,0.0,0.7333333333333334,0.0,0.9506561679790027,0.0,0.0,0.0,0.6175213675213675,1.0,0.2659768715763845,0.0,0.7440102681118084,0.0,0.8713052576510594,0.26584570807678387,0.0,0.2571428571428571,0.017871649065800188,0.1725888324873096,0.17888365837256237,0.5,1.0,0.0,0.4703008770955923,0.2500000000000001,1.0,0.5470737913486006,0.0,0.15096153846153837,0.7769230769230769,0.0,0.0,1.0,0.5509391007398975,0.0,0.4181034482758621,1.0,0.7020968908170644,0.3435692921236292,0.0,0.0,0.5935464772054471,0.0,1.0,0.4600923482849605,0.0,0.0,1.0,0.7096774193548387,1.0,0.32515831276161855,0.0,0.0,0.5763945028294261,0.5790723444673105,0.0,0.0,0.0,1.0,0.0,0.08333333333333337,0.5564368517388651,0.5665024630541873,0.0,0.0,0.0,0.0,0.792468619246862,0.0,0.49183006535947715,0.6666666666666667,0.8834288834288835,0.005331302361005319,0.8971212836243511,0.375,0.0,0.9339007605939877,1.0,0.8,0.0,0.9,0.5882352941176471,0.6666666666666667,0.0,0.5,0.0,0.5,0.6474083856058104,0.021739130434782705,0.7571428571428571,0.7656726533378515,0.0,0.0,0.0,0.5671609245529874,0.2803889789303079,0.7627118644067796,0.0,0.9347387717690192,0.0,0.0,0.8571428571428572,0.0,0.0,0.75,0.5846153846153846,0.9318181818181818,1.0,0.0,0.0,0.0,0.0,0.0,0.37038689172289085,0.8518218623481781,0.4325869461648405,0.6305806188124428,0.5,0.0,0.7565077571596193,0.0,0.9664415534416657,0.0,0.8567375886524823,0.375,0.6428571428571428,0.6666666666666666,0.0,0.5631320906657824,0.5684484803095551,0.0,0.0,0.0,0.0,0.0,0.0,0.0,0.8148148148148148,0.0,0.0,0.0,0.5,0.0,0.0,0.7780617007374219,0.0,0.46761446611115864,0.46149213280132506,1.0,0.0,0.0,0.0,0.0,0.0,0.0,0.0,0.0,0.0,0.0,0.48642779587404983,0.7815847988680009,0.0,0.6666666666666667,0.0,0.0,0.9682157890215617,0.0,0.0,0.0,0.27142857142857135,0.0,0.0,0.25374732334047123,0.27860242064398244,0.8840486867392697,0.0,0.0,0.0,0.0,0.0,0.0,0.0,0.0,0.0,0.0,0.5593869731800767,0.19999999999999996,0.8942307692307693,0.0,0.4444893015744853,0.22178529296106964,0.15384615384615385,0.0,0.0,0.6790752351097179,1.0,0.6666666666666667,0.0,0.0,0.0,0.0,0.2000382116927779,0.0,0.0,0.33529659234329,0.7056655918931368,0.4736842105263157,0.0,0.0,0.2745215311004784,0.0,0.0,0.0,0.0,0.0750279955207167,0.5714285714285714,0.531610030012586,0.0,0.19999999999999996,0.0,1.0,0.33333333333333337,0.0,0.6666666666666667,1.0,0.5,0.0,0.5,0.0,0.0,0.0,0.0,0.0,0.2850180505415162,0.0,0.0,0.4,0.0,0.5,0.38551258440761205,0.8066666666666666,0.0,0.02164502164502169,0.33333333333333337,0.0,0.0,0.23529411764705876,0.3276157804459692,0.625,0.44013981939994173,0.5714285714285714,0.75,0.0,0.009628610729023324,1.0,0.0,0.44444444444444453,0.0,0.06952965235173814,1.0,0.009762900976290179,0.4285714285714285,0.0,0.24143183549124136,0.24,1.0,1.0,0.9667013527575442,0.0,0.0,1.0,1.0,0.061514195583596276,0.19303338171262707,1.0,0.0,0.0,0.5,0.0,0.0,1.0,0.8673856364067314,0.44444444444444453,0.34314880251276014,0.0,0.3829787234042553,0.0,0.0,0.6190163934426229,0.0,0.19999999999999996,1.0,0.5,0.5,0.41463414634146345,1.0,0.0,0.5429155313351499,0.0,1.0,0.0,0.0,0.0,0.0,0.0,0.0,0.4482758620689654,0.1564238074357851,0.0,0.0,0.32995087503837883,0.0,0.9621419092966982,0.0,0.8768974145120935,0.0,0.0,0.8571428571428571,0.0,0.4647971957936905,0.22701937134502914,0.0,0.0,0.0,0.0,0.0,0.0,0.0,0.7878787878787878,0.0,0.0,0.0,0.5555555555555556,0.0,0.19248826291079824,0.1613532856213401,0.0,0.2897448979591837,0.588749807926433,qsampled
0.0,0.0,0.8122762148337596,0.0,0.0,0.6666666666666667,0.0,0.0,0.0,0.0,0.0,0.8837452337240502,0.0,0.0,0.5,0.0,0.0,0.0,0.0,0.0,0.7482644129188046,0.0,0.0,0.4833273574757979,0.0,0.0,0.0,0.029322268326417822,0.2857142857142857,0.768370607028754,0.0,0.0,0.0,0.0,0.0,0.0,0.0,0.9162136039627884,1.0,0.2813880706921943,0.8316851664984863,0.8958333333333334,0.22718707940780614,0.0,0.0,0.9414847161572053,0.6539985884141375,0.39622641509433965,0.0,0.0,0.20872204113746196,0.0,0.0,0.38800739803368045,0.0,0.7140683730087705,0.7271529338810945,0.4455397346963612,0.45299145299145305,0.8725099601593626,0.39255884586180734,0.12809667673716008,0.9667673716012084,1.0,0.0,0.0,0.4885496183206107,0.5555555555555556,0.7637724885462063,0.0,0.5714285714285714,0.0,1.0,0.0,0.0,0.0,0.7354758961681088,0.3548387096774194,0.0,0.8571428571428572,0.0,0.0,0.0,0.0,0.38764817604296287,0.33352726063829785,0.5,0.964239920216555,0.8,0.0,0.6666666666666667,0.06882022471910121,1.0,0.6521739130434783,0.5867556468172486,0.0,0.44839114082741327,0.28350943396226413,0.0,0.2361258395192648,0.0,0.0,0.30228075811114674,0.5,0.6308800000000001,0.0,0.75,0.0,0.5,0.0,0.0,0.0,0.31355932203389814,0.0,0.603122185529871,0.6370487901626338,0.6190476190476191,0.0,0.0,0.30037699136568163,0.5,0.0,0.0,0.0,1.0,0.09355015530787525,1.0,0.0,0.0,0.0,0.4368715794832634,0.0,0.8158640226628895,0.0,0.41666666666666663,0.0,0.0,0.04097859327217157,0.7601807969106548,0.3528837257119358,0.5978614110493763,0.0,0.0,0.0,0.7777777777777778,0.0,0.0,1.0,0.20413436692506448,0.8617234468937875,0.5,0.0,0.0,0.0,0.0,0.6998196129878649,0.0,0.9094576699208524,0.20409848758581528,0.0,1.0,0.0,0.0,0.72,0.0,0.0,0.2651331719128329,0.0,0.0,0.0,0.9144399791391846,0.0,0.0,0.0,0.0,0.0,0.0,0.0,0.5789443539023083,0.938797091870456,0.0,0.0,0.0,0.0,0.7103448275862069,0.0,0.0,0.0,0.0,0.0,0.7000250913481895,0.0,0.0,0.8888888888888888,0.0,0.0,0.8148148148148149,0.0,0.0,0.0,0.0,0.0,0.9153195488721805,0.0,0.0,1.0,0.0,0.0,0.0,0.0,0.0,0.9689174705251876,0.0,0.0,0.7919441801458929,0.0,0.0,0.0,0.21212121212121204,0.0,0.9166666666666666,0.0,0.0,0.0,0.0,0.0,0.0,0.0,0.9608240459304289,0.6934893928310168,0.0,0.8608981380065718,0.8707738542449286,0.0,0.0,0.0,0.9395396770869118,0.5367871136264692,0.0,1.0,0.0,0.0,0.0,0.0,0.42257818459191454,0.0,0.5796387520525451,0.8700417536534446,0.406318082788671,0.6000000000000001,0.8161120840630472,0.7260897852960313,0.6696428571428572,0.972917731221257,0.75,1.0,0.0,0.827023426224048,0.75,1.0,0.5149253731343284,1.0,0.13123236124176862,1.0,0.0,0.48475887170154697,0.0,0.6226522481502561,0.23113207547169812,0.0,1.0,0.0,0.0,0.0,0.0,0.8052319191030995,0.5238095238095237,0.0,0.9773405370534635,0.0,0.0,1.0,0.19354838709677402,0.5,0.6579907695610174,0.0,0.0625,0.7418546365914787,0.4248753857108948,0.0,0.15420560747663548,0.0,0.0,0.0,0.9166666666666666,0.0,0.0,1.0,0.0,0.0,0.0,0.4694000602954477,0.0,0.0,0.33333333333333337,0.19736842105263153,0.24113475177304955,0.8837359792924936,0.0,0.0,0.3658365485794459,1.0,0.0,0.0,0.44999999999999996,0.5882352941176471,0.5161725067385445,1.0,0.5,0.0,0.5,0.6179412926155061,0.6666666666666667,0.9571428571428572,0.1504664970313826,0.5555555555555556,0.0,0.0,0.7971177662688583,0.23906810035842285,0.8116926355040618,0.48084880636604765,0.11043017088980556,0.0,0.0,0.8571428571428572,0.0,0.44999999999999996,0.875,0.3125,1.0,0.0,0.0,0.0,0.0,0.0,0.6389701104613384,0.0,0.97676178464449,1.0,0.0,1.0,0.0,0.0,0.6818181818181819,0.0,0.0,0.0,0.0,0.0,0.0,0.8869349319474104,0.0,0.0,0.0,0.0,0.0,0.0,0.0,0.6176769169483032,0.9173372348207754,0.0,0.0,0.0,0.0,0.5,0.0,0.0,0.547423416986693,0.0,0.0,0.5842806594895731,1.0,0.0,1.0,0.0,0.0,0.7142857142857143,0.0,0.0,0.0,0.0,0.0,0.894047619047619,0.0,0.0,0.6666666666666667,0.0,0.0,0.0,0.0,0.0,0.9122609673790776,0.0,0.0,0.7862613981762918,0.0,0.4034021871202915,0.0,0.0,0.0,1.0,0.0,0.0,0.0,0.0,0.0,0.0,0.0,0.35571878279118563,0.96,0.05932932072227015,0.8003966822935449,0.40160642570281124,0.5142972211035038,0.15384615384615385,0.0,0.35769561478933787,0.0,1.0,0.0,0.41092679408582755,0.5437060781654542,0.0,0.43619167717528373,0.041396688264938586,0.25,0.83777633289987,0.3331924783435454,0.3737950731881471,1.0,1.0,0.1428571428571428,0.33721727210418084,0.12298387096774166,0.7959183673469388,0.0,0.0,0.7832140015910899,0.5714285714285714,0.4803863298662703,0.0,0.3999999999999999,0.0,1.0,0.33333333333333337,0.0,0.0,1.0,0.4736842105263158,0.0,1.0,0.2794060179757717,0.0,0.0,0.0,0.0,0.3853143418467583,1.0,0.9536060733867566,0.75,0.0,0.5,0.0,0.20000000000000018,0.1496702181633689,0.060381355932203506,0.0,0.48951048951048937,0.0,0.0,0.03606965174129362,0.625,0.24169068203650335,0.22857142857142865,0.25,0.24418604651162779,0.0,0.0,0.0,0.5,0.0,0.0,0.5,0.5185840707964602,0.0,0.6127659574468085,0.09995116392642034,0.24,1.0,1.0,0.17709213863060025,0.0,0.0,0.0,1.0,0.061514195583596276,0.3798882681564246,0.5,0.0,0.0,0.5,0.0,0.0,0.8744588744588745,0.0,0.0,0.37557392102846654,0.0,0.0,0.9465518967070363,0.0,0.9448177269478198,0.0,0.19999999999999996,1.0,0.5,0.5,0.0,0.7368421052631579,0.33333333333333337,0.8294930875576036,1.0,0.0,0.0,0.0,0.0,0.9769372693726938,0.0450387051372273,0.514005117919635,0.2068965517241378,0.7790277709990727,1.0,0.0,0.0,1.0,0.0,0.0,0.0,0.0,0.0,0.0,0.8718021417199189,0.0,0.38281972813322884,0.0,0.0,0.0,0.0,0.0,0.9360762436076244,0.9437285223367697,0.0,0.0,0.0,0.0,1.0,0.0,0.2420283892203251,0.0,0.0,0.0,0.8602453373388409,qsampled
0.0,0.0,0.0,0.0,0.0,0.75,0.0,0.0,0.0,0.0,0.6551724137931034,0.0,0.0,0.0,0.0,0.9159474671669794,0.0,0.68986020749972,0.0,0.0,0.0,0.0,0.25,0.7304464933181394,0.0,0.01915233197375399,0.0,0.0,0.8571428571428572,0.0,0.8102329539410701,0.0,0.0,0.0,0.0,0.0,0.0,0.6856356631810678,0.0,0.7371676757041327,0.0,0.0,0.3641088572872303,0.43038850912866666,0.0,0.4689871329594194,0.3461208744106299,0.0,0.0,0.0,0.0,0.0,0.0,0.7462102517097934,0.0,0.0,0.0,0.4878529218647406,0.434961106309421,0.8585034013605441,0.0,0.0,0.0,0.33333333333333337,0.0,0.5,0.1252956383037237,0.0,0.0,0.21313506815365546,0.8571428571428571,0.4110371075166508,0.6826923076923077,0.5714285714285714,0.4585987261146497,0.0,0.7966573816155988,0.19354838709677413,0.0,0.0,0.005671769226078038,0.37229987293519695,0.0,0.0,0.0,0.0,0.0,0.46656731246895167,1.0,1.0,0.6666666666666667,0.06882022471910121,0.11111111111111116,0.07894736842105265,0.584055459272097,0.0,0.0,0.0,0.5291095890410958,0.10565593087195613,0.125,0.24488798812927515,0.20952735392631183,0.33333333333333337,0.3390323754092397,0.31047694543532833,0.0,0.0,0.19999999999999996,0.0,0.570613261388399,1.0,0.07906244533846407,0.4444444444444444,0.6041521109891206,0.8955468238375901,0.0,0.0,0.0,0.0,0.5,0.625,0.33333333333333337,0.75,0.0,0.4430752745780875,0.6826923076923077,0.0,0.4285714285714285,0.0,0.6404184663468844,0.6063011208724629,0.5286654135338346,0.41961613868537806,0.0,0.5376322213181448,0.0,0.0,0.0,0.5497395187298437,0.7290969899665551,0.573751948117239,0.048151505993754284,0.0,0.11111111111111116,0.0,0.0,0.0,0.5625,0.40407073740407073,0.5,0.6666666666666667,0.0,0.0,0.0,0.0,0.7250433172287976,0.0,0.0,0.3586158517121838,0.0,0.0,0.0,0.15999999999999992,0.0,0.0,0.529071706503613,0.0,0.5714285714285714,0.0,0.567687777986594,0.9457914065011348,0.4387782539561347,0.0,0.0,0.0,0.0,0.0,0.0,0.0,0.0,0.0,0.0,0.0,0.0,0.0,0.17687210734858327,0.022625225497286294,0.0,0.0,0.0,0.0,0.0,0.0,0.0,0.0,0.0,0.0,0.0,0.0,0.0,1.0,0.0,0.0,0.0,0.0,0.9240719910011248,0.0,0.8427225130890053,0.0,0.0,0.0,0.0,0.0,0.7919441801458929,0.0,0.5953632347725148,0.0,0.0,0.0,0.33333333333333326,0.6996644295302015,0.0,0.0,0.0,0.0,0.0,0.0,0.801500223914017,0.0,0.957680250783699,0.0,0.0,0.037690839694656475,0.40619793402199267,0.0,0.7471383975026015,0.3383202099737532,0.23076923076923073,1.0,0.0,0.5763273539370364,0.0,0.2659768715763845,0.6505361561726698,0.0,0.0,0.0,0.7894312222670432,0.6948051948051948,0.85,0.0,0.0,0.2029734970911441,0.5,1.0,1.0,0.0,0.5,0.11111111111111116,0.0,1.0,0.0,0.6689655172413793,0.6666666666666667,0.0,0.0,0.6264185201997277,1.0,0.0,0.0,0.0,0.3431763766959298,0.0,0.0,0.0,0.1428571428571428,1.0,0.8044812768569675,0.5,1.0,1.0,0.19354838709677402,0.0,0.0,0.5636653024101865,0.0,0.5959752321981424,0.7266086415915449,0.0,0.9230769230769231,0.46475770925110127,0.3317904993909867,0.2727272727272728,0.0,0.0,0.5665024630541873,0.0,0.0,0.0,0.0,0.7391841779975279,0.0,0.2869888475836433,0.6666666666666667,0.6213486213486215,0.7965779467680608,0.0,0.0,0.0,0.0,1.0,0.8,0.0,0.44999999999999996,0.3529411764705882,0.0,0.6689655172413793,0.5,0.33333333333333326,0.5,0.7913769123783032,0.0,0.0,0.7656726533378515,0.0,0.9953542392566783,0.0,0.0,0.18360655737704923,0.2727272727272727,0.9748199490983918,0.8216080402010051,0.0,0.0,0.0,0.0,0.0,0.0,0.0,1.0,0.0,0.0,0.0,0.0,0.0,0.0,0.49672794398295617,0.0,0.43141964929137633,0.5428627560619914,0.0,0.0,0.0,0.13636363636363646,0.0,0.0,0.0,0.0,0.6428571428571428,0.0,0.0,1.0,0.5657586937750215,0.0,0.0,0.0,0.0,0.0,0.0,0.0,0.0,0.0,0.0,0.0,0.0,0.0,0.7678977913582019,0.7195065778386941,0.0,0.0,0.3295774647887324,1.0,0.0,0.0,0.0,0.0,0.0,0.0,0.0,0.0,0.0,0.7785359801488834,0.0,0.0,0.0,0.0,0.8780903665814151,0.0,0.9688443103142198,0.0,0.0,0.0,0.0,0.33333333333333326,0.7702335687126561,0.262496166819994,0.0,0.0,0.0,0.5454545454545454,0.0,0.8931799506984388,0.0,0.0,0.0,0.0,0.0,0.0,0.9438832772166106,0.19999999999999996,0.4185673556664291,0.1458885941644562,0.0,0.5322391559202813,0.7692307692307692,1.0,0.31271878646441076,0.1660156250000001,0.0,0.0,0.0,0.0,0.0,0.0,0.9550503477628984,0.0,0.0,0.0,0.2927525883612996,0.25,1.0,0.0,0.0,0.0,0.0,0.0,0.0,0.12765957446808518,0.0,0.0,0.33020683020683017,0.8,0.6892366656020441,1.0,0.0,1.0,0.0,0.6666666666666666,0.0,0.0,1.0,0.40383795309168447,0.0,0.0,0.0,0.4018691588785047,0.0,0.0,0.0,0.5,0.8108465608465609,0.5,0.0,0.0,0.42800199302441466,0.21504237288135586,0.33333333333333337,0.0,0.0,0.0,0.0,0.0,0.0,0.5714285714285714,0.25,0.0,0.08408071748878931,1.0,0.0,0.44444444444444453,0.0,0.35584958217270213,0.5,0.009762900976290179,0.4285714285714285,0.2213114754098361,0.35503344754446076,0.0,1.0,1.0,0.0,0.0,0.33333333333333337,1.0,0.0,0.2570977917981073,1.0,1.0,0.0,1.0,0.5,0.90751062824752,0.6923076923076923,0.5734632683658172,0.8271432100798815,0.0,0.0,0.0,0.6020230205790025,0.0,0.6812652068126521,0.8218012866333095,0.3884492857876889,0.17333333333333356,1.0,0.5,0.5,0.0,0.0,0.6714285714285714,0.23024523160762944,1.0,0.0,0.0,0.0,0.0,0.0,0.0,0.7962404208165336,0.6666666666666667,0.7053511401835196,0.6666666666666667,0.0,0.0,0.33333333333333326,0.0,0.0,0.0,1.0,0.0,0.0,0.0,0.9871974581814784,0.22707822564680447,0.0,0.0,0.0,0.0,0.0,0.0,0.0,0.0,0.0,0.0,0.0,0.5,0.0,0.0,0.33186464575255537,0.0,0.0,0.0,qsampled
0.0,0.0,0.8464342674868991,0.0,0.0,0.6666666666666667,0.0,0.0,0.8377273656243613,0.777683752417795,0.0,0.5991851600358036,0.0,0.0,0.0,0.0,0.0,0.0,0.0,0.0,0.0,0.0,0.0,0.0,0.005346380662303418,0.0,0.0,0.0,0.8571428571428572,0.0,0.8441762854144805,0.884327120779996,0.0,0.8571428571428572,0.0,0.8259438601800712,0.0,0.0,0.12962962962962954,0.9197686351338744,0.0,0.0,0.3641088572872303,0.33749429136854936,0.0,0.0,0.2155029987552336,0.0,0.0,0.2828190158465387,0.0,0.0,0.0,0.38820591001978655,0.0,0.0,0.4250625661136769,0.0,0.39152981849611057,0.0,0.0,0.4149681528662421,0.0,1.0,0.0,0.0,0.0,0.0,0.6794265232974911,0.0,0.1428571428571428,0.0,0.0,0.0,0.14035087719298245,0.0,0.0,0.0,0.0,0.5714285714285714,0.5294474557074671,0.0,0.6428571428571428,1.0,0.7712522851919561,0.0,0.5,0.5541965130423031,0.5714285714285714,0.0,0.0,0.9578651685393258,0.75,0.17391304347826086,0.5658248253627083,1.0,0.5157620041753653,0.0,0.8069963811821472,0.37761640324647594,0.0,0.0,0.08319467554076543,0.5,0.0,0.33913148517243474,0.0,0.0,0.19999999999999996,0.0,0.053160738971974264,0.0,0.014105058365758372,0.33333333333333326,0.5303324808184143,0.0,0.6209987195902689,1.0,0.0,0.0,0.5,0.625,0.33333333333333337,0.75,1.0,0.44307527457808726,0.0,0.0,0.0,0.0,0.4475730801917803,0.0,0.9215225563909775,0.0,0.4722222222222222,0.0,0.6666666666666667,0.03314803376569908,0.0,0.7769465809714466,0.42182751755213244,0.0,0.0,0.8888888888888888,0.11111111111111116,0.8333333333333334,0.3076923076923077,0.5851449275362319,0.0,0.0,0.0,0.0,0.0,0.0,0.0,0.0,0.0,0.9935264976478915,0.0778310187065161,0.5283590515619119,0.33333333333333326,0.0,0.0,0.0,0.0,0.0,0.0,0.206896551724138,0.0,0.9,0.0,0.0,0.47881188627338933,0.0,0.0,0.0,0.0,0.0,0.0,0.0,0.0,0.0,0.0,0.0,0.0,0.0,0.0,0.053336070020085447,0.6666666666666667,0.5474404460212874,0.05793070565797842,0.0,0.0,0.6666666666666667,0.0,0.0,0.0,0.0,0.0,0.5,0.9510734929810074,0.0,0.6145512000601911,0.0,0.0,0.0,0.0,0.0,0.0,0.0,0.0,0.0,0.0,0.0,0.0,0.0,0.0,0.0,0.0,1.0,0.33333333333333326,0.6977832011389059,0.8291605301914581,0.0,0.6666666666666667,0.0,0.8904434773225911,0.0,0.0,0.861322842389968,0.8328840970350404,0.0,0.0,0.0,0.14111922141119215,0.0,0.0,0.4189944134078213,0.0,1.0,0.22165605095541396,0.5763273539370364,0.0,0.0,0.5763078253350628,0.0,0.0,0.31263048016701445,0.0,0.6000000000000001,0.2571428571428571,0.20429407937540678,1.0,0.19318905155951616,1.0,1.0,0.0,0.05695570112135029,0.5,0.8997955010224948,0.5149253731343284,0.0,0.13123236124176862,0.0,0.0,0.0,0.0,0.0,0.0,0.0,0.8571428571428571,0.7463388724485924,0.0,0.625,1.0,0.9540816326530612,0.1428571428571428,0.0,0.44515052823893875,0.5,0.0,0.0,0.967741935483871,1.0,0.32515831276161855,0.0,0.6875,0.2853678253839935,0.2014299036369287,0.941747572815534,0.49425287356321845,0.0,0.0,0.0,0.9166666666666666,0.11917836078909905,0.5647279549718576,0.0,0.0,0.5,0.0,0.0,0.0,0.22569444444444442,0.33333333333333337,0.8842478842478843,0.41002277904328,0.8993148298687725,0.375,0.0,0.0,1.0,0.8,0.0,0.9,0.8235294117647058,0.0,0.0,0.5,0.0,0.5,0.676110884631064,0.0,0.7571428571428571,0.0,0.37037037037037035,0.0,0.6470588235294118,0.7962170682278766,0.3720430107526882,1.0,0.7227868610988363,0.1670611278870482,0.0,0.9090909090909091,0.0,1.0,0.65,0.25,0.30487804878048785,0.0,1.0,0.0,0.0,0.0,0.0,0.0,0.0,1.0,1.0,0.6895909853911482,0.5,0.0,0.0,0.0,0.0,0.0,0.8567375886524823,0.375,0.0,0.6666666666666666,0.0022881113547525977,0.0,0.17113312424308313,0.0,0.0,0.0,0.0,0.0,0.0,0.0,0.0,0.0,0.0,0.0,0.0,0.0,0.0,0.6311805125093969,1.0,0.4678430362356175,0.0,1.0,0.0,0.7583892617449665,0.0,0.0,0.0,0.0,0.0,0.8547770700636943,0.7067113712564641,0.0,0.48642779587404983,0.0,0.0,0.0,0.0,0.0,0.0,0.0,0.0,0.0,0.0,0.0,0.0,0.25374732334047123,0.3882552778451832,0.0,0.0,0.5454545454545454,0.0,0.8676743569345001,0.9200241740531829,0.0,1.0,0.0,0.6318559232838266,0.0,0.0,0.8968609865470852,0.5790197764402407,0.0,0.0,0.5292961069602831,0.3076923076923076,0.0,0.0,0.39188102893890686,0.0,0.0,0.2903694290641735,0.0,0.0,0.43619167717528373,0.13123567777190193,0.0,0.0,0.7861080485115766,0.0,0.0,0.0,0.0,0.6051446945337621,0.0,0.44217687074829926,0.0,0.0,0.0234375,0.0,0.4615086666021109,0.0,0.19999999999999996,0.0,1.0,0.33333333333333337,0.41176470588235303,0.0,0.0,0.2857142857142857,0.0,0.0,0.0,0.0,0.0,1.0,0.5738498789346247,0.0,1.0,0.7365765765765766,0.375,0.0,0.5,0.6559934318555007,0.68,0.0,0.060381355932203506,0.0,0.5257192676547515,0.4880319148936171,0.5882352941176471,0.03606965174129362,0.625,0.30312868949232585,0.5714285714285714,0.25,0.0,0.016172506738544645,1.0,0.0,0.0,0.0,0.547945205479452,0.5,0.20174482006543093,0.4285714285714285,0.0,0.0,0.24,1.0,1.0,0.0,0.0,0.33333333333333337,1.0,0.0,0.16561514195583604,1.0,1.0,0.0,0.0,0.5,0.015863859244303558,0.0,1.0,0.6111204717775907,0.7777777777777778,0.3498995983935743,1.0,0.0,0.0,0.8076448828606658,0.16840600428877772,0.0,0.0,1.0,0.5,0.5,0.29268292682926833,0.26315789473684204,0.0,0.047235023041474644,0.0,0.0,0.0,0.0,0.0,0.0,0.04604569420035154,0.838135112120352,0.22413793103448265,0.028045105472927045,0.0,0.0,0.0,0.0,0.0,0.0,0.8767123287671232,0.0,0.0,1.0,0.0,0.0,0.47021204346513734,0.0,0.0,0.0,0.0,0.0,0.0,0.0,0.0,0.0,0.0,0.0,0.0,0.0,0.2420283892203251,0.5000384644972691,0.0,0.7656992949663879,0.6220735785953178,qsampled
0.0,0.0,0.8361986628462273,0.0,0.0,0.0,0.0,0.8503937007874016,0.0,0.0,0.0,0.0,0.7638907647011156,0.8161413562559694,0.0,0.0,0.0,0.0,0.0,0.0,0.0,0.41691248770894784,0.33333333333333326,0.0,0.0,0.12325955016065693,0.7833037300177619,0.14924452667283383,0.0,0.0,0.0,0.0,0.0,0.0,0.0,0.0,0.0,0.0,0.0,0.7544507450876962,0.6372106041824943,0.5769230769230769,0.3641088572872303,0.38636363636363635,0.0,0.6853426713356678,0.2273987302155055,0.0,0.0,0.6265841438255231,0.3513713862120088,0.0,0.6446776611694154,0.9314787611702778,0.0,0.0,0.0,0.4986111111111111,0.11418803418803403,0.0,0.0,0.0,0.4067796610169492,0.0,0.0,0.5,0.1252956383037237,0.22222222222222232,0.4378675628198274,0.27289360534260365,0.0,0.305334150827713,0.0,0.0,0.6666666666666667,0.0,0.7354758961681088,0.0,0.06201550387596888,0.5714285714285714,0.010859301227573281,0.0,0.6428571428571428,1.0,0.0,0.4014978834255942,0.0,0.08965568089655673,0.8,0.0,0.0,0.6763888888888888,0.75,0.0,0.8181818181818181,0.0,0.0,0.13217325155707693,0.0,0.5483110761979576,0.0,0.9060469765117442,0.8333333333333333,0.5,0.5230213311574776,0.5956533227639054,0.0,0.0,0.0,0.0,0.7763363900693357,1.0,0.0,0.0,0.0,0.0,0.0,0.875,0.0,0.35320871651339447,0.0,0.5,0.0,0.75,0.0,0.6666666666666667,0.7483870967741936,0.25,0.0,0.0,0.8569878236711306,0.17611122814409108,0.0,0.641869129245769,0.0,0.6041544477028347,0.0,0.5543531128404668,0.5304015552725079,0.18483829650976635,0.6054183266932271,0.452410770194114,0.03024517684887451,0.4444444444444444,0.11111111111111116,0.875,0.3076923076923077,0.4542682926829269,0.0,0.0,0.5,0.791044776119403,0.0,0.0,0.0,0.0,0.0,0.0,0.0,0.7080447838659449,0.0,0.0,0.31892447095902743,0.0,0.0,0.9043865425631248,0.0,0.0,0.0,0.0,0.3442735042735041,0.3884364820846906,0.6558167790938546,0.0,0.0,0.0,0.0,0.0,0.5998731956574886,0.4699518979034747,0.0,0.0,0.0,1.0,0.0,0.8971061093247589,0.0,0.7033277181783255,0.6666666666666667,0.0,0.0,0.0,0.0,0.8888888888888888,0.0,0.0,0.5795454545454546,0.0,0.5212121212121212,0.0,0.0,0.0,0.0,0.913323782234957,0.7435897435897436,0.0,0.0,0.0,0.0,0.0,0.0,0.0,0.7142857142857143,0.0,0.0,0.0,0.0,0.6206896551724137,0.0,0.0,0.0,0.0,0.0,0.0,0.0,0.0,0.0,0.0,0.0,0.0,0.9693486590038314,0.6882196634189548,0.6560415122312824,0.0,0.2558380902957966,0.0,0.9516530394596516,0.8125689084895259,0.0,1.0,0.6401856401856402,0.6336147795338097,0.0,0.0,0.6910994764397906,0.0,0.0,0.4540540540540542,0.3865997850232892,0.5121951219512195,0.0,0.0,0.0,0.0,0.0,1.0,1.0,0.0,0.0,0.704225352112676,0.529262086513995,0.0,0.8259013282732448,0.0,0.0,0.0,0.0,0.6226522481502561,0.0,0.5672043010752688,0.8571428571428571,0.2559652928416486,0.0,0.625,0.0,0.1435684647302905,0.5238095238095237,1.0,0.38578088578088554,1.0,0.0,0.0,0.0,1.0,0.6579907695610174,0.6212795875322241,0.0,0.5824,0.0,0.4077669902912622,0.3350923482849605,0.6296296296296295,1.0,0.6363636363636365,1.0,0.7137566137566138,0.45590994371482185,0.0,0.0,0.0,0.0,0.8836313617606603,0.0,0.21063394683026604,0.33333333333333337,0.0,0.005331302361005319,0.0,1.0,0.0,0.3343151693667157,0.0,0.8,0.0,0.44999999999999996,0.0,0.7905156537753223,1.0,0.0,0.0,1.0,1.0,0.0,0.2857142857142857,0.8237822349570201,0.0,0.8436363636363636,0.0,0.7959094865100087,0.0,0.7627118644067796,0.4809222391173662,0.9309355692850838,0.0,0.6363636363636364,0.0,1.0,0.65,0.25,0.625,0.0,0.0,0.8656716417910448,0.0,0.0,0.0,0.0,0.0,0.0,0.909834724267714,0.8912249112958746,0.0,0.0,0.40716281135670285,0.0,0.0,0.8914254238325479,0.8826429980276134,0.0,0.0,0.0,0.0,0.8585266121464004,0.7428810980343447,0.0,0.0,0.0,0.0,0.0,0.5633032118841641,0.5152053506113492,0.0,0.0,0.0,1.0,0.0,0.9219097995545658,0.0,0.9666211737180737,1.0,0.0,0.0,0.0,0.0,1.0,0.0,0.0,0.7142857142857143,0.0,0.7189009661835748,0.0,0.0,0.0,0.0,0.5151033386327504,0.564289180009704,0.0,0.0,0.0,0.0,0.0,0.0,0.0,0.0,0.0,0.0,0.25374732334047123,0.38834951456310696,0.8842925659472423,0.7650004724558254,0.0,0.0,0.0,0.0,0.0,0.0,0.0,0.0,0.0,0.0,0.4625,0.35204960385807804,0.44031830238726777,0.7986270022883296,0.5477880939377391,0.7692307692307692,0.0,0.5798319327731092,0.21616871704745155,0.6666666666666667,0.0,0.683116025746823,0.4307692307692309,0.0,0.43767243541509915,0.37181082762912265,0.0,0.0,0.6959459459459459,0.5699831365935919,0.7254901960784315,0.2857142857142857,0.0,0.0,0.33922025991336224,0.9079754601226994,0.0,0.0,0.1187010078387456,0.5714285714285714,0.4836916776363902,0.11280898876404499,0.0,0.13404507710557523,1.0,0.33333333333333337,0.41176470588235303,0.0,1.0,0.2857142857142857,0.0,1.0,0.21858611285924068,0.0,0.0,0.0,0.17947494033412859,0.4183475562451512,0.0,0.029595375722543338,0.6,0.0,0.5,0.10251688152240634,0.42000000000000004,0.1496702181633689,0.060381355932203506,0.33333333333333337,0.0,0.0,1.0,0.6666666666666667,0.0,0.4120458891013382,0.7142857142857142,0.0,0.9827586206896551,0.81292984869326,1.0,0.0,0.6666666666666667,0.0,0.5871687587168759,0.5,0.0,0.0,0.1646795827123696,0.0,0.0,0.0,1.0,0.2862780813600485,0.0,0.0,0.0,1.0,1.0,0.0,0.0,0.6666666666666666,0.0,0.0,0.6525448097383303,0.6923076923076923,0.0,0.8002579397065935,0.44444444444444453,0.8740814299900695,0.0,0.0,0.695626183122447,0.0,0.9536519386834986,0.0,0.17333333333333356,0.0,0.5,0.0,0.29268292682926833,0.0,0.0,0.0,1.0,0.6923076923076923,0.0,0.0,0.0,0.0,0.0450387051372273,0.8573118688469177,0.6666666666666667,0.965402991085321,0.0,0.0,0.7540518638573743,0.0,0.0,0.7496234503533774,0.7387816154473756,0.0,0.5,0.0,0.0,0.4872441827866555,0.48353740253411304,0.0,0.0,0.0,0.0,0.0,0.9236363636363636,0.3590626087629064,0.0,0.0,0.0,1.0,0.5,1.0,0.2420283892203251,0.4937675359919047,0.0,0.0,0.0,qsampled
0.0,0.5238095238095237,0.0,0.0,0.75,0.0,0.0,0.0,0.0,0.0,0.0,0.5445302968686458,0.7761246280413093,0.0,0.0,0.0,0.0,0.0,0.0,0.0,0.0,0.0,0.33333333333333326,0.0,0.0,0.0,0.6108528880866425,0.0,0.2857142857142857,0.77227200843437,0.0,0.0,0.0,0.0,0.0,0.0,0.0,0.0,0.0,0.0,0.5069935217903416,0.5769230769230769,0.05355404089581306,0.0,0.25,0.4679338842975207,0.14948356216148118,0.0,0.0,0.28205128205128194,0.0,0.0,0.9570214892553723,0.49921764982005956,0.0,0.0,0.6837014493627024,0.6749931625490018,0.0,0.04973357015985802,0.0,0.0,0.4067796610169492,0.7142857142857143,0.8,0.0,0.0,0.33333333333333337,0.32217604835663016,0.1853149770546516,0.5714285714285714,0.3673265346930613,0.0,0.5714285714285714,0.0,0.0,0.0,0.0,0.2666666666666666,0.0,0.7172845020098257,0.0,0.0,0.0,0.2779385420972853,0.6346466948876588,0.0,0.11190840925582524,1.0,0.0,0.0,0.40161725067385456,0.0,0.0,0.0,0.8947368421052632,0.0,0.0,0.0,0.4849346219442866,0.125,0.5892984851440088,0.009763424708974844,0.7333333333333334,0.5628910636932456,0.0,0.75,0.0,0.19999999999999996,0.0,0.0,0.7777777777777778,0.0,0.0,0.1718464351005483,0.8969555035128806,0.0,1.0,0.6666666666666667,0.0,0.0,0.0,0.33333333333333337,0.8571428571428572,1.0,0.36543029417138684,0.7483870967741936,1.0,0.0,0.0,0.2827867937585107,0.0,0.5621403912543153,0.3905751905751905,0.41666666666666663,0.6377474081055607,0.0,0.5566294919454771,0.4940671716833144,0.0,0.20442839696277793,0.07486028679114498,0.29381965552178324,0.0,0.7777777777777778,0.0,0.0,1.0,0.0,0.7061574434918161,0.0,0.0,0.0,0.0,0.0,0.0,0.8977953942411636,0.7617416600197062,0.5624082232011747,0.49209222353615456,0.0,0.0,0.6692087926801247,0.16000000000000003,0.0,0.0,0.0,0.206896551724138,0.16666666666666663,0.0,0.5233255633255633,0.0,0.6392464481672334,0.0,0.0,0.0,0.0,0.0,0.0,0.0,0.0,0.0,0.0,0.0,0.0,0.0,0.0,0.022858685740194784,0.6666666666666667,0.0,0.0,0.0,0.5741935483870968,0.0,0.0,0.65,0.0,0.0,0.0,0.0,0.0,0.0,0.61901957897836,0.8214611872146118,0.0,0.0,0.0,0.0,0.0,0.0,0.0,0.0,0.0,0.0,0.0,0.4098360655737705,0.0,0.6666666666666667,0.0,0.25,0.9166666666666666,0.0,0.0,0.0,0.0,0.0,0.0,0.0,0.0,0.0,0.19435736677115978,0.4472984942426924,0.6560415122312824,0.04523809523809519,0.0,0.0,0.7589743589743589,0.0,0.0,1.0,0.1896032144650931,0.5752257132538822,0.0,0.9592209373097992,0.7823067632850241,0.0,0.0,0.8713052576510594,0.2732558139534883,0.06493506493506473,0.2571428571428571,0.0,0.0,0.24232851985559567,0.0,1.0,0.0,0.05695570112135029,0.2500000000000001,0.5,0.23542116630669574,0.5,0.0,0.0,0.11111111111111105,0.9594034797017399,0.0,0.0,0.0,0.5672043010752688,0.0,0.0,0.0,0.0,0.0,0.0,0.6666666666666666,1.0,0.38506248183667524,1.0,0.0,0.0,0.19354838709677402,0.0,0.0,0.6190476190476191,0.9375,0.5959752321981424,0.17033158813263505,0.0,0.0,0.46475770925110127,0.45482248971506933,0.4545454545454546,1.0,0.980272523896685,0.0,1.0,0.0,0.0,0.0,0.3736120182887004,1.0,0.22593320235756376,0.33333333333333337,0.6714697406340058,0.6631205673758865,0.0,0.375,1.0,0.5652173913043479,0.0,0.0,0.0,0.0,0.0,0.0,1.0,0.5,0.0,1.0,0.635152944440591,0.0,0.0,0.0,0.5555555555555556,0.7887972841901068,0.0,0.791358505254963,0.8965424095083738,0.0,0.5626392277500796,0.0,0.1991525423728815,0.0,0.8571428571428572,0.0,0.44999999999999996,0.875,0.625,0.9318181818181818,1.0,0.0,0.0,0.0,0.0,0.0,0.854220600769482,0.13053964425685882,0.009815377424631788,0.6298808071470247,0.0,0.0,0.839907192575406,0.13636363636363646,0.0,0.0,0.8320384757676655,0.375,0.1724137931034483,0.0,0.9578238777953979,0.0,0.712759314507736,0.0,0.0,0.0,0.0,0.0,0.0,0.0,0.0,0.0,0.0,0.0,0.0,0.0,0.0,0.9266331475868078,1.0,0.0,0.0,1.0,0.8718730933496034,0.0,0.0,1.0,0.0,0.0,0.0,0.0,0.0,0.0,0.894047619047619,0.7778799959112747,0.0,0.0,0.0,0.0,0.0,0.0,0.0,0.0,0.23181818181818192,0.0,0.0,0.0,0.35620102471368287,0.5794261721483555,0.0,0.0,0.75,0.0,0.0,0.0,0.0,0.0,0.0,0.0,0.7110125646711013,0.5,0.0,0.4110233258088788,0.4444893015744853,0.24852304056715258,0.15384615384615385,0.09090909090909083,0.33193277310924374,0.0,0.0,0.0,0.40704845814977986,0.0,0.0,0.9717741935483871,0.0,0.25,0.0,0.3331924783435454,0.8324664659184232,0.2932692307692307,0.0,0.0,0.0,0.43611953226504985,0.9079754601226994,0.8,0.0,0.08591331269349867,0.5714285714285714,0.5283875851627555,0.11493050366163471,0.6,0.6969157769869514,1.0,0.0,0.41176470588235303,0.0,0.0,0.2857142857142857,0.0,1.0,0.46200873362445405,0.0,0.0,0.0,0.0,0.4232851985559568,0.0,0.14666981577704297,0.6,0.0,0.5,0.7800586510263929,0.7095435684647302,0.8067729083665339,0.060381355932203506,0.5,0.0,0.0,0.0,0.3276157804459692,0.0,0.789712556732224,0.1986062717770034,0.0,0.8688524590163935,0.0,0.0,0.0,0.44444444444444453,0.0,0.0,0.0,0.20707964601769913,0.0,0.0021186440677966045,0.2786284953395475,0.0,1.0,0.0,0.0,0.0,0.0,1.0,1.0,0.9022082018927444,1.0,0.0,0.0,0.0,0.0,0.0,0.0,0.6514644351464435,0.645710976921168,0.0,0.0,0.0,0.0,0.0,0.6208677685950413,0.0,0.964017185821697,0.6052631578947367,1.0,0.5,0.5,0.0,0.7368421052631579,0.0,0.5429155313351499,0.0,0.0,0.0,0.0,0.0,0.0,0.6467276565798734,0.5690441780724871,0.6724137931034482,0.8632686462473697,0.0,0.0,0.46844291062236787,0.33333333333333326,0.0,0.0,0.8768974145120935,0.0,0.5,0.0,0.8280044787260512,0.0,0.4781430858268687,0.0,0.0,0.0,0.0,0.0,0.0,0.0,0.0,0.0,0.0,0.0,0.5,0.0,0.25952233889232035,0.0,0.0,0.0,0.0,qsampled
0.5714285714285714,0.0,0.0,0.0,0.0,0.0,0.0,0.8503937007874016,0.0,0.6885213211448242,0.8346857378627424,0.0,0.0,0.5756735340729002,0.0,0.0,0.8888888888888888,0.0,0.0,0.0,0.0,0.0,0.0,0.0,0.03986054318171495,0.13438910678605787,0.7014608920491273,0.0,0.2857142857142857,0.0,0.7825172724541904,0.0,0.0,0.0,0.0,0.0,0.0,0.49993979167921,0.0,0.07069219440353447,0.0,0.5769230769230769,0.0,0.0,0.0,0.464659903542325,0.0,0.0,0.0,0.0,0.0,0.0,0.9388869921474906,0.5215590903115551,0.0,0.0,0.9143940762145566,0.0,0.38483547925607997,0.0,0.6294695481335952,0.0,0.40353460972017663,1.0,0.0,0.0,0.1252956383037237,0.22222222222222232,0.6359384836765896,0.0,0.5714285714285714,0.8196321582834053,1.0,0.0,0.14035087719298245,0.0,0.3501350135013501,0.0,0.2666666666666666,0.0,0.0,0.31327762302692674,0.0,0.0,0.3546595065043283,0.0006880959402341125,0.5,0.0,0.6734693877551021,0.0,0.0,0.08683068017366125,0.0,0.17391304347826086,0.5658248253627083,0.0,1.0,0.21148974973825518,0.3727382388419783,0.39468482319349885,0.125,0.8697830544348171,0.012653516933383013,0.33333333333333337,0.6171741563107369,0.0,0.0,0.0,0.19999999999999996,0.0,0.6395514587094935,0.11111111111111116,0.2422338568935425,0.11111111111111105,0.0,0.4570491803278689,0.5302445302445302,0.0,0.0,0.0,0.5,0.5,0.6666666666666667,0.8571428571428572,1.0,0.10463215258855585,1.0,0.25,0.0,0.0,0.6740715143736322,0.9252067381316998,0.39144736842105254,0.0,0.7222222222222222,0.0,0.0,0.4018086276426739,0.9384872055987693,0.6268043409545886,0.3548137978376521,0.2616750445921844,0.28468468468468466,0.8888888888888888,0.11111111111111116,0.7916666666666666,1.0,1.0,0.6078767123287672,0.0,0.5,0.0,0.0,0.0,0.0,0.0,0.0,0.7129772419271928,0.49841436246887694,0.0,0.0,0.0,0.5730134496065689,0.16000000000000003,0.0,0.9040789191507613,0.5142146794941088,0.206896551724138,0.16666666666666663,0.0,0.674063272681164,0.3524933840105421,0.0,0.0,0.0,0.0,0.0,0.0,0.0,0.0,0.0,0.0,0.6666666666666667,0.0,0.0,0.0,0.8293830602997561,0.3463328481954505,0.6666666666666667,0.5474404460212874,0.8708327540664536,0.0,0.0,0.0,0.0,0.0,0.0,0.0,0.5212121212121212,0.0,0.7326787512588117,0.6525514008735485,0.0,0.0,0.7435897435897436,0.0,0.0,0.7142857142857143,0.0,0.0,0.0,0.0,0.0,0.0,0.0,0.0,0.5477400249376558,0.6206896551724137,0.0,0.0,0.33333333333333326,0.6967965721281371,0.0,0.0,0.0,0.0,0.0,0.0,0.45696400625978095,0.0,0.2717086834733895,0.0,0.6560415122312824,0.6845238095238095,0.0,0.0,0.7793287793287793,0.0,0.23076923076923073,1.0,0.0,0.5755935628202352,0.0,0.9592209373097992,0.5354702657106705,0.0,0.0,1.0,0.0,0.6000000000000001,0.0,0.7485254691689008,0.0,0.0,0.75,1.0,0.0,0.0,0.0,1.0,0.33673469387755106,1.0,0.9868297271872061,1.0,0.1428571428571429,0.0,0.0,0.21996879875195008,0.4098360655737705,0.5625,0.0,0.0,0.3462555066079296,0.0,0.0,0.6268600489734413,0.0,0.0,0.0,0.0,0.0,0.0,0.19354838709677402,1.0,0.32063223257126716,0.6325602546612097,0.0625,0.8026124818577649,0.6053906723198061,0.9606060606060606,0.49425287356321845,0.46475770925110127,1.0,0.4545454545454546,0.0,0.0,0.0,0.0,0.0,0.0,0.0,0.9305019305019305,0.0,0.6622691292875988,0.0,0.6213486213486212,0.41091797935904395,0.38034236481124595,0.875,0.0,0.0,1.0,0.8,1.0,0.0,0.8823529411764706,0.2794263105835805,1.0,0.0,0.0,1.0,0.8960406373947534,1.0,0.7857142857142857,0.6101281269066504,0.7777777777777778,0.0,0.0,0.5671609245529874,1.0,0.5252879318978467,0.5627099466072628,0.0,0.2784491440080564,0.9090909090909091,0.0,1.0,0.65,0.875,0.0,0.0,0.0,0.0,0.0,0.0,0.0,0.0,0.0,0.805408583186361,0.0,0.0,0.0,0.0,0.7568286581948082,0.13636363636363646,0.0,0.8915547729107052,0.0,0.375,0.1724137931034483,0.0,0.623632088461457,0.5709362435381965,0.0,0.0,0.0,0.0,0.0,0.0,0.0,0.0,0.0,0.0,0.5,0.0,0.0,0.0,0.8748800414991571,0.0,1.0,0.41385503979714033,0.8987905792488861,0.0,0.0,0.0,0.0,0.0,0.0,0.0,0.2864335408275357,0.0,0.7048334384496302,0.7595665424991533,0.0,0.0,0.5114068441064639,0.0,0.0,0.7647058823529411,0.0,0.0,0.0,0.0,0.3317073170731707,0.0,0.0,0.262496166819994,0.0,0.8867286559594252,0.0,0.0,0.0,0.8682602921646747,0.0,0.0,0.0,0.0,0.0,0.0,0.9692796610169492,0.0,0.863456577815993,0.0,0.5348516218081434,0.0,0.15384615384615385,0.0,0.2925278219395867,0.34788867562380044,0.0,0.0,0.0,0.0,0.0,0.9716687422166874,0.12295081967213117,0.0,0.0,0.6016873889875667,0.0,1.0,0.2857142857142857,0.1428571428571428,0.0,0.43611953226504985,0.803921568627451,0.0,0.0,0.0,0.5714285714285714,0.8143939393939393,0.0,0.3999999999999999,0.577131906739061,1.0,0.33333333333333337,0.41176470588235303,0.0,1.0,0.5,0.0,1.0,0.2818289318092235,0.0,0.0,0.0,0.0,0.2364931237721023,1.0,0.06409001956947169,0.8,0.0,0.5,0.0,0.20000000000000018,0.0,0.02164502164502169,0.0,0.5056669572798604,0.0,1.0,0.03606965174129362,1.0,0.43552168815943726,0.5064935064935064,0.25,0.051724137931034475,0.0,1.0,0.0,0.5,0.0,0.36206896551724144,1.0,0.1628318584070796,0.2857142857142857,0.3821428571428571,0.13809168840849806,0.5,1.0,1.0,0.0,0.0,0.0,0.0,1.0,0.0,0.3231197771587744,1.0,0.6666666666666666,0.0,0.0,0.13570761083999583,1.0,0.5375527426160338,0.5958732805335556,0.5555555555555556,0.22871125611745502,0.0,0.38662486938349017,1.0,1.0,0.0,0.6830570384939589,1.0,1.0,0.5,0.0,1.0,0.9375,0.7715909090909091,0.11714285714285722,1.0,0.0,0.0,0.0,0.0,0.0,0.04268077601410947,0.0,0.6724137931034482,0.0,1.0,0.0,0.3884281420460871,0.33333333333333326,0.0,0.8572399057689147,0.0,0.0,0.5,0.0,0.6912349369741424,0.6983762034775111,0.0,0.0,0.0,0.0,0.0,0.0,0.0,0.0,0.0,0.0,1.0,0.0,0.0,0.0,0.1516341923318667,0.671477307232036,0.0,0.7471304962034258,0.8224458698911254,qsampled
0.0,0.0,0.0,0.0,0.0,0.0,0.0,0.0,0.0,0.0,0.0,0.0,0.0,0.0,0.0,0.0,0.0,0.0,0.0,0.0,0.0,0.0,0.33333333333333326,0.0,0.0,0.11935658286023243,0.0,0.029322268326417822,0.0,0.0,0.0,0.0,0.0,0.8636363636363636,0.0,0.0,0.6976744186046512,0.26922150641218623,0.0,0.0,0.0,0.5769230769230769,0.2591496426766766,0.0,0.0,0.0,0.8860399780411405,0.0,0.0,0.28205128205128194,0.0,0.0,0.4755825087775295,0.47695358984529956,0.0,0.0,0.0,0.42406630072112794,0.4492254733218588,0.5547329455314649,0.6302410036315615,0.0,0.0,1.0,0.0,0.0,0.0,0.0,0.4378675628198274,0.2790939558534612,0.5714285714285714,0.0,0.0,0.5714285714285714,0.4585987261146497,0.0,0.0,0.3548387096774194,0.16455696202531644,0.0,0.5135042735042734,0.31327762302692674,0.0,0.18181818181818188,0.8785620547431571,0.028003784295175138,0.5,0.5176695319961797,1.0,0.5213082259663033,0.6666666666666667,0.6309696092619392,0.11111111111111116,0.17391304347826086,0.9061488673139159,0.0,0.9619952494061758,0.6172703622173304,0.9010989010989011,0.889743026575884,0.125,0.5016535485151135,0.2084115659031167,0.5,0.5318923375934979,0.5599647266313933,0.0,0.6666666666666667,0.19999999999999996,0.6666666666666667,0.4026418321771357,0.11111111111111116,0.0,0.11111111111111105,0.585930171964565,0.9370522006141249,0.5302445302445302,1.0,0.0,0.585883207136189,0.0,0.875,0.33333333333333337,0.0,0.0,0.18892746208660693,0.0,0.0,0.0,0.0,0.0,0.0,0.39144736842105254,0.12162162162162171,0.41666666666666663,0.6727471393450086,0.0,0.0,0.0,0.38820988304709725,0.0,0.0,0.8761174968071519,0.0,0.11111111111111116,0.0,0.1923076923076923,0.8760683760683761,0.0,0.0,0.5,0.0,0.0,0.0,0.0,0.0,0.0,0.0,0.5789940982921606,0.0,0.0,0.0,0.31892447095902743,0.76,0.0,0.8805062949943283,0.5303893085415456,0.0,0.16666666666666663,0.7,0.674063272681164,0.41960234398157636,0.6558167790938546,0.0,0.0,0.0,0.0,0.996663594685083,0.7661535347149835,0.0,0.0,0.0,0.0,0.0,0.0,0.0,0.8293830602997561,0.34854891188829495,0.0,0.9905385002516356,0.0,0.0,0.0,0.0,0.0,0.0,0.0,0.0,0.0,0.0,0.0,0.0,0.0,0.0,0.0,0.0,0.0,0.0,0.0,0.0,0.0,0.0,0.0,0.0,0.0,0.0,0.0,0.0,0.21212121212121204,0.0,0.33333333333333326,0.0,0.0,0.0,0.7619047619047619,0.0,0.0,0.5087719298245614,0.12613458528951482,0.0,0.0,0.0,0.6560415122312824,0.6475270039795339,0.0,0.0,0.0,1.0,0.0,1.0,0.1896032144650931,0.0,0.0,0.5771428571428572,0.355960788447349,0.0,0.0,0.0,0.7961829312207418,0.6233766233766234,0.7376644736842106,0.7338634237605239,0.0,0.2029734970911441,1.0,1.0,0.0,0.02021305654192851,0.5,1.0,0.5318066157760815,1.0,0.13123236124176862,0.0,0.0,0.6058201058201058,0.0,0.0,0.8524590163934427,0.5672043010752688,0.0,0.7253592953175707,0.33565288579615216,0.0,0.0,1.0,0.0,0.0,0.3675854680042856,0.5,1.0,1.0,0.6129032258064515,0.0,0.32063223257126716,0.5502695101945161,0.0625,0.9433962264150944,0.9336332958380202,0.9606060606060606,1.0,0.46475770925110127,0.5634618314795063,0.2727272727272728,0.9166666666666666,0.980272523896685,0.36996336996337,0.0,0.0,0.5,1.0,0.0,0.0,0.0,0.0,0.5025935025935026,0.7965779467680608,0.2623811905952975,0.375,0.0,0.5839469808541974,0.0,1.0,0.0,0.0,0.3529411764705882,0.7905156537753223,0.0,0.5,0.0,0.5,0.0,0.021739130434782705,0.7857142857142857,0.8805970149253731,0.5555555555555556,0.8158625247851949,0.0,0.0,0.3720430107526882,0.7627118644067796,0.0,0.17159425024501795,0.918429003021148,0.0,0.0,0.0,0.0,0.75,0.6,0.0,0.0,0.0,0.0,0.0,0.0,0.0,0.0,0.0,1.0,0.0,0.0,0.0,0.40716281135670285,0.8181818181818182,0.0,0.8915547729107052,0.0,0.0,0.1724137931034483,1.0,0.6208572586770778,0.0,0.7421042795739115,0.0,0.0,0.0,0.0,0.9954500737825873,0.7449738117245049,0.0,0.0,0.0,0.0,0.0,0.0,0.0,0.8749175906502846,0.0,0.0,0.9334215167548501,0.3258161316722742,1.0,0.0,0.0,0.0,0.0,0.0,0.0,0.0,0.0,0.0,0.0,0.0,0.0,0.0,0.0,0.0,0.0,0.0,0.0,0.0,0.0,0.23181818181818192,0.0,0.0,0.262496166819994,0.3864077669902912,0.0,0.0,0.0,0.0,0.0,0.0,0.0,1.0,0.0,0.0,0.5,0.0,0.0,0.35204960385807804,0.1458885941644562,0.5753012048192772,0.0,0.15384615384615385,0.0,0.0,0.7452015355086372,0.0,0.0,0.421934312592837,0.4754207263064659,0.0,0.4762566304622379,0.13151867512332627,0.0,0.0,0.0,0.41691934505761075,1.0,0.0,0.1428571428571428,0.0,0.0,0.49693251533742333,0.0,0.0,0.10441767068273089,0.0,0.5261627906976744,0.2415169660678642,0.3999999999999999,0.0,1.0,0.0,0.0,0.0,0.0,1.0,0.0,1.0,0.0,0.0,0.0,0.5,0.6945107398568018,0.0,1.0,0.7343637670740474,1.0,0.4286388299127153,0.5,0.4441707717569786,0.0,0.0,0.21504237288135586,0.0,0.07712532865907107,0.20916666666666672,0.0,0.5497512437810945,1.0,0.2532467532467533,0.0,0.25,1.0,0.788108108108108,1.0,1.0,1.0,0.0,0.7437845303867403,1.0,0.19999999999999996,0.2857142857142857,0.7928571428571429,0.3553489889106327,0.5,1.0,1.0,0.6830601092896176,0.0,0.6666666666666667,1.0,1.0,0.0,0.05555555555555536,1.0,0.0,0.0,0.5,0.015271717572391874,0.0,0.5412293853073464,0.0,1.0,0.0,0.0,0.5733194009056078,0.0,0.0,0.5497553017944535,0.0,0.9016393442622951,1.0,0.5,0.5,0.41463414634146345,0.4375,0.0,0.0,1.0,0.0,0.0,0.0,0.0,0.0,0.04166666666666674,0.649283103739106,1.0,0.0,0.0,0.0,0.768424206111444,0.33333333333333326,0.0,0.8462369734159016,0.0,0.0,0.5,0.5714285714285714,0.6912349369741424,0.6992833876221498,0.48128154152011027,0.0,0.0,0.0,0.0,1.0,0.9329288843950118,0.0,0.0,0.0,0.0,0.0,0.5,0.0,0.20288600288600278,0.6537922677874969,0.0,1.0,0.0,qsampled
0.0,0.0,0.0,0.8821793655811994,0.9,0.0,0.0,0.0,0.0,0.0,0.8346857378627424,0.0,0.0,0.5834044732798362,1.0,0.0,0.0,0.0,0.0,0.0,0.8659528907922912,0.717948717948718,0.25,0.0,0.04064909089732227,0.0,0.0,0.0,0.0,0.0,0.0,0.0,0.0,0.0,0.0,0.0,0.0,0.11021488436574478,0.0,0.28755252100840334,0.41811946270362965,0.5769230769230769,0.9239153973868476,0.0,0.0,0.0,0.1530466970387243,0.39622641509433965,0.33333333333333337,0.28205128205128194,0.30190701456131275,0.0,0.6446776611694154,0.8727315858142569,0.0,0.5036701404621656,0.0,0.6288315903353769,0.11418803418803403,0.0,0.0,0.0,0.0,0.0,0.0,0.0,0.1252956383037237,0.44444444444444453,0.0,0.2502027209658526,0.1428571428571428,0.3738330778876968,0.0,0.5714285714285714,0.0,0.0,0.0,0.19354838709677413,0.0,0.0,0.41796970437332015,0.37229987293519695,0.0,0.18181818181818188,0.766644908616188,0.34902255639097746,0.0,0.6933136966126657,0.66,0.0,0.0,0.6309696092619392,0.0,0.5294117647058824,0.0,0.2666666666666666,0.0,0.3075841116237199,0.0,0.0,0.125,0.0,0.0,0.5,0.0748848795953797,0.5956533227639054,0.0,0.0,0.19999999999999996,0.0,0.5400025358184354,1.0,0.30103200979534706,0.0,0.0,0.0,0.31996855345911934,0.375,0.0,0.9016749252631148,0.0,0.0,0.33333333333333337,1.0,0.0,0.09976247030878882,0.7483870967741936,0.75,0.0,0.0,0.6404184663468844,0.0,0.9104761904761904,0.19559384996388396,0.7222222222222222,0.0,0.0,0.0,0.9407961962755198,0.18483829650976635,0.0,0.3053386419128483,0.0,0.0,0.7777777777777778,0.0,0.1923076923076923,0.49786324786324787,0.5625,0.9186320754716981,0.5,1.0,0.0,0.0,0.0,0.0,0.0,0.697871538896214,0.477890005145008,0.8768078512396694,0.0,0.0,0.0,0.76,0.0,0.9042873955210418,0.0,0.206896551724138,0.6666666666666667,0.0,0.5128782195548887,0.5214933122140091,0.48288397964708607,0.0,0.0,0.0,0.0,0.0,0.0,0.0,0.0,0.0,0.0,1.0,0.0,0.0,0.6346024843283755,0.25515961631686446,0.6666666666666667,0.0,0.0,0.0,0.0,0.0,0.7916666666666666,0.8571428571428572,0.0,0.0,0.0,0.0,0.0,0.9867109634551495,0.0,0.0,0.7435897435897436,1.0,0.0,0.0,0.0,0.0,0.0,0.8861120429386112,0.7142857142857143,0.0,0.0,0.0,0.0,0.0,0.0,1.0,0.33333333333333326,0.0,0.0,0.0,0.0,0.0,0.0,0.0,0.1399999999999999,0.0,0.0,0.46153846153846145,0.6560415122312824,1.0,0.0,0.3999999999999999,0.0,0.4571428571428573,1.0,0.0,0.09904458598726107,0.634536416684677,0.0,0.0,0.8733499492292071,0.0,0.835820895522388,0.0,0.26584570807678387,0.0,0.0,0.0,0.0,0.2029734970911441,0.0,1.0,0.0,0.0,0.75,0.0,0.5422885572139304,0.0,0.0,0.0,0.6666666666666667,0.48475887170154697,0.0,0.0,0.5,0.0,0.0,0.7289135716765012,0.3431763766959298,0.0,0.0,0.9540816326530612,0.5238095238095237,1.0,0.564085881587508,0.5,0.0,0.0,0.6129032258064515,1.0,0.0,0.0,0.0625,0.5969811320754717,0.10513565891472876,0.0,0.0,0.46475770925110127,0.0,0.4545454545454546,0.9166666666666666,0.5564368517388651,0.4966711051930759,0.0,0.0,0.5,0.0,0.8375963020030817,0.5,0.1360594795539034,0.33333333333333337,0.0,0.41091797935904395,0.43935818782444547,0.375,0.0,0.9325164594001463,0.0,0.0,0.0,0.9,0.3529411764705882,0.30338164251207744,1.0,1.0,0.0,1.0,0.5145117090184355,0.0,0.7571428571428571,0.12174069411976263,0.7777777777777778,0.0,0.0,0.0,1.0,0.8116926355040618,0.0,0.0,0.590621403912543,0.0,0.8571428571428572,0.0,0.0,0.25,0.48684210526315796,1.0,0.0,1.0,0.0,0.0,0.0,0.0,0.0,0.8446086354190718,0.0,0.9314229085803948,0.0,0.0,0.0,0.8181818181818182,0.0,0.9678980015313086,0.8087408048463869,0.375,0.6551724137931034,0.0,0.001153204260409213,0.5510169285105346,0.2620412754456405,0.0,0.0,0.0,0.0,0.0,0.0,0.0,0.0,0.0,0.0,1.0,0.0,0.0,0.8713679500038577,0.0,1.0,0.0,0.0,1.0,0.0,0.0,0.8664911620910116,0.75,0.0,0.0,0.0,0.0,0.0,0.9133681852128454,0.0,0.0,0.7248995983935743,0.6666666666666667,0.0,0.0,0.0,0.0,0.0,0.7958078602620087,0.8478260869565217,0.33333333333333326,0.0,0.262496166819994,0.3864077669902912,0.0,0.0,0.5454545454545454,0.0,0.0,0.0,0.0,0.0,0.0,0.0,0.0,0.6086021505376344,0.19999999999999996,0.05932932072227015,0.36482449589245725,0.5348516218081434,0.9252850963429021,0.15384615384615385,1.0,0.0,0.0,1.0,0.6666666666666667,0.421934312592837,0.3600912448403214,0.0,0.43767243541509915,0.5638308922821231,0.0,0.41092327698309505,0.0,0.6818993216708318,0.7254901960784315,0.2857142857142857,0.0,0.0,0.0,0.8979591836734694,0.0,0.0,0.1187010078387456,0.4285714285714285,0.0,0.344013981939994,0.19999999999999996,0.6892366656020441,1.0,0.0,1.0,0.0,0.0,0.0,0.0,1.0,0.0,0.0,0.0,0.5,0.5158682634730538,0.18887147335423227,0.0,0.9022314239705544,0.375,0.0,0.5,0.4441707717569786,0.20000000000000018,0.7894736842105263,0.0,0.0,0.0,0.6818700114025086,0.23529411764705876,0.3276157804459692,1.0,0.30489964580873663,0.1986062717770034,0.25,0.34426229508196726,0.81292984869326,1.0,0.0,0.33333333333333337,0.0,0.1742059672762274,1.0,0.3802816901408451,0.0,0.06408345752608058,0.0,0.5,1.0,1.0,0.9593867670790748,0.0,0.0,1.0,0.0,0.0,0.3231197771587744,0.0,0.6666666666666666,0.0,0.0,0.90751062824752,0.0,1.0,0.0,0.5555555555555556,0.2872467222884387,0.0,0.6020230205790025,0.8734177215189873,0.0,0.5935857701118448,0.6546126977604274,0.013157894736842035,1.0,0.5,0.5,0.41463414634146345,0.0,0.9,0.8942857142857142,1.0,0.6923076923076923,0.0,0.0,0.0,0.0,0.04604569420035154,0.451797254713454,0.6724137931034482,0.7319898295508052,0.0,0.0,0.0,0.33333333333333326,0.0,0.8672420587494266,0.33333333333333326,0.7,1.0,0.0,0.0,0.4872441827866555,0.48228235544929876,0.0,0.0,0.0,0.0,0.0,0.0,0.0,0.0,0.0,0.0,1.0,0.0,0.0,0.22150295524908536,0.7222076701437574,0.0,0.0,0.6677540430248374,qsampled
0.5714285714285714,0.0,0.0,0.0,0.7380952380952381,0.0,0.0,0.0,0.0,0.0,0.0,0.0,0.0,0.0,0.0,0.0,0.0,0.0,0.0,0.0,0.0,0.4813404417364813,0.33333333333333326,0.0,0.006175156968088569,0.0,0.0,0.7202272667352159,0.2857142857142857,0.0,0.0,0.884327120779996,0.0,0.0,0.0,0.7943052850715198,0.0,0.12970230688235862,0.0,0.7023433385992628,0.0,0.0,0.2591496426766766,0.6458423466297483,0.0,0.6887165951831079,0.16173047077082248,0.0,0.33333333333333337,0.3018348623853211,0.19477628552348447,0.0,0.0,0.0,0.0,0.47539236008291386,0.5787926455040099,0.4883273585730523,0.8811188811188811,0.07138221933809219,0.0,0.0,0.5653016719166466,0.33333333333333337,0.4,0.0,0.5344109033566119,0.0,0.0,0.4423740510697032,0.1428571428571428,0.43737647317180295,1.0,0.0,0.11782518926359264,0.0,0.0,0.7741935483870968,0.16455696202531644,0.2857142857142857,0.4087942916387144,0.37229987293519695,0.0,0.0,0.0,0.027761013880507,0.0,0.44449042938437644,0.0,0.0,0.33333333333333337,0.6379915730337079,0.5,0.07894736842105265,0.9106145251396648,0.5,0.27651356993736953,0.0,0.0,0.0,0.125,0.8446677124079185,0.0,0.33333333333333337,0.0,0.599638460876302,0.75,0.0,0.19999999999999996,0.0,0.04924852388620504,1.0,0.35847526358475246,0.4444444444444444,0.5240750126710594,0.8900080580177276,0.5302445302445302,0.0,0.6666666666666667,0.8712958638227204,0.0,0.5,0.0,0.29999999999999993,1.0,0.0,1.0,0.75,0.4285714285714285,0.0,0.0,0.47463667242051333,0.0,0.0,0.0,0.0,0.0,0.10747374922791864,0.0,0.9878442073927065,0.7290969899665551,0.35877612692017136,0.03024517684887451,0.0,0.0,0.0,0.1923076923076923,0.0,0.0,0.0,0.0,0.6666666666666667,0.0,0.0,0.0,0.0,0.890094406087079,0.9943457865639136,0.5007731621019527,0.8772958223560406,0.33333333333333326,0.0,0.33834701913880194,1.0,0.0,0.0,0.509690134676448,0.0,0.16666666666666663,0.0,0.029411764705882137,0.9472621822937397,0.4742121568208526,0.0,0.0,0.0,0.0,0.0,0.0,0.0,0.0,0.0,0.6666666666666667,0.0,0.517241379310345,0.0,0.3309650596577157,0.10480877712192826,0.0,0.9317417019323918,0.0,0.0,0.0,0.0,0.0,0.6296296296296295,0.0,0.0,0.0,0.0,0.0,0.0,0.0,0.0,0.0,0.0,0.0,0.0,0.0,0.0,0.0,0.0,0.7142857142857143,0.0,0.0,0.0,0.0,0.0,0.6444444444444444,0.25,0.33333333333333326,0.0,0.6223535204332841,0.0,0.0,0.0,0.8803460919723475,0.0,0.0,0.0,0.957680250783699,0.0,0.0,0.6572417772648587,0.7145759268664297,0.0,0.8808168731168395,0.0,0.0,0.0,0.1896032144650931,0.0,0.0,0.3735294117647058,0.0,0.0,0.5447858070099525,0.7088673816374575,0.42494226327944584,0.6233766233766234,0.0,0.07787903893951942,0.0,0.7943107221006565,0.5,0.5,0.0,0.827023426224048,0.5,0.0,0.529262086513995,0.0,0.0,1.0,0.1428571428571429,0.0,0.0,0.0,1.0,1.0,0.5714285714285714,0.6463738207547169,0.32448186528497414,0.0,0.0,0.18812027847726265,0.0,1.0,0.8022967101179392,0.0,0.0,1.0,0.6129032258064515,1.0,0.0,0.3571428571428571,0.6875,0.0,0.7266086415915449,0.0,0.0,0.45833333333333337,1.0,0.4545454545454546,0.0,0.5564368517388651,0.40702210663198957,1.0,0.0,0.0,0.0,0.5364762560220233,0.0,0.18791946308724827,0.6666666666666667,0.8834288834288835,0.7965779467680608,0.42337164750957845,0.0,1.0,0.9325164594001463,0.0,0.8,0.0,0.44999999999999996,0.8823529411764706,0.47681704260651636,1.0,1.0,0.33333333333333326,0.0,0.0,1.0,0.2857142857142857,0.0,0.0,0.0,0.0,0.0,0.2803889789303079,0.4506172839506174,0.9595117143073774,0.0,0.0,0.0,0.0,0.0,0.0,0.0,0.045454545454545414,0.0,1.0,0.0,0.0,0.0,0.0,0.0,0.8269697972302311,1.0,0.0,0.6053195862544025,0.5,0.0,0.3475904265489522,0.13636363636363646,0.0,0.0,0.0,0.0,0.1724137931034483,0.0,0.5379710854124538,0.9640386584421746,0.3718973231807833,0.0,0.0,0.0,0.0,0.0,0.0,0.0,0.0,0.0,0.5,0.0,0.5,0.0,0.7891729208731761,0.6158907694776736,0.0,0.9381117980422463,0.3295774647887324,0.0,0.0,0.0,0.0,1.0,0.0,0.0,0.0,0.0,0.0,0.0,0.0,0.0,0.0,0.0,0.0,0.0,0.0,0.0,0.0,0.0,0.0,0.0,0.0,0.262496166819994,0.4034021871202915,0.0,0.8286011801457828,0.0,0.0,0.0,0.9187344913151365,0.0,0.0,0.0,0.5866198887007017,0.0,0.6421238938053098,0.4625,0.0,0.0,0.0,0.0,0.0,1.0,0.7569039284325165,0.40347334410339253,0.0,0.6666666666666667,0.421934312592837,0.46790778222751384,0.0,0.0,0.0,0.0,0.39742698191933246,0.1933234734840482,0.5699831365935919,0.75,0.2857142857142857,0.0,0.0,0.17901029558286297,0.0,0.6,0.0,0.2648376259798433,0.0,0.0,0.29603960396039586,0.19999999999999996,0.6892366656020441,1.0,0.33333333333333337,1.0,0.0,0.0,1.0,0.0,1.0,0.0,0.0,0.0,0.0,0.1794749403341288,0.18981805458362488,0.0,0.0,0.4,0.0,0.0,0.4441707717569786,0.68,0.42800199302441466,0.45656779661016955,0.0,0.48234280792420325,0.0,0.23529411764705876,0.8333333333333333,0.0,0.44013981939994173,0.5064935064935064,0.25,0.0,0.8119440914866582,0.0,0.0,0.44444444444444453,0.0,0.0,0.5,0.5789080029917726,0.4285714285714285,0.0,0.35503344754446076,0.88,1.0,0.0,0.9647844565877353,0.0,0.0,0.0,0.0,0.0,0.0,0.5,0.6666666666666666,1.0,1.0,0.12201667784913262,0.3846153846153846,0.0,0.6176397924730297,0.0,0.30641213901125786,0.0,0.3829787234042553,0.0,1.0,0.8311183550651956,0.6573847409220727,0.17333333333333356,1.0,0.0,0.5,0.41463414634146345,0.0,0.0,0.11714285714285722,0.0,0.0,0.0,0.0,0.0,0.0,0.7019774011299436,0.6917488741153763,0.6724137931034482,0.0,0.0,1.0,0.13672788956481075,0.33333333333333326,0.0,0.0,0.0,0.0,0.5,0.0,0.4066881660123388,0.8882084690553746,0.4889585563541826,0.0,0.0,0.0,0.0,0.0,0.0,0.0,0.0,0.0,1.0,0.0,0.0,0.0,0.0,0.3343520879190487,0.0,0.8912339255914401,0.0,qsampled
0.0,0.0,0.0,0.0,0.0,0.0,0.0,0.0,0.0,0.7773575390821986,0.6551724137931034,0.0,0.0,0.6024118399415311,0.0,0.0,0.0,0.0,0.0,0.0,0.0,0.717948717948718,0.0,0.0,0.0,0.0,0.5907731170644153,0.7202272667352159,0.2857142857142857,0.0,0.7317432667827951,0.0,0.0,0.0,0.0,0.8259438601800712,0.0,0.15241202516895835,0.8861985472154964,0.3041074249605056,0.6123583260680034,0.0,0.0,0.6355731225296444,0.9816735822959889,0.0,0.0,0.4462151394422311,0.6666666666666667,0.0,0.3116737200853902,0.0,0.5217391304347827,0.0,0.7231147965794247,0.0,0.5112400918265692,0.6291659160511619,0.0,0.12633996937212877,0.23362831858407085,0.12146118721461197,0.0,0.8571428571428572,0.4,1.0,0.0,0.44444444444444453,0.0,0.5637178666178757,0.0,0.28497181758290024,1.0,0.5714285714285714,0.0,0.0,0.0,0.0,0.0,0.2857142857142857,0.0,0.9049306170652495,0.0,0.0,0.8879514775629331,0.34213330176393975,0.0,0.8962694877505568,0.66,0.0,0.6666666666666667,0.40161725067385456,1.0,1.0,0.5416666666666666,0.0,0.2809822361546499,0.39488542012620387,0.36797326040717104,0.6470821754664549,0.125,0.0,0.7647058823529411,1.0,0.077706407645308,0.3479729729729728,0.75,0.0,0.0,0.0,0.3054895302773061,1.0,0.3432230869001295,0.33333333333333326,0.0,0.9006779661016949,0.0,0.875,0.6666666666666667,0.3569048025978464,0.5,0.875,0.0,0.29999999999999993,1.0,0.31650750341064116,1.0,0.0,0.0,0.0,0.0,0.0,0.5286654135338346,0.13500719079578116,0.4722222222222222,0.0,0.0,0.6850152905198776,0.4855805689770978,0.6268043409545886,0.0,0.9282487838776928,0.0,0.4444444444444444,0.0,0.0,1.0,0.0,0.6067510548523207,0.8780918727915195,0.0,0.0,0.0,0.0,0.0,0.6149796682808308,0.40115541778216135,1.0,0.0,0.7124507577681208,0.33333333333333326,0.0,0.0,1.0,0.9593041585729251,0.0,0.5179863660199264,0.0,0.6666666666666667,0.8,0.4090132090132089,0.0,0.0,0.0,0.0,0.0,0.0,0.0,0.0,0.0,0.0,0.0,0.6666666666666667,0.0,1.0,0.0,0.0,0.8340508806262231,0.0,0.0,0.0,0.0,0.0,0.0,0.0,0.0,0.0,0.0,0.0,0.0,0.9510734929810074,0.652542372881356,0.0,0.0,0.6796116504854368,0.0,0.0,0.0,0.0,0.0,0.0,0.0,0.7142857142857143,0.0,0.0,0.4098360655737705,0.0,0.6206896551724137,0.6444444444444444,0.25,0.33333333333333326,0.7038058466629895,0.0,0.0,0.0,0.0,0.8776066333445055,0.0,0.2698550365506134,0.9087221095334685,0.0,0.717948717948718,0.0,0.024741340530814115,0.7037425673312346,1.0,0.0,0.17313699241410085,1.0,1.0,0.0,0.634536416684677,0.0,0.7553256238587949,0.0,0.7475755847119224,0.0,0.4117647058823529,0.26584570807678387,0.06493506493506473,0.2571428571428571,0.7136752136752138,0.6696428571428572,0.19318905155951616,0.75,0.5,0.0,0.05695570112135029,0.75,0.11111111111111116,0.8,0.0,0.8259013282732448,1.0,0.0,0.30731707317073165,0.0,0.0,0.0,0.0,0.5714285714285714,0.2835272504592775,0.9413407821229051,0.0,0.0,1.0,0.5238095238095237,1.0,0.950096587250483,0.5,0.0,1.0,0.19354838709677402,1.0,0.9123108296662016,0.0,0.0,0.0,0.12714370195150826,0.2799352750809063,1.0,0.45833333333333337,0.0,0.0,0.0,0.5650224215246638,0.5396618985695708,1.0,0.0,0.0,0.0,0.0,0.0,0.0,0.33333333333333337,0.0,0.9287341360234298,0.0,0.875,1.0,1.0,1.0,1.0,0.0,0.44999999999999996,0.5882352941176471,0.8360148514851484,1.0,0.5,0.0,0.0,0.0,0.6666666666666667,0.0,0.12174069411976263,0.37037037037037035,0.0,0.0,0.500788110785859,0.0,0.5252879318978467,0.0,1.0,0.0,0.6363636363636364,0.0,0.0,0.44999999999999996,0.0,0.0,0.5,1.0,0.0,0.0,0.0,0.0,0.6456874720691197,0.2829484113103736,1.0,0.18386243386243384,0.8913908885581986,0.5,0.0,0.0,0.13636363636363646,0.9664415534416657,0.0,0.0,0.0,0.6551724137931034,0.6666666666666666,0.07686300032541493,0.0,0.0,0.0,0.0,0.0,0.0,0.0,0.0,0.0,0.0,0.0,0.5,0.0,1.0,0.0,0.0,0.6265843875347114,0.0,0.0,0.3290897517504774,1.0,0.0,0.0,0.0,0.0,0.0,0.0,0.0,0.0,0.7103188041217163,0.7785359801488834,0.0,0.0,0.4449838187702264,0.0,0.0,0.0,0.0,0.0,0.0,0.0,0.881578947368421,0.0,0.0,0.0,0.3561741882016124,0.6207502930832356,0.8286011801457828,0.0,0.0,0.8676743569345001,0.0,0.0,0.0,0.0,0.6071787148594376,0.0,0.0,0.32799999999999996,0.2564102564102564,0.4902458056964495,0.0,0.25244236029699085,0.0,0.9,0.0,0.5944533762057878,1.0,0.6666666666666667,0.0,0.3657322221019591,0.0,0.4737704918032788,0.0,0.6923076923076923,0.0,0.7814371257485031,0.7056655918931368,0.0,0.0,0.1428571428571428,0.331384015594542,0.0,0.9655172413793104,0.6,0.0,0.0,0.4285714285714285,0.0,0.3433830989998551,0.0,0.1121047588629831,1.0,0.0,0.0,0.0,0.0,0.2857142857142857,0.0,0.0,0.24061597690086645,0.75,0.0,0.0,0.6556368960468522,0.4183475562451512,0.0,0.7049368541905856,0.375,0.0,0.5,0.0,0.0,0.6731439960139511,0.060381355932203506,0.33333333333333337,0.8533916849015317,0.8370230805463966,1.0,0.3157894736842106,0.0,0.24053794428434194,0.1986062717770034,0.25,0.6046511627906976,0.005093378607809673,0.0,0.0,1.0,0.0,0.6946148602590321,1.0,0.8826086956521739,0.4285714285714285,0.0,0.5725129844186976,0.56,1.0,0.0,0.29427792915531337,0.0,0.6666666666666667,0.0,1.0,0.061514195583596276,0.19303338171262707,1.0,0.0,0.0,1.0,0.09012753897024095,0.0,0.5614692653673163,0.0,1.0,0.34830387004300045,0.0,1.0,0.6936110834246985,1.0,0.6119898319446406,0.7957047464356615,0.17333333333333356,0.0,0.0,0.5,1.0,0.0,0.7715909090909091,0.8294930875576036,0.0,0.0,0.0,0.0,0.0,0.6268082486919052,0.44272445820433437,0.6005997693194924,0.4482758620689654,0.5028839221341024,1.0,1.0,0.0,0.33333333333333326,0.9899178765214841,0.0,0.0,0.0,1.0,0.8571428571428571,0.7096433846803123,0.0,0.0,0.0,0.0,0.0,0.0,0.0,0.0,0.0,0.0,0.0,1.0,0.0,1.0,0.0,0.271326530612245,0.5943957968476357,0.0,0.0,0.0,qsampled
0.5714285714285714,0.7065637065637065,0.0,0.0,0.0,0.75,0.0,0.7777389684480149,0.0,0.0,0.0,0.0,0.0,0.0,0.0,0.0,0.0,0.9772251828551359,0.0,0.0,0.0,0.0,0.0,0.0,0.8518533091996537,0.8252243052009629,0.0,0.0,0.0,0.0,0.0,0.8854916774878999,0.0,0.0,0.0,0.0,0.6976744186046512,0.8743793685225356,0.7050277738213929,0.7855660377358491,0.0,0.47916666666666663,0.22718707940780614,0.0,0.6618777146675575,0.059930008748906194,0.0,0.39622641509433965,0.33333333333333337,0.6940003045530683,0.6123046875,0.0,0.2632297712529873,0.5137133922156953,0.0,0.0,0.580983726458219,0.899736147757256,0.0,0.5547329455314649,0.6109413202933984,0.0,0.72,0.8571428571428572,0.4,0.0,0.0,0.0,0.0,0.0,0.8571428571428571,0.10597826086956508,1.0,0.0,0.6666666666666666,0.0,0.34749303621169925,0.3548387096774194,0.0,0.0,0.27362466725820767,0.0,0.0,1.0,0.0,0.009895227008148932,0.0,0.5545166081555495,0.8,0.0,0.0,0.06882022471910121,0.0,0.2941176470588235,0.11293634496919913,0.2666666666666666,0.27805642633228844,0.30440724291083043,0.0,0.0,0.0,0.0,0.7049180327868853,0.5,0.6750818479447072,0.6969362406845155,0.0,0.0,1.0,0.0,0.5280813456238715,0.0,0.1786380597014925,0.11111111111111105,0.5341850484080246,0.5957307060755337,0.19496855345911945,0.0,0.0,0.5153750482480592,0.0,0.0,0.0,0.0,1.0,0.18892746208660693,1.0,0.0,0.0,0.0,0.5861322236847692,0.0,0.5286654135338346,0.8577745840473164,0.0,0.0,0.0,0.0,0.0,0.1096502108657903,0.6152731326644371,0.5712426154000201,0.0,0.4444444444444444,0.0,0.0,0.8269230769230769,0.578268876611418,0.0,0.7061574434918161,0.5,0.0,0.0,0.0,0.0,0.0,0.0,0.0,0.0,0.5629755550771651,0.0,0.0,0.0,0.0,0.0,0.0,0.3244274809160307,0.206896551724138,0.07692307692307698,0.0,0.0,0.7798466092880247,0.9178123455264459,0.0,0.0,0.0,0.0,0.0,0.0,0.0,0.8173480833095076,0.0,0.0,0.0,0.0,0.0,0.7329138043423757,0.25859273799400784,0.0,0.0,0.0,0.0,0.5741935483870968,0.0,0.0,0.0,0.0,0.0,0.7666666666666666,0.0,0.0,0.0,0.0,0.0,0.0,0.0,0.0,0.0,0.9860340932429656,0.0,0.0,0.0,0.0,0.0,0.0,0.8681318681318682,0.6385918159823276,0.0,0.0,0.0,0.33333333333333326,0.0,0.6265700483091787,0.0,0.0,0.0,0.0,0.5087719298245614,0.9615384615384616,0.7549751243781095,0.6172566371681417,0.8181818181818181,0.0,0.02545968882602545,0.0,0.7333333333333334,0.0,0.0,0.0,1.0,0.9402196014640097,0.6149272275470359,0.0,0.2659768715763845,0.252919855014096,0.0,0.0,0.740656851642129,1.0,0.06493506493506473,0.745724907063197,0.7554263565891473,0.0,0.7656328164082041,0.75,0.5,0.0,0.0,0.5,0.0,0.0,1.0,0.0,1.0,0.6666666666666667,0.5225148683092609,0.0,0.46727605118829985,0.23113207547169812,0.0,0.0,0.2678958785249458,0.0,0.0,1.0,0.21881875105770865,0.0,1.0,0.43365330321852047,1.0,0.0,0.0,0.19354838709677402,1.0,0.32366735300846494,0.5377444292860392,0.0625,0.0,0.0,0.5528781793842035,0.0,0.0,0.125,0.6363636363636365,0.9166666666666666,0.5446410412853366,0.9049405878674172,0.0,0.0,0.0,0.0,0.8343878954607978,0.0,0.2869888475836433,0.0,0.8846258503401361,0.5822922324823465,0.673092556032981,0.0,0.0,0.7360523278183917,0.0,0.0,0.0,0.0,0.8823529411764706,0.7905156537753223,1.0,0.5,0.0,0.0,0.42940552016985145,0.6666666666666667,0.0,0.830735343951203,0.0,0.0,0.0,0.0,0.3720430107526882,0.18181818181818177,0.0,0.8216080402010051,0.590621403912543,0.6363636363636364,0.0,0.0,0.8,0.25,0.0,1.0,0.0,0.0,0.0,0.0,0.0,0.0,0.0,0.0,0.9155296452493178,0.5185694531551068,0.0,0.0,0.0,0.0,0.0,0.0,0.0,0.375,0.10526315789473684,0.0,0.0,0.9906695040104764,1.0,0.0,0.0,0.0,0.0,0.0,0.0,0.0,0.8148148148148148,0.0,0.0,0.0,0.0,0.0,0.9585567071717893,0.0,0.0,0.0,0.3290897517504774,0.0,0.7966804979253113,0.0,0.0,0.0,0.0,0.0,0.7085346215780998,0.0,0.0,0.0,0.0,0.0,0.0,0.0,0.0,0.0,0.9674172637325145,0.0,0.0,0.0,0.0,0.0,0.0,0.748046875,0.0,0.0,0.0,0.0,0.0,0.0,0.6771358703958429,0.0,0.0,0.0,0.0,1.0,0.9644549763033176,0.96,0.0,0.1458885941644562,0.0,0.5174069627851141,0.15384615384615385,0.29999999999999993,0.0,0.4200351493848856,1.0,0.33333333333333337,0.7881751165939521,0.30343007915567277,0.0,0.0,0.13476123010250862,0.25,0.0,0.1975695805566443,0.8650481970724742,0.2932692307692307,0.0,0.1428571428571428,0.0,0.0,1.0,0.6,0.0,0.0,0.0,0.0,0.0,0.8,0.0,1.0,0.0,0.0,0.0,1.0,1.0,0.0,1.0,0.1916844349680169,0.0,0.0,0.5,0.14362017804154303,0.2106832971800432,0.0,0.7343637670740474,0.75,0.0,0.5,0.0,0.0,0.0,0.7584745762711864,0.0,0.1134421134421133,0.8383333333333334,1.0,0.0,0.0,0.30489964580873663,0.7300613496932515,0.25,0.8596491228070176,0.4776119402985075,1.0,0.0,0.0,0.0,0.07196710075394097,0.5,0.009762900976290179,0.2857142857142857,0.08061749571183519,0.0754062154914027,0.5499999999999999,1.0,1.0,0.8875739644970414,0.0,0.0,0.0,1.0,0.0,0.026369168356997985,1.0,0.0,0.0,1.0,0.8964924346629987,0.0,0.5734632683658172,0.4569518951719286,0.0,0.295758051846033,0.0,0.5733194009056078,0.0,0.17315490673154899,0.5950679056468906,0.3818661043753294,0.0,0.0,0.0,0.5,0.8780487804878049,0.625,0.0,0.46703733121525026,1.0,0.0,0.0,0.0,0.0,0.0,0.04166666666666663,0.6210268948655258,0.6666666666666667,0.6917961297356228,0.0,0.0,0.0,0.0,0.0,0.0,0.0,0.7,0.0,0.0,0.0,0.8038917892738491,0.7895287958115184,0.0,0.0,0.0,0.0,0.0,0.0,0.0,0.7878787878787878,0.0,0.0,0.0,0.5,0.0,0.42358570222347325,0.6537922677874969,0.0,0.0,0.0,qsampled
0.5714285714285714,0.0,0.0,0.0,0.0,0.0,0.0,0.0,0.0,0.0,0.0,0.0,0.0,0.0,0.0,0.0,0.0,0.0,0.0,0.0,0.0,0.0,0.0,0.7498274331919929,0.0,0.15935040068080275,0.0,0.0,0.0,0.0,0.0,0.0,0.0,0.0,0.0,0.0,0.42666666666666664,0.26922150641218623,0.0,0.27283018867924536,0.0,0.5769230769230769,0.2591496426766766,0.0,0.0,0.6859710434348478,0.21557081345281037,0.0,0.33333333333333337,0.248379015620395,0.3347026682088302,0.0,0.7350781998084903,0.7379350955247317,0.8231231231231232,0.450974196945761,0.0,0.47243408149923727,0.15233362143474505,0.1447543160690571,0.05921052631578949,0.13608709574127442,0.5593220338983051,0.33333333333333337,0.4,0.0,0.9080358616137726,0.44444444444444453,0.0,0.44312267657992566,0.1428571428571428,0.6157768446310738,0.0,0.0,0.0,0.0,0.0,0.7741935483870968,0.06201550387596888,0.2857142857142857,0.0907951697425382,0.31327762302692674,0.6428571428571428,0.18181818181818188,0.10086508374746928,0.0,0.0,0.4663618318446051,0.6734693877551021,0.8814004376367615,0.33333333333333337,0.0,1.0,0.6521739130434783,0.07146695325094032,0.5,0.27651356993736953,0.8205307961942915,0.6703296703296703,0.2683433317951084,0.125,0.4976636675448626,0.009763424708974844,0.33333333333333337,0.6157137300661222,0.3402225755166931,0.0,0.0,0.19999999999999996,0.0,0.8961566888396156,0.0,0.08933717579250688,0.33333333333333326,0.6020460358056265,0.5979043876882777,1.0,1.0,0.0,0.5172310714438229,0.0,0.0,0.33333333333333337,0.75,0.2727272727272726,0.0,0.0,0.0,0.0,0.0,0.0,0.04808909136927375,0.5286654135338346,0.0,0.4722222222222222,0.0,0.0,0.0,0.0,0.0,0.5985769659639993,0.8095546952591361,0.8883495145631068,0.0,0.11111111111111116,0.0,0.0,0.827893175074184,0.0,0.5006495193556768,0.5,0.0,0.0,0.9046449799332803,0.0,0.0,0.0,0.0,0.5789940982921606,0.0,0.33333333333333326,0.9991148204350025,0.0,0.76,0.9781057998969347,0.9073456263308075,0.0,0.0,0.16666666666666663,0.7,0.6784980212903028,0.0,0.8933893385975591,0.0,0.0,0.0,0.0,0.0,0.0,0.0,0.0,0.0,0.0,0.9808254200146092,0.7103448275862069,0.0,0.0,0.0,0.0,0.713551097269501,0.6877879111549312,0.0,0.0,0.0,0.0,0.0,0.0,0.0,0.0,0.0,0.0,0.0,0.0,0.0,0.0,0.0,0.0,0.0,0.0,0.0,0.0,0.0,0.0,0.0,0.7948717948717949,0.0,0.6445749601735092,0.0,0.0,0.0,0.0,0.0,0.0,0.0,0.0,0.0,0.0,0.5087719298245614,0.19450778229404198,0.0,0.05882352941176483,0.0,0.6560415122312824,0.6932073774179037,0.0,0.0,0.8857876162977222,0.41597796143250687,0.0,1.0,0.26828563168545816,0.0,1.0,0.8029411764705883,0.5757827078581796,0.7480155067380468,0.5392028033289531,0.0,0.38674828952106577,0.0,0.0,0.0,0.6696428571428572,0.8511627906976744,0.5,1.0,0.0,0.9485955368047074,0.75,0.0,0.57356608478803,0.0,0.9690181124880839,0.0,0.1428571428571429,0.0,0.0,0.0,0.6886792452830188,0.48677884615384603,0.5714285714285714,0.22795558458523812,0.3462555066079296,1.0,0.33333333333333326,0.2215050110412773,0.1428571428571428,1.0,0.5627974509962086,0.0,0.6825396825396826,1.0,0.0,1.0,0.6579907695610174,0.5377444292860392,0.6875,0.0,0.9590664272890485,0.0,0.15384615384615385,0.46475770925110127,0.5643418467583498,0.4545454545454546,0.0,0.0,0.5189255189255191,0.0,0.0,0.5,0.0,0.8401456900040469,0.0,0.5208333333333335,0.33333333333333337,0.6213486213486212,0.24113475177304955,0.973111555777889,0.375,0.0,0.7391304347826086,0.0,0.0,0.0,0.44999999999999996,0.5882352941176471,0.5703517587939699,0.0,0.5,0.0,1.0,0.0,1.0,0.0,0.12645322840279005,0.37037037037037035,0.0,0.0,0.0,0.3705501618122977,0.0,0.4809589477034051,0.6749428291408037,0.918429003021148,0.0,0.0,0.0,0.44999999999999996,0.75,0.5846153846153846,1.0,0.0,0.0,0.0,0.7689754036517278,0.0,0.0,0.0,0.0,1.0,0.0,0.5,0.9915254237288136,0.0,0.8181818181818182,0.9973911339802222,0.9678980015313086,0.3925925925925925,0.0,0.1724137931034483,1.0,0.7534309798321084,0.2535100065222615,0.955272557850598,0.0,0.0,0.0,0.0,0.0,0.0,0.0,0.0,0.0,0.0,0.9850199733688415,0.5,0.0,0.0,0.8350188001571357,0.0,0.5055273586873392,0.5817659990229604,0.0,0.0,0.0,0.0,0.0,0.0,0.0,0.0,0.0,0.0,0.0,0.0,0.0,0.0,0.0,0.0,0.0,0.0,0.0,0.0,0.0,0.0,0.0,0.7782270292125745,0.25374732334047123,0.0,0.0,0.0,0.0,0.0,0.0,0.0,0.0,0.0,0.0,0.0,1.0,0.0,0.0,0.0600171969045572,0.17365269461077848,0.5348516218081434,0.0,0.15384615384615385,0.0,0.7641759406465288,0.0,0.0,0.33333333333333337,0.3694504043571545,0.5913541004450096,0.0,0.4610013963694396,0.9570773841001234,1.0,0.3534883720930232,0.0,0.25948406676783,0.43028846153846145,0.2857142857142857,0.0,0.36259541984732835,0.17352056168505514,0.0,0.4,0.0,1.0,0.4285714285714285,0.0,0.2735334242837655,0.19999999999999996,0.5282657297987863,1.0,0.33333333333333337,0.41176470588235303,0.0,0.0,0.7894736842105263,0.0,0.0,0.0,0.0,0.0,0.5,0.4849785407725322,0.0,0.0,0.2836997096640399,0.75,0.46827339484089636,0.0,0.07840722495894914,0.8666666666666667,0.17389138016940708,0.7584745762711864,0.0,0.0,0.6378473753859727,0.0,0.03606965174129362,0.0,0.23390620448587252,0.5064935064935064,0.25,0.051724137931034475,0.016172506738544645,1.0,0.0,1.0,0.0,0.4101123595505618,0.5,0.0,0.4285714285714285,0.39047619047619064,0.09995116392642034,1.0,1.0,1.0,0.8875739644970414,0.0,0.0,1.0,1.0,0.144144144144144,0.0,1.0,0.0,0.0,0.0,0.0,0.6923076923076923,0.5577507598784195,0.0,1.0,0.2305162775402828,0.0,0.5733194009056078,0.0,0.6208677685950413,0.9476309226932669,0.9510841640119206,0.9016393442622951,1.0,0.5,0.5,0.0,0.4736842105263157,0.0,0.19497907949790794,1.0,0.0,0.0,0.8938144329896908,0.0,0.0,0.0450387051372273,0.5357908569057335,1.0,0.0,1.0,1.0,0.0,0.33333333333333326,0.981653534046807,0.8550144516551235,0.7387816154473756,0.0,0.5,0.5714285714285714,0.6812359210570554,0.0,0.8061472589647527,0.0,0.0,0.0,0.0,0.0,0.0,0.0,0.0,0.0,0.0,0.9111713339355616,1.0,0.0,0.28870506535947704,0.00030144694533740246,0.0,0.6962546005628925,0.8886859064163631,qsampled
0.0,0.0,0.0,0.0,0.0,0.6666666666666667,0.0,0.7777389684480149,0.8377273656243613,0.7331263434439934,0.0,0.0,0.7761246280413093,0.8257099501409062,0.0,0.0,0.0,0.0,0.0,0.0,0.8457872340425532,0.7571022727272727,0.25,0.0,0.005346380662303418,0.0,0.7084474317484026,0.0,0.0,0.0,0.0,0.884327120779996,0.0,0.0,0.0,0.0,0.0,0.8580814717477004,0.0,0.7023433385992628,0.42367957327237227,0.1794871794871794,0.3641088572872303,1.0,0.0,0.4689871329594194,0.16045894833948315,0.39622641509433965,0.0,0.0,0.0,0.0,0.9782608695652174,0.3344000322022299,0.0,0.43849579416130624,0.5785752986403159,0.0,0.11418803418803403,0.0,0.3537794299876085,0.0,0.8662466682820451,1.0,0.0,0.0,0.23715927010587956,0.0,0.729289716795396,0.44375431331953064,0.5714285714285714,0.3826069078947367,0.0,0.0,0.7247075017205782,0.0,0.0,0.0,0.0,0.0,0.4211221122112212,0.7272727272727273,0.6428571428571428,0.18181818181818188,0.0,0.0,0.0,0.1730622318857612,0.8,0.8818657367044463,0.6666666666666667,0.40161725067385456,1.0,0.9130434782608695,0.584055459272097,0.2666666666666666,0.519435736677116,0.5639308060360693,0.0,0.08454011741682965,0.125,0.4306985772790759,0.0,0.33333333333333337,0.0,0.686433671552048,0.0,0.6666666666666667,0.0,0.0,0.8063607085346216,0.11111111111111116,0.0,0.11111111111111105,0.6041521109891206,0.0,0.0,1.0,0.0,0.0,0.5,0.0,0.0,0.0,0.5454545454545454,0.0,0.0,0.75,0.9285714285714286,0.0,0.6404184663468844,0.0,0.39144736842105254,0.22371566700313472,0.0,0.0,0.8333333333333334,0.03409808461376573,0.9068749593742551,0.38820988304709725,0.2137692549512733,0.0,0.0,0.36363636363636365,0.11111111111111116,0.0,0.0,1.0,0.21687763713080155,0.0,0.0,0.0,0.0,0.0,0.0,0.0,0.0,0.9925682789372638,0.2644359619913911,0.926471150902969,0.33333333333333326,0.0,0.0,0.76,0.0,0.0,0.5104602510460253,0.206896551724138,0.9333333333333333,0.7,0.3442735042735041,0.0,0.47881188627338933,0.0,0.0,0.0,0.0,0.0,0.0,0.0,0.8085898247050505,0.0,0.0,0.0,0.0,0.0,0.0,0.053336070020085447,0.6666666666666667,0.0,0.014828472745215149,0.0,0.0,0.0,0.0,0.0,0.0,0.0,0.5212121212121212,0.5,0.9510734929810074,0.0,0.0,0.8214611872146118,0.6796116504854368,0.0,0.0,0.0,0.0,0.0,0.0,0.8861120429386112,0.7142857142857143,0.0,0.0,0.0,0.0,0.6666666666666667,0.0,0.0,0.33333333333333326,0.0,0.6191691478803347,0.0,0.0,0.0,0.0,0.0,0.8025039123630673,0.0,0.9730700179533214,0.46153846153846145,0.3589325426241661,0.01679104477611948,0.37226277372262784,0.0,0.7938342967244701,0.15977361776229848,1.0,1.0,0.0,0.5763273539370364,0.0,0.967156862745098,0.4211410677461239,0.0,0.8335839598997494,0.7108559498956158,0.0,0.0,0.0,0.7260897852960313,0.0,0.9586296056884293,1.0,1.0,0.0,0.4703008770955923,0.5,0.8997955010224948,0.5572139303482587,1.0,0.0,0.0,0.6666666666666667,0.9490677580718508,0.0,0.0,0.0,0.0,0.0,0.740814451928965,0.9413758723828515,0.625,0.33333333333333326,0.0,0.1428571428571428,1.0,0.44209852847088926,0.0,0.7192982456140351,1.0,0.19354838709677402,1.0,0.8687345712139101,0.7857142857142857,0.0625,0.29183508488278087,0.0,0.0,0.4952015355086372,0.46475770925110127,0.5654761904761905,0.4545454545454546,0.0,0.11917836078909905,0.9049405878674172,0.0,0.0,0.0,0.0,0.8554834301332422,0.0,0.5208333333333335,0.0,0.6213486213486215,0.41002277904328,0.0,0.0,0.0,0.0,1.0,0.0,0.0,0.0,0.8235294117647058,0.47681704260651636,0.0,0.5,1.0,1.0,0.5811251528740318,0.0,0.7857142857142857,0.15147407658420875,0.0,0.0,0.8823529411764706,0.7962170682278766,0.30605078336034575,0.8116926355040618,0.5708744537732606,0.1670611278870482,0.0,0.6363636363636364,0.0,0.0,0.44999999999999996,0.75,0.16129032258064513,0.0,1.0,0.0,0.0,0.0,0.0,0.0,0.0,1.0,1.0,0.6779914459434201,0.5,0.0,0.0,0.8181818181818182,0.0,0.0,0.0,0.375,0.9310344827586207,1.0,0.04116721387912092,0.0,0.09538918726493195,0.0,0.0,0.0,0.0,0.0,0.0,0.0,0.8148148148148148,0.0,0.0,0.0,0.0,0.0,0.0,0.6368341144630008,1.0,0.0,0.3295774647887324,1.0,0.0,0.0,0.0,0.0,0.0,0.0,0.703658832081415,0.8547770700636943,0.7052559257986946,0.0,0.0,0.7684186882300089,0.6998689384010486,0.0,0.0,0.0,0.0,0.0,0.0,0.7919161676646707,0.8478260869565217,0.33333333333333326,0.0,0.25374732334047123,0.27860242064398244,0.8867286559594252,0.0,0.0,0.0,0.0,0.919921875,0.0,0.0,0.0,0.0,0.0,0.9432463110102157,0.19999999999999996,0.35236457437661217,0.3930940304330863,0.0,0.5322391559202813,0.7692307692307692,0.09090909090909083,0.33193277310924374,0.39188102893890686,1.0,0.0,0.0,0.0,0.0,0.9744010088272383,0.09793420045906642,0.25,0.39742698191933246,0.1933234734840482,0.0,0.7254901960784315,0.2857142857142857,0.1428571428571428,0.0,0.7329790767186981,0.49693251533742333,0.0,0.0,0.0,0.0,0.44584482079558874,0.16595457611873177,0.3999999999999999,0.6892366656020441,1.0,0.0,0.41176470588235303,0.0,0.0,0.2857142857142857,0.0,1.0,0.0,0.75,0.0,0.5,0.38568019093078754,0.0,0.0,0.03398392652123983,0.75,0.47759538598047924,0.5,0.0,0.32333333333333336,0.03886397608370695,0.21504237288135586,0.0,0.8939068100358423,0.8563829787234043,0.23529411764705876,0.0,0.0,0.22516749198951358,0.1986062717770034,0.25,0.8333333333333334,0.1495956873315365,1.0,1.0,0.33333333333333337,0.0,0.6507936507936508,1.0,0.0,0.2857142857142857,0.2213114754098361,0.0,0.56,1.0,1.0,0.0,0.0,0.0,0.0,1.0,0.16561514195583604,0.0,1.0,1.0,0.5,0.0,0.90751062824752,0.0,0.5412293853073464,0.0,0.0,0.3721494420184376,0.0,0.0,0.9551516455151645,0.0,0.0,0.0517957047464358,0.19999999999999996,0.0,0.5,0.5,0.0,0.7368421052631579,0.3784090909090909,0.047235023041474644,0.0,0.0,0.0,0.0,0.0,0.0,0.0450387051372273,0.0,0.2068965517241378,0.11927675707203256,0.0,0.0,0.0,0.33333333333333326,0.0,0.0,0.0,0.0,1.0,0.5714285714285714,0.0,0.0,0.47021204346513734,0.0,0.0,0.0,0.0,0.0,0.0,0.0,1.0,0.0,0.0,0.0,0.5,0.0,0.2420283892203251,0.6221535458685752,0.0,0.0,0.0,qsampled
0.5714285714285714,0.0,0.0,0.0,0.0,0.0,0.828125,0.0,0.0,0.0,0.6593532229965157,0.593064746844397,0.0,0.0,0.0,0.0,0.0,0.0,0.0,0.0,0.0,0.41691248770894784,0.33333333333333326,0.0,0.005346380662303418,0.0,0.0,0.0,0.0,0.768370607028754,0.0,0.8840868352917746,0.0,0.0,0.0,0.0,0.0,0.0,0.0,0.7899990670771526,0.0,0.3846153846153846,0.2591496426766766,0.0,0.6488156539649845,0.4689871329594194,0.7010944360705157,0.39622641509433965,0.6666666666666667,0.26762928139691067,0.0,0.0,0.3112033195020746,0.5387987142363786,0.0,0.7250222090612971,0.914304342156735,0.0,0.8819444444444444,0.0,0.0,0.0,0.0,1.0,0.4,0.5,0.0,0.33333333333333337,0.44404986777483946,0.23829497789366294,0.0,0.3738330778876968,1.0,0.0,0.11782518926359264,0.0,0.7966573816155988,0.0,0.2666666666666666,0.2857142857142857,0.08859258047363905,0.31327762302692674,0.0,0.0,0.3656427758816837,0.0,0.0,0.0,0.0,0.5621139327385039,0.0,0.06882022471910121,1.0,0.9130434782608695,0.9061488673139159,0.0,0.0,0.0,0.36797326040717104,0.39310935159426486,0.0,0.24659369005886633,0.20952735392631183,0.0,0.5926518734085122,0.6927936215884698,0.0,0.0,0.0,0.6666666666666667,0.5169340463458109,0.0,0.3193717277486907,0.0,0.0,0.9521311475409836,0.19291506615450282,1.0,0.0,0.0,0.0,0.0,0.6666666666666667,0.0,1.0,0.0,1.0,0.0,0.0,0.0,0.4475730801917803,0.22032172673589923,0.9191870312121946,0.0,0.41666666666666663,0.6651409298964105,0.0,0.40156421850177204,0.4855805689770978,0.6268043409545886,0.2604968124862608,0.0,0.28863346104725407,0.0,0.11111111111111116,0.0,0.1923076923076923,0.9166666666666666,0.0,0.9390459363957597,0.5,0.0,0.0,0.8140945861854387,0.0,0.6141662485365446,0.9495107077010353,0.7129772419271928,0.4755948996995045,0.0,0.33333333333333326,0.0,0.24591782545657292,0.16000000000000003,0.0,0.0,0.5173397717295874,0.0,0.9333333333333333,0.7,0.0,0.4968157652495726,0.0,0.0,0.0,0.0,0.0,0.0,0.0,0.5071243964245641,0.0,0.0,0.0,0.0,0.517241379310345,0.0,0.0,0.058806814041939326,0.0,0.0,0.09414017498521032,0.0,0.0,0.0,0.0,0.0,0.7678571428571429,0.8839285714285714,0.0,0.0,0.0,0.6525514008735485,0.626212899543379,0.0,0.0,0.0,0.0,0.0,0.0,0.0,0.0,0.0,0.7142857142857143,0.0,0.0,0.0,0.0,0.0,0.0,0.5,0.0,0.0,0.6011189085733916,0.0,0.0,0.0,0.0,0.0,0.0,0.0,0.6172566371681417,0.0,0.7174203113417346,0.6228710462287105,0.0,0.7333333333333334,0.7871670008593527,0.4286033020972779,0.0,1.0,0.11652435961828234,0.5755935628202352,0.0,0.3735294117647058,0.7745343839541546,0.0,0.9915966386554622,1.0,0.0,1.0,0.2571428571428571,0.0,0.0,0.0,1.0,1.0,1.0,0.02021305654192851,0.2500000000000001,1.0,0.0,0.0,0.6545209176788125,1.0,0.0,0.0,0.0,0.7504488330341113,0.4098360655737705,0.5457227138643068,0.5714285714285714,0.2776477693062581,0.33565288579615216,0.0,0.0,0.6951562731447193,0.1428571428571428,1.0,0.0,0.0,1.0,0.0,0.19354838709677402,1.0,0.9076741868261303,0.5502695101945161,0.0,0.0,0.061313291139240444,0.9606060606060606,0.49425287356321845,0.6296296296296295,0.0,0.2727272727272728,0.75,0.980272523896685,0.9254327563249001,0.0,0.0,0.0,1.0,0.7960396039603961,0.0,0.0,0.33333333333333337,0.0,0.7965779467680608,0.6893810936837642,0.0,0.0,0.0,0.0,0.0,1.0,0.44999999999999996,0.0,0.39842632331902716,1.0,0.5,0.0,0.0,0.6905070529927564,0.0,0.7571428571428571,0.5103092783505154,0.5555555555555556,0.8154517453798767,0.0,0.5047723935389133,0.0,0.5252879318978467,0.5631033629194808,0.1670611278870482,0.2784491440080564,0.0,0.0,0.0,0.0,0.75,0.5384615384615385,1.0,0.0,0.0,0.0,0.9100649504574978,0.0,0.6063394683026586,0.9526282669130708,0.2408441961514588,0.0,0.0,0.5,0.0,0.3069387617935425,0.13636363636363646,0.0,0.0,0.0,0.0,0.9310344827586207,1.0,0.0,0.5519359017415919,0.0,0.0,0.0,0.0,0.0,0.0,0.0,0.5827424878213476,0.0,0.0,0.0,0.0,0.5,0.0,0.0,0.5101331171601673,0.0,0.0,0.0,1.0,0.0,0.0,0.0,0.0,0.7142857142857143,0.875,0.0,0.0,0.0,0.7661788617886179,0.894047619047619,0.0,0.0,0.0,0.0,0.0,0.0,0.0,0.0,0.0,0.0,0.0,0.0,0.25374732334047123,0.3882552778451832,0.0,0.0,0.5454545454545454,0.75,0.0,0.9187344913151365,0.0,0.0,0.0,0.0,0.0,0.0,0.0,0.0,0.0,0.5845410628019323,0.0,0.15384615384615385,0.29999999999999993,0.31271878646441076,0.1746641074856048,0.6666666666666667,0.6666666666666667,0.3694504043571545,0.0,0.0,0.0,0.12295081967213084,0.0,0.847728965003723,0.6016873889875667,0.0,1.0,0.0,0.0,0.0,0.0,0.44217687074829926,0.4,0.0,0.08910103420843296,0.5714285714285714,0.4893143365983972,0.3418667874943362,0.0,0.6892366656020441,1.0,0.33333333333333337,0.41176470588235303,0.0,1.0,0.2857142857142857,0.0,0.0,0.20871107607410333,0.0,0.0,0.5,0.0,0.0,0.0,0.0,0.4,0.8411101474414571,0.5,0.0,0.8666666666666667,0.6634026927784578,0.21504237288135586,0.33333333333333337,0.5773115773115773,0.4331715924128805,1.0,0.03606965174129362,0.625,0.0,0.5714285714285714,0.25,1.0,0.10762331838565031,1.0,0.0,0.0,0.0,0.0,0.5,0.3802816901408451,0.0,0.06408345752608058,0.3553489889106327,0.5499999999999999,1.0,1.0,0.0,0.0,0.0,0.0,0.0,0.9022082018927444,0.13966480446927354,1.0,0.0,0.0,1.0,0.0,0.6666666666666666,1.0,0.5438162544169611,0.0,0.0,0.0,0.38662486938349017,0.3174971031286208,1.0,0.0,0.0,1.0,1.0,0.5,0.5,0.41463414634146345,0.4375,0.0,0.8942857142857142,1.0,0.0,0.0,0.8058690744920993,0.0,0.6268082486919052,0.854320987654321,0.0,0.6724137931034482,0.0,1.0,0.0,0.14939886340920117,0.33333333333333326,0.0,0.0,0.0,1.0,1.0,0.5714285714285714,0.0,0.6702810018326206,0.0,0.0,0.0,0.0,0.0,0.0,0.0,0.3596692873838546,0.0,0.0,0.0,0.0,1.0,0.0,0.271326530612245,0.5000384644972691,0.0,0.0,0.6215244846004093,qsampled
0.0,0.0,0.0,0.0,0.0,0.0,0.0,0.7228106676754302,0.8525621816002398,0.0,0.6548980606663353,0.0,0.0,0.0,0.0,0.0,0.0,0.795251077406605,0.0,0.0,0.0,0.0,0.0,0.0,0.8518533091996537,0.0,0.0,0.0,0.0,0.0,0.0,0.0,0.5803671294164089,0.0,0.0,0.7943052850715198,0.0,0.8599856149604411,0.0,0.0,0.0,1.0,0.0,0.3941923774954629,0.0,0.0633187772925764,0.46582870670461907,0.4462151394422311,0.33333333333333337,0.6551251956181534,0.0,0.0,0.7166268350973029,0.891932007935262,0.8304889741131352,0.47729291254662787,0.9236626124789874,0.547457921221586,0.15233362143474505,0.07138221933809219,0.0,0.0,1.0,0.0,0.4,0.5,0.0,0.22222222222222232,0.7676823231767682,0.0,0.1428571428571428,0.16775980177816652,0.7483870967741936,1.0,0.7227997227997228,0.8333333333333334,0.36186650185414093,0.0,1.0,0.2857142857142857,0.15650060753341444,0.9715087097726601,0.0,0.0,0.0,0.3348958733574119,0.5,0.0,1.0,0.8873180873180874,0.6666666666666667,0.0,0.0,0.0,0.0,0.0,0.0,0.2822670764073195,0.5789473684210527,0.0,0.125,0.873530232372753,0.0,0.0,0.0,0.6745790781120617,0.0,0.0,1.0,0.0,0.0,1.0,0.0,0.11111111111111105,0.5851154833190761,0.0,0.0,0.0,0.0,0.0,0.0,0.625,0.33333333333333337,0.0,0.5,0.19218891916439595,0.0,0.0,0.8571428571428571,0.0,0.0,0.0,0.39144736842105254,0.0,0.4722222222222222,0.652776515495774,0.0,0.0,0.0,0.5497395187298437,0.3677814938684505,0.4540825163681712,0.026929260450160752,0.36363636363636365,0.11111111111111116,1.0,0.1923076923076923,1.0,0.16666666666666663,0.22248427672955973,0.0,0.0,0.0,0.9243645593935444,0.0,0.0,0.940580474934037,0.0,0.023857951734374327,0.5576846189157572,0.33333333333333326,0.0,0.0,0.76,0.0,0.0,0.4115334207077326,0.206896551724138,0.6666666666666667,0.0,0.29062171377585166,0.6210506723744823,0.34605995573737525,0.0,0.0,0.0,0.0,0.0,0.0,0.7417282291235057,0.8196692275333761,0.0,0.6666666666666667,0.0,0.0,0.0,0.17692589386776758,0.0,0.0,0.0,0.4171611136467367,0.0,0.0,0.0,0.0,0.0,0.0,0.0,0.7666666666666666,0.5945945945945946,0.0,0.6530047373183585,0.0,0.0,0.0,0.0,0.0,0.0,0.9860340932429656,0.0,0.0,0.0,0.0,0.0,0.0,0.8681318681318682,0.0,0.0,0.0,0.25,0.0,0.0,0.0,0.8655913978494624,0.0,0.0,0.8574581228396703,0.0,0.8498806682577565,0.0,0.18584070796460184,0.37130339539978097,0.98572501878287,0.0,0.21179261267367,0.0,0.23661731207289283,0.4286033020972779,0.0,1.0,0.9276129943502824,0.0,0.0,0.8029411764705883,0.8578827429044955,0.7478991596638656,0.23809523809523814,1.0,0.0,0.0,0.0,0.0,0.0,1.0,0.5,0.5,1.0,0.0,0.0,1.0,0.04301075268817223,0.0,0.0,0.7769230769230769,0.1428571428571429,0.931770363691013,0.8333333333333334,0.5509391007398975,0.0,0.5457227138643068,0.5714285714285714,0.2678958785249458,1.0,0.0,0.09999999999999998,0.23864795918367343,0.5238095238095237,0.0,0.0,0.5,0.7192982456140351,1.0,0.0,1.0,0.6669526424159232,0.0,0.0,0.5969811320754717,0.46122696902206917,0.0,0.50390625,0.0,1.0,0.0,0.08333333333333337,0.12316890881913312,0.7503052503052503,0.0,0.0,0.0,0.0,0.3795707472178059,0.0,0.1360594795539034,0.0,0.5967344423906347,0.005331302361005319,0.0,0.0,0.0,0.4520057306590257,0.0,0.8,0.0,0.0,0.8823529411764706,0.8921568627450981,0.0,0.5,1.0,0.0,0.0,0.6666666666666667,0.7857142857142857,0.12174069411976263,0.37037037037037035,0.6364403205398566,0.0,0.36496350364963503,0.3658682634730538,0.21194029850746254,0.5770004470272687,0.0,0.0,0.6363636363636364,0.0,1.0,0.0,0.75,0.5833333333333334,1.0,1.0,0.8656716417910448,0.0,0.9329113495582709,0.0,0.0,0.9697985050866473,0.0,0.0,0.5102721712078631,0.5,0.0,0.0,0.8181818181818182,0.0,0.0,0.0,0.375,0.6551724137931034,0.0,0.09120391093323499,0.9906737785922314,0.7319030799466746,0.0,0.0,0.0,0.0,0.0,0.0,0.8823050626729612,0.8148148148148148,0.0,0.5,0.0,0.0,0.0,0.772287798801827,0.7869451900260629,0.0,0.0,0.21621787025703798,0.0,0.0,0.0,0.0,0.0,0.0,0.0,0.29554912248959664,0.824186046511628,0.0,0.7863525588952072,0.0,0.0,0.0,0.0,0.0,0.0,0.9674172637325145,0.0,0.0,0.0,0.0,0.0,0.0,0.748046875,0.3561741882016124,0.0,0.0,0.0,0.0,0.0,0.0,0.865234375,0.0,0.0,0.6342062193126023,0.0,0.3512264486313542,0.19999999999999996,0.35236457437661217,0.15076923076923088,0.9537612146307799,0.4780600461893765,0.3076923076923076,0.0,0.0,0.21616871704745155,0.6666666666666667,0.33333333333333337,0.7881751165939521,0.0,0.0,0.46869521662910096,0.648211456683065,0.0,0.41092327698309505,0.6583333333333333,0.6818993216708318,0.4374999999999999,0.2857142857142857,0.0,0.0,0.5936863543788188,0.0,0.6,0.0,0.0,0.5714285714285714,0.5282867728046461,0.0,0.19999999999999996,0.6525885558583107,1.0,0.33333333333333337,0.41176470588235303,0.6666666666666667,1.0,0.2857142857142857,0.0,0.0,0.216295427901524,0.5,0.0,0.5,0.16824644549763024,0.4276030368763557,1.0,0.0,0.5,0.48812767613857544,0.5,0.07840722495894914,0.0,0.17389138016940708,0.0,0.33333333333333337,0.0,0.0,0.0,0.0,0.0,0.43903868698710424,0.0,0.75,0.0,0.0746268656716419,1.0,0.0,0.0,0.0,0.0,1.0,0.0,0.2857142857142857,0.4382504288164666,0.0,0.0,1.0,1.0,0.0,0.0,0.33333333333333337,1.0,1.0,0.0,0.13379310344827577,1.0,0.0,0.0,1.0,0.0,0.0,0.0,0.0,1.0,0.0,0.0,0.5733194009056078,0.0,0.696911196911197,0.0,0.6545071164997365,0.17333333333333356,0.0,0.5,0.0,0.41463414634146345,0.75,0.0,0.122889305816135,0.0,0.33333333333333326,0.0,0.8504966021955045,0.0,0.0,0.7647058823529411,0.6995793901156677,0.0,0.6918993768751441,1.0,0.0,0.0,0.33333333333333326,0.0,0.0,0.0,0.0,1.0,0.0,0.6880591520893683,0.8069339314082796,0.0,0.0,0.0,0.0,0.0,0.0,0.0,0.8649484536082475,0.7358490566037736,0.0,1.0,0.0,0.0,0.0,0.0,0.0,0.0,0.0,0.660982764943161,qsampled
0.0,0.0,0.8106508875739645,0.0,0.9,0.7941176470588235,0.0,0.0,0.0,0.0,0.8354430379746836,0.0,0.7680906585351551,0.0,0.0,0.0,0.0,0.8380224000419427,0.0,0.0,0.7656162595562186,0.0,0.0,0.0,0.0,0.654758097674631,0.6621742799873405,0.0,0.8571428571428572,0.0,0.0,0.884327120779996,0.0,0.0,0.0,0.0,0.45081640780565513,0.0,0.08823529411764697,0.790960972017673,0.5223750652968833,0.8958333333333334,0.0,0.3217838196286472,0.6601746138347884,0.0,0.23118850428257953,1.0,0.0,0.0,0.0,0.0,0.7350781998084903,0.865978013960969,0.0,0.7061046322235975,0.0,0.0,0.45299145299145305,0.0,0.0,0.0,0.7207207207207207,0.0,0.4,0.0,0.4885496183206107,0.44444444444444453,0.0,0.44651830581478813,0.0,0.44416295095257396,1.0,0.0,0.11642411642411654,0.0,0.34749303621169925,0.7741935483870968,0.0,0.2857142857142857,0.5434844250010127,0.31281070745697914,0.0,0.18181818181818188,0.8366235980848692,0.008659180083885998,0.0,0.5127777777777778,0.0,0.0,0.6666666666666667,0.7222612359550562,0.75,0.0,0.0,0.0,0.0,0.3762147801160596,0.36797326040717104,0.0,0.0,0.0,0.40999637812386824,0.8333333333333334,0.041109605983862485,0.34625937442838883,0.0,0.6666666666666667,1.0,0.6666666666666667,0.35943133820953943,0.0,0.4169811320754717,0.0,0.5094779523568171,0.9311079545454546,0.0,0.0,0.0,0.15567878414458802,0.0,0.625,0.0,0.0,1.0,0.36911898274296095,1.0,0.25,0.4285714285714285,0.0,0.6406548300878196,0.0,0.0,0.0,0.41666666666666663,0.0,0.8333333333333334,0.0,0.5562469497315764,0.3528837257119358,0.0,0.9603542041525989,0.741507024265645,0.0,0.0,0.0,0.1923076923076923,1.0,0.5333333333333333,0.9390459363957597,0.0,0.9006048838772309,0.0,0.0,0.0,0.0,0.4421004356798901,0.9915609176720636,0.23367573426934385,0.6503166738005934,0.0,0.0,0.24888623645579833,0.16000000000000003,0.0,0.0,0.0,0.0,0.0,0.0,0.9144309256121977,0.36385707442407356,0.12234477610755101,0.0,0.0,0.0,0.0,0.0,0.0,0.0,0.0,0.0,0.0,0.0,0.23214285714285698,0.8970458711228546,0.0,0.2467360058003868,0.0,0.0,0.6704248704663213,0.0,0.0,0.8888888888888888,0.0,0.8571428571428572,0.8318452380952381,0.0,0.0,0.0,0.0,0.6525514008735485,0.0,0.8214611872146118,0.0,0.0,0.0,0.0,0.986146409528081,0.0,0.0,0.8861120429386112,0.0,0.0,0.0,0.0,0.6090138008088501,0.6206896551724137,0.0,0.0,0.33333333333333326,0.0,0.6011189085733916,0.0,0.0,0.0,0.0,0.5087719298245614,0.0,0.375,0.6145552560646901,0.0,0.5651533742331288,0.09482758620689657,0.1785543322163714,0.7333333333333334,0.0,0.0,0.6153846153846154,1.0,0.20259376095338222,0.0,0.0,0.8029411764705883,1.0,0.0,0.6609873307121014,0.0,0.0,0.6233766233766234,0.0,0.0,0.0,0.7645693656523982,0.0,1.0,0.0,0.8410270417918602,0.75,0.0,0.5459183673469388,0.0,0.8146754468485419,1.0,0.0,0.0,0.0,0.19656786271450832,1.0,0.0,0.5714285714285714,0.7317050169747266,0.33565288579615216,0.0,0.0,0.996242774566474,0.0,1.0,0.3732840035050141,0.0,0.0,1.0,0.7096774193548387,1.0,0.0,0.31135531135531125,0.0625,0.0,0.0,0.9606060606060606,0.0,0.0,0.0,0.2727272727272728,0.08333333333333337,0.11917836078909905,0.536,0.0,0.0,0.5,1.0,0.0,0.0,0.0,0.33333333333333337,0.0,0.7965779467680608,0.0,0.0,0.0,0.0,0.0,0.8,0.0,0.0,0.8235294117647058,0.0,1.0,0.0,0.33333333333333326,0.0,0.8962481962481963,0.0,0.2857142857142857,0.5103092783505154,0.5555555555555556,0.0,0.8823529411764706,0.0,0.3224550898203592,0.7613086296110833,0.0,1.0,0.4371014492753623,0.0,0.0,0.0,0.0,0.875,0.21739130434782616,1.0,1.0,0.9151434951616906,0.0,0.0,0.0,0.0,0.37038689172289085,0.9875430691757222,0.7932172869147659,0.5322694203238676,0.0,0.0,0.34716267958241964,0.13636363636363646,0.0,0.0,0.8355963302752294,0.0,0.0,0.0,0.8848983837820009,0.5381348734499745,0.6967554334994346,0.0,0.0,0.0,0.0,0.0,0.0,0.0,0.0,0.0,0.0,0.0,0.5,0.9334267267633085,0.0,0.0,0.0,0.0,0.75038646903701,1.0,0.0,0.7238493723849373,0.0,1.0,0.7142857142857143,0.0,0.0,0.0,0.0,0.7661788617886179,0.0,0.7778799959112747,0.0,0.0,0.0,0.0,0.9682157890215617,0.0,0.0,0.6958919741346519,0.21363636363636362,0.33333333333333326,0.0,0.0,0.0,0.8649453823237339,0.0,0.5454545454545454,0.0,0.0,0.6711986247851227,0.0,0.0,0.0,0.0,0.5,0.6137005649717515,0.0,0.0,0.4110233258088788,0.34023464458247066,0.10256410256410242,0.7692307692307692,0.29999999999999993,0.8164591229020033,0.6872676579925651,1.0,0.0,0.0,0.4002519949601008,0.0,0.4737704918032788,0.6306377730796335,0.25,0.8550501156515035,0.0,0.0,1.0,0.2857142857142857,0.0,0.0,0.0,0.9019607843137255,0.4,0.0,0.7832140015910899,0.4285714285714285,0.0,0.29603960396039586,0.0,0.10081743869209803,1.0,0.33333333333333337,0.41176470588235303,0.0,1.0,1.0,0.0,0.0,0.0,0.0,0.0,0.5,0.6525849335302807,0.20836065573770501,0.0,0.7343637670740474,0.4,0.0,0.5,0.5853858784893268,0.42000000000000004,0.42800199302441466,0.02164502164502169,0.0,0.5773115773115773,0.8370230805463966,0.0,0.0,0.0,0.30489964580873663,0.0,0.75,0.0,0.10270270270270254,1.0,1.0,1.0,0.0,0.7518394648829432,0.5,0.5789080029917726,0.0,0.75177304964539,0.3613913043478262,0.56,1.0,1.0,0.06469135802469139,0.0,0.33333333333333337,0.0,1.0,0.16561514195583604,1.0,0.5,0.6666666666666666,1.0,1.0,0.15380801269337574,0.0,0.0,0.6071585612523085,0.0,0.3535309503051439,0.0,0.5733194009056078,0.8574908647990256,0.0,0.5558574222995001,0.8817343704984155,0.0,1.0,0.0,0.5,0.41463414634146345,0.9375,0.9,0.9147465437788018,0.0,0.75,0.0,0.0,0.0,0.0,0.0,0.8109366314619233,0.0,0.8055066921606119,1.0,0.0,0.16929199599243017,0.33333333333333326,0.0,0.0,0.8715679190751445,0.0,0.0,0.0,0.8561334028139655,0.6992833876221498,0.45771339075959283,0.0,0.0,0.0,0.0,0.0,0.0,0.0,0.0,0.0,0.0,0.0,0.5555555555555556,0.7616926503340757,0.0,0.61350873144088,0.0,0.0,0.8442293373045421,qsampled
0.0,0.0,0.0,0.0,0.0,0.0,0.0,0.0,0.0,0.0,0.8391246684350132,0.6337311785997821,0.0,0.0,0.0,0.0,0.0,0.0,0.0,0.0,0.0,0.0,0.0,0.0,0.03986054318171495,0.16933165648580673,0.0,0.0,0.0,0.0,0.0,0.0,0.0,0.0,0.0,0.0,0.6976744186046512,0.1538425623307499,0.0,0.7162552521008403,0.0,0.0,0.3641088572872303,0.7272727272727273,0.0,0.0,0.0,0.0,0.0,0.25773195876288657,0.13094887284514511,0.0,0.6446776611694154,0.8839123643885347,0.7876339034016162,0.9071294559099436,0.7375422480284253,0.0,0.434961106309421,0.0,0.0,0.4496805111821087,0.0,1.0,0.4,1.0,0.0,0.33333333333333337,0.4359077809798271,0.21871261067240966,0.5714285714285714,0.0,1.0,1.0,0.9480249480249481,0.0,0.0,0.3548387096774194,0.0,0.5714285714285714,0.0,0.0,0.6428571428571428,0.0,0.0,0.03533613981375183,0.0,0.16438276622924175,0.66,0.0,0.33333333333333337,0.3125,1.0,0.0,0.0,0.2666666666666666,0.0,0.3509475722783234,0.0,0.6676635514018692,0.0,0.0,0.7228260869565217,0.6666666666666667,0.1900518836002708,0.3386521607736478,0.0,0.0,0.19999999999999996,0.0,0.0,1.0,0.35847526358475246,0.0,0.5240750126710594,0.0,0.619047619047619,0.0,0.0,0.6019586163323329,0.0,0.5,0.0,0.0,0.5,0.016544117647058876,1.0,0.75,0.0,0.0,0.6208821887213847,0.44396782841823057,0.5373062015503876,0.14897018137104212,0.4722222222222222,0.5896003775959724,0.0,0.04097859327217157,0.5449711175526036,0.0,0.9084054585036904,0.0,0.741507024265645,0.8888888888888888,0.11111111111111116,0.0,0.1923076923076923,0.0,0.0,0.0,0.0,0.0,0.0,0.0,0.0,0.6998196129878649,0.0,0.9914956011730205,0.0,0.9841310835629018,0.0,0.0,0.2810651425413482,0.76,0.0,0.9078279017221902,0.0,0.0,0.16666666666666663,0.0,0.4090132090132089,0.0,0.3905814455655451,0.0,0.0,0.0,0.0,0.0,0.0,0.9329738517816014,0.0,0.0,0.0,0.0,0.0,0.0,0.0,0.0,0.0,0.0,0.0,0.0,0.0,0.0,0.0,0.0,0.0,0.0,0.0,0.0,0.0,0.9867109634551495,0.6065624757017338,0.0,0.0,0.0,0.0,0.0,0.0,0.0,0.0,0.0,0.0,0.0,0.0,0.0,0.0,0.0,0.0,0.0,0.33333333333333326,0.0,0.0,0.0,0.0,0.0,0.0,0.5087719298245614,0.2698550365506134,0.0,0.9297052154195011,0.0,0.0,0.0,0.0,0.0,0.16769125683060104,0.0,0.0,1.0,0.22085722085722082,0.0,1.0,0.0,0.9268497330282227,0.7210648148148149,0.8150851581508516,0.8551401869158879,0.0,0.8,0.0,0.0,0.36496350364963503,0.1887043189368771,1.0,1.0,0.0,0.05695570112135029,0.2500000000000001,0.9065040650406504,0.0,1.0,0.1408918406072106,1.0,0.7142857142857143,0.9861237488626023,0.0,0.0,0.125,0.0,0.8571428571428571,0.2835272504592775,0.0,1.0,0.0,0.18812027847726265,0.0,1.0,0.4600923482849605,0.5,0.0,1.0,0.6129032258064515,1.0,0.0,0.31135531135531125,0.0625,0.4080664294187425,0.0,0.0,1.0,0.0,0.0,0.5,0.9166666666666666,0.0,0.5189255189255191,0.0,0.0,0.5,0.0,0.4694000602954477,0.0,0.0,0.33333333333333337,0.8798641136504015,0.41002277904328,0.9105633802816901,0.0,0.0,0.0,0.0,0.8,0.0,0.0,0.8823529411764706,0.3444055944055945,1.0,1.0,0.0,0.0,0.52336857911531,1.0,0.0,0.12645322840279005,0.37037037037037035,0.7893182086730474,0.0,0.7971177662688583,0.8965424095083738,0.0,0.9737733903049949,0.1670611278870482,0.4371014492753623,0.9090909090909091,0.0,0.0,0.0,0.0,1.0,0.0,1.0,0.0,0.0,0.0,0.0,0.6389701104613384,0.0,1.0,0.9046789736444909,0.9431236107084179,0.0,0.0,0.40139369115378487,0.8181818181818182,0.0,0.9630334731900264,0.8826429980276134,0.0,0.1724137931034483,0.0,0.0,0.0,0.0,0.0,0.0,0.0,0.0,0.0,0.0,0.9593160661746973,0.0,0.0,0.0,0.0,0.0,0.0,0.0,0.0,0.0,0.0,0.09129762662544305,1.0,0.0,0.0,0.0,0.0,0.0,0.0,0.0,0.0,0.0,0.8983193277310925,0.4739187965735775,0.0,0.0,0.0,0.0,0.0,0.0,0.0,0.0,0.0,0.16000000000000003,0.33333333333333326,0.0,0.25374732334047123,0.3864077669902912,0.0,0.0,0.0,0.0,0.0,0.0,0.0,0.0,0.0,0.0,0.5,0.0,0.4625,0.8632449190492594,0.0,0.0,0.543801652892562,0.15384615384615385,0.0,0.75,0.4029749830966868,0.0,0.0,0.4083688844513026,0.4736041711927004,0.0,0.43483202828997225,0.37063591022443887,0.6923076923076923,0.9630550621669627,0.31954411143942585,0.0,0.25,0.2857142857142857,0.0,0.2754524886877828,0.0,0.44217687074829926,0.4,0.0,0.08591331269349867,0.5714285714285714,0.33779848573092597,0.5298769771528998,0.3999999999999999,0.0,1.0,0.33333333333333337,0.8823529411764706,0.0,0.0,0.4736842105263158,0.0,0.0,0.24061597690086645,0.0,0.0,0.0,0.16319612590799026,0.2850180505415162,0.0,0.03150335881399102,0.0,0.0,0.0,0.3327194597912829,0.20000000000000018,0.42800199302441466,0.0,0.0,0.0,0.8563829787234043,0.0,0.5497512437810945,0.0,0.31488494028546476,0.5714285714285714,0.25,0.26136363636363646,0.016172506738544645,1.0,0.0,1.0,0.0,0.0,1.0,0.8826086956521739,0.0,0.0,0.0,0.24,1.0,1.0,0.8891924711596843,0.0,0.0,0.0,1.0,0.3153153153153151,0.34124629080118685,1.0,0.6666666666666666,0.0,1.0,0.9115307198313045,0.26923076923076916,0.572139303482587,0.0,0.7777777777777778,0.0,0.0,0.0,0.38786489987047934,0.33038999264164826,0.7383228133453562,0.06613080014614514,0.0,1.0,0.5,0.5,0.41463414634146345,0.0,1.0,0.047235023041474644,0.0,0.0,0.0,0.0,0.0,0.9537953795379538,0.0,0.0,0.4482758620689654,0.38232720909886264,0.0,0.0,0.13672788956481075,0.33333333333333326,0.0,0.8571585624608349,0.7387816154473756,0.0,0.5,0.0,0.6540291928838353,0.0,0.47712430780981474,0.0,0.0,0.0,0.0,0.0,0.0,0.7934205188633685,0.0,0.0,0.0,0.0,0.0,0.0,0.0,0.7980644111906311,0.0,0.0,0.8531672739979035,qsampled
0.0,0.0,0.0,0.0,0.9,0.0,0.0,0.0,0.0,0.0,0.0,0.0,0.0,0.8257099501409062,0.0,0.0,0.0,0.0,0.0,0.70527791387664,0.0,0.0,0.0,0.7308581484420827,0.0,0.0,0.0,0.0,0.2857142857142857,0.77227200843437,0.7974203338391502,0.8840868352917746,0.0,0.0,0.6842105263157894,0.0,0.0,0.0,0.0,0.0,0.5427992571332094,0.47916666666666663,0.39013412548384196,0.0,0.0,0.0,0.0,0.0,0.6666666666666667,0.6940003045530683,0.15138862826046173,0.0,0.0,0.0,0.0,0.0,0.5503327198074472,0.44196482716798047,0.15233362143474505,0.0,0.0,0.1429479034307496,0.0,0.0,0.6000000000000001,0.0,0.7951365756162558,0.33333333333333337,0.0,0.0,0.0,0.1925031766200761,0.0,0.0,0.5666666666666667,0.0,0.7354758961681088,0.7741935483870968,0.0,0.5714285714285714,0.15650060753341455,0.3199762540813297,0.6428571428571428,0.0,0.023076563740832667,0.0,0.0,0.5796090400406948,1.0,0.0,0.0,0.7222612359550562,0.11111111111111116,0.6521739130434783,0.11293634496919913,0.0,0.4482758620689655,0.3758220232265286,0.0,0.39468482319349885,0.0,0.2794388550375514,0.40999637812386824,0.8333333333333334,0.5926518734085122,0.5782141355911847,0.75,0.6666666666666667,0.5,0.0,0.0,0.0,0.1936852026390199,0.33333333333333326,0.5851154833190761,0.5869782971619364,0.532650448143406,0.0,0.0,0.3973924604365914,0.0,0.0,0.6666666666666667,0.8571428571428572,0.0,0.3889384478144513,0.8225806451612903,0.0,0.0,0.0,0.0,0.595379108363163,0.5286654135338346,0.0,0.0,0.0,0.8333333333333334,0.5543531128404668,0.6485081981901264,0.0,0.7291288831685485,0.6851847287605057,0.0,0.4444444444444444,0.0,0.0,0.3076923076923077,0.9152854511970534,0.0,0.40407073740407073,0.0,0.29166666666666663,0.0,0.0,0.0,0.0,0.0,0.5944196680137174,0.26827888939757094,0.6503166738005934,0.0,0.9640357945629586,0.0,0.16000000000000003,0.0,0.0,0.0,0.0,0.16666666666666663,0.0,0.0,0.0,0.7568586258032625,0.0,0.0,0.0,0.0,0.0,0.0,0.7417282291235057,0.0,0.0,0.6666666666666667,0.0,0.0,0.0,0.2780231567656247,0.6572043899454038,0.0,0.0,0.7551508148868888,0.0,0.0,0.0,0.0,0.8571428571428572,0.0,0.0,0.0,0.0,0.0,0.0,0.0,0.0,0.7435897435897436,0.0,0.0,0.0,0.0,0.0,0.8760721679976338,0.0,0.0,0.0,0.7919441801458929,0.0,0.0,0.0,0.0,0.0,0.7083333333333333,0.6930299747201156,0.8295964125560539,0.0,0.0,0.8955223880597015,0.0,0.0,0.0,0.0,0.18584070796460184,0.0,0.5529676934635612,0.6966192170818506,0.0,0.0,0.016386182462356125,0.0,0.23076923076923073,1.0,0.932615629984051,0.0,0.0,0.0,0.0,0.0,0.0,0.7108559498956158,0.40619340818544003,0.0,0.8285714285714285,0.0,0.7368421052631579,0.0,0.0,0.0,0.0,0.4703008770955923,0.2500000000000001,0.33333333333333326,0.0,0.0,0.0,0.0,0.0,0.0,0.0,0.6226522481502561,0.6886792452830188,0.48677884615384603,0.8571428571428571,0.2860532761788118,0.3462555066079296,1.0,0.33333333333333326,0.21881875105770865,0.1428571428571428,1.0,0.41430471707766303,0.5,0.0,0.0,0.7096774193548387,0.0,0.6579907695610174,0.5377444292860392,0.0,0.7718396711202467,0.0,0.0,0.33333333333333337,0.0,0.39584596725288057,0.2727272727272728,0.08333333333333337,0.953968253968254,0.7358490566037736,1.0,0.0,0.0,0.0,0.48682766190998905,0.0,0.6052141527001862,0.33333333333333337,0.5967344423906347,0.24113475177304955,0.39391691394658745,0.0,0.0,0.31618759455370626,0.0,0.0,1.0,0.0,0.3529411764705882,0.2819410319410318,0.8769230769230769,0.5,0.0,0.0,0.0,0.0,0.0,0.12645322840279005,0.0,0.0,0.8823529411764706,0.7962170682278766,0.3224550898203592,0.0,0.7466562682784168,0.9439725579875857,0.0,0.6363636363636364,0.0,0.0,0.65,0.75,0.08695652173913038,1.0,1.0,0.7906976744186047,0.0,0.0,0.0,0.0,0.0,0.8166969147005445,1.0,0.5046121029267636,0.0,0.9576271186440678,0.0,0.13636363636363646,0.0,0.0,0.9139710942876806,0.0,0.1724137931034483,0.0,0.0,0.0,0.9611055251735047,0.0,0.0,0.0,0.0,0.0,0.0,0.8936478078425698,0.0,0.0,0.5,0.0,0.0,0.0,0.7725531789523304,0.9624328014335695,0.0,0.0,0.6999874497991969,0.0,0.0,0.0,0.0,1.0,0.0,0.0,0.0,0.0,0.0,0.0,0.0,0.0,0.44679600235155803,0.0,0.0,0.0,0.0,0.0,0.7939620292561469,0.0,0.0,0.0,0.6075683839570398,0.0,0.27866605756053,0.0,0.0,0.0,0.75,0.8921568627450981,0.9099746407438716,0.0,0.0,0.75,0.0,0.0,0.0,0.19999999999999996,0.7932692307692308,0.36482449589245725,0.0,0.0,0.15384615384615385,0.0,0.705073086844368,0.3057432432432433,0.0,0.6666666666666667,0.7941911305434104,0.5437060781654542,0.0,0.43619167717528373,0.0,0.25,0.0,0.1875797532964696,0.3737950731881471,0.4374999999999999,0.0,0.0,0.33721727210418084,0.2500000000000001,0.8979591836734694,1.0,0.0,0.6475343573160874,0.5714285714285714,0.0,0.0,0.0,0.6525885558583107,1.0,0.33333333333333337,0.41176470588235303,0.0,1.0,0.7894736842105263,0.0,0.0,0.1916844349680169,0.0,0.0,0.5,0.16824644549763024,0.0,0.0,0.7357194504699928,0.5,0.0,0.5,0.5804597701149425,0.0,0.6940024479804162,0.7584745762711864,0.33333333333333337,0.48951048951048937,0.8383333333333334,0.0,0.03606965174129362,0.0,0.0,0.5950920245398772,0.75,1.0,0.810320781032078,0.0,1.0,0.5,0.0,0.0,0.5,0.24084507042253533,0.4285714285714285,0.4382504288164666,0.09995116392642034,0.5,1.0,1.0,0.3009682625067239,0.0,0.0,0.0,1.0,0.2570977917981073,0.32965517241379316,0.5,0.0,0.0,1.0,0.0,0.6666666666666666,0.4925373134328358,0.0,0.0,0.26303317535545023,0.0,0.0,0.9467756403867238,0.6208677685950413,0.16840600428877772,0.33741236456341617,0.0,0.0,0.0,0.5,0.29268292682926833,0.4736842105263157,0.0,0.23590150913423347,0.0,0.7916666666666667,0.0,0.0,0.0,0.0,0.0450387051372273,0.0,0.2068965517241378,0.7015209822246655,0.0,0.5,0.0,0.33333333333333326,0.0,0.0,0.8742733188720173,0.0,0.5,0.0,0.0,0.0,0.5574171029668412,0.0,0.0,0.0,0.0,0.0,0.0,0.8643775342938487,0.0,0.0,1.0,0.0,0.0,0.0,0.0,0.5194955971922054,0.0,0.0,0.8917766776677668,qsampled
0.0,0.0,0.811068211068211,0.0,0.0,0.0,0.0,0.0,0.0,0.6806491621078539,0.0,0.0,0.0,0.0,0.0,0.0,0.0,0.0,0.0,0.662159129166199,0.0,0.0,0.0,0.0,0.12894377544619262,0.0,0.6077470834806322,0.6997643670637518,0.2857142857142857,0.768370607028754,0.0,0.0,0.0,0.0,0.0,0.0,0.6976744186046512,0.0,0.0,0.27264150943396226,0.5869239013933548,0.0,0.5338541666666667,0.34700544464609806,0.6549747048903878,0.059930008748906194,0.4946019057831501,0.0,0.33333333333333337,0.13978985838282298,0.0,0.0,0.0,0.0,0.7494941634241246,0.0,0.0,0.0,0.39457937346004934,0.913160733549083,0.6109413202933984,0.5531746031746032,0.0,0.0,0.4,0.0,0.0,0.44444444444444453,0.32217604835663016,0.22475270301357253,0.1428571428571428,0.0,0.0,0.0,0.4585987261146497,0.0,0.34749303621169925,0.19354838709677413,0.0,0.2857142857142857,0.0,0.0,0.6428571428571428,1.0,0.11487626546681651,0.0006880959402341125,0.5,0.0,0.8,0.0,0.0,0.0,0.0,0.17391304347826086,0.6185831622176592,1.0,0.27805642633228844,0.0,0.0,0.3911706567098616,0.125,0.24659369005886633,0.0,0.33333333333333337,0.0,0.3407794391400947,0.0,0.6666666666666667,0.5,0.0,0.0,1.0,0.30210772833723654,0.33333333333333326,0.16842900302114794,0.8941569282136894,0.0,0.375,0.0,0.3879720723579816,0.0,0.625,0.33333333333333337,0.0,1.0,0.18892746208660693,0.7483870967741936,0.0,0.0,0.0,0.0,0.9513610888710968,0.5342366319864507,0.0,0.4722222222222222,0.6770668024074018,0.8333333333333334,0.4008018466771961,0.0,0.38820988304709725,0.42182751755213244,0.6851847287605057,0.7395109395109394,0.0,0.7777777777777778,0.7916666666666666,0.0,1.0,0.21687763713080166,0.0,0.0,0.0,0.0,0.0,0.0,0.0,0.4421004356798901,0.7556652974569622,0.41758005009021626,0.6503166738005934,0.0,0.0,0.5563762767608299,0.16000000000000003,0.0,0.0,0.0,0.0,0.0,0.0,0.0,0.0,0.9178123455264459,0.0,0.0,0.0,0.0,0.0,0.0,0.5344895154969374,0.0,0.0,0.0,0.0,0.6911764705882353,0.0,0.0,0.0,0.6666666666666667,0.0,0.6505461674913641,0.0,0.0,0.8888888888888888,0.0,0.0,0.0,0.0,0.0,0.0,0.6362799263351748,0.0,0.0,0.0,0.0,0.0,0.0,0.0,0.0,0.0,0.8672656877785083,0.0,0.0,0.0,0.0,0.4098360655737705,0.0,0.6206896551724137,0.6444444444444444,0.25,0.0,0.0,0.0,0.0,0.0,0.0,0.0,0.5087719298245614,0.0,0.0,0.0,0.0,0.12343558282208589,0.636986301369863,0.352,0.7333333333333334,0.0,0.42844483828090385,0.23076923076923073,1.0,0.0,0.0,0.0,0.0,0.0,0.7422106824925816,0.0,0.0,0.0,1.0,0.971003717472119,0.7712392829306313,0.36496350364963503,0.0,0.5,0.5,0.0,0.0,0.75,1.0,0.5807453416149069,0.0,0.13123236124176862,0.0,0.0,0.0,0.0,0.46727605118829985,0.41509433962264153,0.0,0.5714285714285714,0.0,0.0,0.75,0.0,0.0,0.0,0.0,0.0,0.0,0.0,0.0,0.0,0.0,0.32515831276161855,0.5636653024101865,0.8125,0.0,0.0,0.0,0.4952015355086372,0.0,0.40286454365381685,0.4545454545454546,0.0,0.11917836078909905,0.5898801597869507,0.0,0.0,0.0,0.0,0.4357105674128059,0.0,0.0,0.33333333333333337,0.8803076923076922,0.9287341360234298,0.0,0.375,0.0,0.3343151693667157,0.0,0.8,0.0,0.44999999999999996,0.0,0.7749752720079128,1.0,0.5,0.0,1.0,0.0,1.0,0.0,0.0,0.37037037037037035,0.7653225806451613,0.8823529411764706,0.5574028308245338,0.3720430107526882,0.7627118644067796,0.7534919905230029,0.9439725579875857,0.6321752265861027,0.0,0.8571428571428572,1.0,0.44999999999999996,0.875,0.513888888888889,0.0,1.0,0.0,0.0,0.0,0.0,0.0,0.37038689172289085,0.16512059369202237,0.0,0.5149202466955032,0.0,0.0,0.7450215693669,0.13636363636363646,0.0,0.0,0.9139710942876806,0.0,0.0,0.0,0.0,0.0,1.0,0.0,0.0,0.0,0.0,0.0,0.0,0.5827424878213476,0.0,0.0,0.0,0.0,0.5,0.0,0.0,0.0,1.0,0.0,0.75038646903701,0.0,0.0,0.75,0.0,0.0,0.0,0.0,0.0,0.0,0.6267677964762581,0.0,0.0,0.0,0.0,0.0,0.0,0.0,0.0,0.0,0.7641275852024468,0.0,0.35121951219512193,0.0,0.0,0.7561260210035006,0.3555982519590115,0.5986233598623361,0.8286011801457828,0.0,0.75,0.0,0.0,0.0,0.0,0.0,0.0,0.5,0.0,0.19999999999999996,0.25278810408921926,0.3930940304330863,0.5348516218081434,0.0,0.7692307692307692,0.29999999999999993,0.0,0.1746641074856048,0.0,0.33333333333333337,0.435233940123364,0.4002519949601008,0.0,0.43619167717528373,0.0,0.0,0.0,0.0,0.0,1.0,0.7806122448979592,0.1428571428571428,0.2773584905660379,0.24137931034482762,0.0,0.6,0.0,0.0,0.4285714285714285,0.3497425022720385,0.32820097244732593,0.19999999999999996,0.5208333333333335,1.0,0.33333333333333337,0.0,0.0,1.0,0.0,0.0,0.0,0.40383795309168447,0.0,0.0,0.0,0.38740920096852305,0.20836065573770501,1.0,0.07718780727630281,0.8,0.0,0.5,0.08087027914614131,0.631578947368421,0.0,0.4545454545454546,1.0,0.1134421134421133,0.4654166666666667,0.0,0.03606965174129362,1.0,0.0,0.0,0.25,0.0,0.0,1.0,1.0,0.5,0.0,0.0,1.0,0.3802816901408451,0.4285714285714285,0.08061749571183552,0.2505547337278107,0.0,1.0,1.0,0.22996878251821018,0.0,0.33333333333333337,1.0,1.0,0.9022082018927444,0.0,0.0,0.0,0.0,0.0,0.05430381061156686,1.0,0.558599695585997,0.6325696358969484,1.0,0.0,0.0,0.38662486938349017,0.0,0.0,0.16840600428877772,0.38174536256323766,0.013157894736842035,1.0,0.5,0.0,0.0,0.7368421052631579,0.3784090909090909,0.0,0.0,0.0,0.0,0.0,0.0,0.0,0.0,0.0,0.6724137931034482,0.6757463499673132,0.0,0.0,0.3884281420460871,0.33333333333333326,0.0,0.0,0.8715679190751445,0.0,0.0,0.0,0.0,0.0,0.7894553072625698,0.0,0.0,0.0,0.0,0.0,0.0,0.3355325737184027,0.0,0.0,0.0,0.0,0.5555555555555556,0.0,0.0,0.614566348318969,0.0,0.0,0.8580721466587818,qsampled
0.0,0.0,0.0,0.0,0.0,0.0,0.0,0.0,0.0,0.0,0.8354430379746836,0.0,0.0,0.0,0.0,0.0,0.0,0.8148399076583359,0.0,0.0,0.0,0.0,0.0,0.0,0.10595286885245891,0.2234090607147603,0.0,0.0,0.8571428571428572,0.0,0.0,0.8840868352917746,0.5803671294164089,0.0,0.0,0.0,0.0,0.0,0.889619674006291,0.3004725649776844,0.0,0.3846153846153846,0.3641088572872303,0.6458423466297483,0.8571428571428571,0.46933728981206735,0.06932679447168988,1.0,0.0,0.28531199051430267,0.27486872812135354,0.0,0.0,0.8727315858142569,0.7976266837716486,0.0,0.5801238594305398,0.4476266544956641,0.0,0.5600882028665932,0.0,0.0,0.0,0.7142857142857143,0.4,0.5,0.641933887024916,0.5555555555555556,0.7902508960573477,0.24389351385966518,0.5714285714285714,0.0,0.558974358974359,1.0,0.0,0.8333333333333334,0.7966573816155988,0.0,0.0,0.5714285714285714,0.0,0.0,0.6428571428571428,1.0,0.7089536138079827,0.7993318485523385,0.0,0.0,0.15000000000000002,0.0,0.33333333333333337,0.9578651685393258,1.0,0.2941176470588235,0.5407279029462738,0.5789473684210527,0.0,0.5856690603042236,1.0,0.0,0.0,0.8497080111860503,0.0,0.7333333333333334,0.03955455485912507,0.693894619459158,0.75,0.0,1.0,0.6666666666666667,0.5544941380807642,0.0,0.0,0.0,0.8362917023096663,0.5957307060755337,0.19047619047619047,0.875,0.6666666666666667,0.0,0.5,0.5,0.0,1.0,0.5,0.10999451854558728,0.558974358974359,1.0,0.0,0.5,0.26708302718589283,0.0,0.9191870312121946,0.0,0.4722222222222222,0.8280351195882532,0.0,0.40156421850177204,0.5304015552725079,0.0,0.0,0.5637486629170836,0.8221463022508039,0.4444444444444444,0.11111111111111116,0.8793103448275862,1.0,0.9326500732064422,0.6078767123287672,0.4801247077162899,0.0,1.0,0.0,0.0,0.0,0.0,0.9899962066744885,0.0,0.786790780141844,0.3596829604181784,1.0,1.0,0.0,0.76,0.0,0.0,0.0,0.206896551724138,0.0,0.7,0.5215858756004741,0.7830088774728493,0.6392577371204455,0.0,0.0,0.0,0.0,0.0,0.0,0.5109143972336793,0.0,0.0,0.0,0.9670932358318098,0.0,0.0,0.0,0.18290862972602673,0.6666666666666667,0.7603490063015026,0.8635289841904416,0.0,0.0,0.0,0.0,0.0,1.0,0.0,0.0,0.0,0.0,0.6530047373183585,0.0,0.0,0.0,0.0,0.0,0.0,0.8427225130890053,0.0,0.0,0.0,0.0,0.0,0.0,0.8681318681318682,0.5471901885410947,0.0,0.0,0.5,0.33333333333333326,0.0,0.5995458360073062,0.8655913978494624,0.0,0.0,0.0,0.0,0.1396103896103894,0.8871534556813745,0.0,0.0,0.7174203113417346,0.030215827338129442,0.6990788126919141,0.7333333333333334,0.7614593077642656,0.0,0.6153846153846154,1.0,0.09777070063694249,0.6149272275470359,0.0,0.2659768715763845,0.8096031085206772,0.7631652270827529,0.0,0.7382857142857143,0.9679144385026738,0.0,0.745724907063197,0.0,0.0,0.0,0.0,1.0,1.0,0.827023426224048,0.75,1.0,0.10980392156862762,0.5,0.33333333333333337,1.0,0.7777777777777778,0.6783625730994152,1.0,0.5959510754955715,0.0,0.0,0.8571428571428571,0.0,0.0,0.75,0.0,0.9732620320855615,0.6666666666666666,1.0,0.0,0.0,0.0,1.0,0.967741935483871,1.0,0.25166902690673687,0.6325602546612097,0.8125,0.5969811320754717,0.08426517571885006,0.941747572815534,0.8146964856230032,1.0,1.0,0.0,0.9166666666666666,0.11917836078909905,0.8791208791208791,1.0,0.0,0.5,1.0,0.7371340523882897,1.0,0.21682464454976313,0.33333333333333337,0.7915309446254072,0.5822922324823465,0.5747634069400631,1.0,1.0,0.0,1.0,0.8,0.0,0.9,0.8823529411764706,0.2794263105835805,1.0,0.5,0.0,1.0,0.0,0.0,0.7571428571428571,0.0,0.37037037037037035,0.5309090909090909,0.0,0.0,0.0,0.0,0.803471444568869,0.8216080402010051,0.9910817031070196,0.6363636363636364,0.0,1.0,0.65,0.75,0.0,0.5,1.0,0.8656716417910448,0.0,0.0,0.0,0.0,0.993788282146181,0.0,0.0,0.541129087309714,1.0,1.0,0.0,0.8181818181818182,0.0,0.0,0.8693259972489683,0.375,0.0,1.0,0.9552976043467523,0.9920951333516634,0.712759314507736,0.0,0.0,0.0,0.0,0.0,0.0,0.5422974659504043,0.0,0.0,0.0,0.9850199733688415,0.0,0.0,0.0,0.0,1.0,0.41666666666666674,0.8988641526578828,0.0,0.0,0.0,0.0,0.0,0.0,0.0,0.0,0.0,0.0,0.7785359801488834,0.0,0.0,0.0,0.0,0.0,0.0,0.9674172637325145,0.0,0.0,0.0,0.0,0.0,0.0,0.0,0.0,0.0,0.0,0.5454545454545454,0.0,0.0,0.6771358703958429,0.865234375,0.0,0.0,0.0,0.0,0.0,0.32799999999999996,0.0600171969045572,0.0,0.5845410628019323,0.5292961069602831,0.0,0.0,0.2925278219395867,0.0,0.6666666666666667,0.0,0.421934312592837,0.3390168290522586,0.0,0.0,0.5887677632859647,0.6923076923076923,0.0,0.1975695805566443,0.2927525883612996,0.0,0.0,0.0,0.0,0.0,0.8067226890756303,0.4,0.0,0.28873239436619724,0.5714285714285714,0.49908540875193474,0.34248175182481755,0.6,0.0,0.0,0.33333333333333337,0.0,0.6666666666666667,1.0,0.5,0.0,1.0,0.19253731343283575,0.0,0.0,0.0,0.5158682634730538,0.7572362278244631,0.0,0.5678612716763005,0.0,0.0,0.0,0.6559934318555007,0.0,0.0,0.02164502164502169,1.0,0.0,0.6818700114025086,1.0,0.0,0.0,0.43669402110199307,0.5714285714285714,0.25,0.4098360655737705,0.4776119402985075,0.0,0.0,1.0,0.0,0.18792359827479976,0.0,0.19999999999999996,0.0,0.16807610993657496,0.11683733422863862,0.5499999999999999,0.0,0.0,0.0,0.0,0.0,0.0,0.0,0.0,0.6142857142857143,0.0,0.0,0.0,0.5,0.0,0.0,1.0,0.5432581275537396,1.0,0.5267298769416986,0.0,0.3829787234042553,0.3060046189376444,0.0,0.16840600428877772,0.3884492857876889,1.0,0.0,0.5,0.0,1.0,0.4375,0.7715909090909091,0.32242990654205617,0.0,0.75,0.0,0.0,0.0,0.0,0.8437389770723104,0.7989610114235733,0.6666666666666667,0.7053511401835196,0.33333333333333337,1.0,0.0,0.33333333333333326,0.0,0.0,0.8767123287671232,0.7,0.0,0.5714285714285714,0.8215180387538807,0.23658102264054948,0.47868872624392644,0.0,0.0,0.0,0.0,0.0,0.0,0.697845546957973,0.0,0.0,0.0,0.9111713339355616,0.0,0.0,0.0,0.7780690860585989,0.0,0.30394419911682036,0.8452380952380952,m2
0.5714285714285714,0.0,0.0,0.0,0.0,0.0,0.0,0.8503937007874016,0.0,0.7013050382817143,0.0,0.0,0.0,0.0,0.0,0.0,0.0,0.0,0.6524902419984387,0.0,0.7474427446365528,0.0,0.0,0.0,0.0,0.0,0.0,0.0,0.0,0.0,0.0,0.0,0.8489945636289239,0.0,0.0,0.0,0.0,0.6929782082324455,0.0,0.3170571202948145,0.5120967741935483,0.1794871794871794,0.0,0.6355731225296444,0.4314738292011019,0.0,0.5190568475452195,0.4462151394422311,0.33333333333333337,0.26762928139691067,0.0,0.0,0.0,0.6185822095756525,0.7627705627705628,0.7729836714497773,0.5236160487557135,0.4243432275673832,0.49572649572649563,0.0,0.3689680772086117,0.0,0.864406779661017,0.1428571428571429,0.0,0.5,0.0,0.22222222222222232,0.0,0.0,0.0,0.3782942519194853,0.558974358974359,0.5714285714285714,0.6666666666666666,0.0,0.0,0.0,0.0,0.5714285714285714,0.6165890816758358,0.0,0.6428571428571428,0.0,0.11487626546681651,0.045664261209038215,0.0,0.5955084692000254,1.0,0.0,0.6666666666666667,0.4375,0.11111111111111116,0.5294117647058824,0.9090909090909091,0.5,0.2809822361546499,0.6172703622173304,0.0,0.9646504320502749,0.0,0.24167409104407944,1.0,0.33333333333333337,0.9095722022759083,0.5873989406189015,0.75,0.0,0.19999999999999996,0.6666666666666667,0.570613261388399,0.0,0.0,0.0,0.5240750126710594,0.9149293880295898,0.6190476190476191,0.875,0.6666666666666667,0.585883207136189,0.5,0.5,0.0,0.0,0.0,0.1017881705639615,0.558974358974359,0.0,0.9285714285714286,0.0,0.10300632911392427,0.6858013406459476,0.0,0.12162162162162171,0.7222222222222222,0.0,0.8333333333333334,0.5507759990223634,0.0,0.0,0.3652173913043478,0.4502109165281861,0.0,0.36363636363636365,0.11111111111111116,1.0,0.0,0.0045801526717556,0.22079037800687273,0.6226226226226226,0.0,0.6666666666666667,0.0,0.0,0.0,0.7062950467719675,0.0,0.6853819553599498,0.2461276372690342,0.7124507577681208,0.33333333333333326,1.0,0.2028929237710123,0.76,0.0,0.895726255675701,0.5186399912539631,0.206896551724138,0.0,0.7,0.029411764705882137,0.7509489252069935,0.6558167790938546,0.0,0.0,0.0,0.0,0.0,0.0,0.0,0.0,0.0,0.0,0.0,0.517241379310345,0.0,0.17692589386776758,0.10437384522310689,0.0,0.4940208633703673,0.0,0.0,0.0,0.0,0.0,0.0,0.0,0.0,0.5212121212121212,0.0,0.7326787512588117,0.0,0.0,0.0,0.0,0.0,0.0,0.0,0.0,0.8815840061514801,0.0,0.8861120429386112,0.0,0.0,0.0,0.4098360655737705,0.5302321004315859,0.0,0.0,1.0,0.33333333333333326,0.0,0.0,0.8655913978494624,0.0,0.0,0.0,0.0,1.0,0.0,0.0,0.46153846153846145,0.3589325426241661,0.032734274711168077,0.731943031536114,0.3999999999999999,0.0,0.8125689084895259,1.0,1.0,0.11652435961828234,0.5663464959089293,0.0,0.25,0.24654752233956123,0.0,0.9238985313751669,0.6635514018691588,0.6833156216790648,0.6948051948051948,0.0,0.635036496350365,0.0,0.9586296056884293,1.0,1.0,1.0,0.05695570112135029,0.0,0.0,0.0,0.0,0.0,1.0,0.0,0.5225148683092609,0.0,0.0,0.0,0.5672043010752688,0.8571428571428571,0.5829903978052127,0.0,0.625,0.0,0.0,0.0,1.0,0.8200575815738964,0.5,0.0,1.0,0.967741935483871,0.0,0.0,0.52659948441528,0.6875,0.0,0.9336332958380202,0.0,1.0,0.0,0.4687500000000001,0.4545454545454546,0.0,0.5446410412853366,0.4042829331602855,1.0,0.0,0.5,1.0,0.762585969738652,1.0,0.0,0.33333333333333337,0.8842478842478843,0.7965779467680608,0.888561387597778,1.0,1.0,0.5652173913043479,1.0,0.8,0.0,0.44999999999999996,0.3529411764705882,0.4373385012919898,1.0,0.5,1.0,1.0,0.0,1.0,0.2857142857142857,0.15147407658420875,0.7777777777777778,0.38547904191616755,0.8823529411764706,0.6989247311827957,0.2803889789303079,0.0,0.5771122038444345,0.8216080402010051,0.590621403912543,0.6363636363636364,0.0,1.0,0.44999999999999996,0.0,0.17333333333333334,1.0,1.0,0.0,0.0,0.0,0.0,0.7883035282745288,0.5049921507064363,0.8542104035456031,1.0,0.8911837494607624,0.5,1.0,0.3137574155274696,0.8181818181818182,0.0,0.8915547729107052,0.0,0.375,0.0,1.0,0.5295840976918654,0.8163405861796291,0.7421042795739115,0.0,0.0,0.0,0.0,0.0,0.0,0.0,0.0,0.0,0.0,0.0,0.5,0.0,0.7782212966176868,0.6470572221919748,0.0,0.46761446611115864,0.3290897517504774,0.0,0.0,0.0,0.0,0.0,0.0,0.0,0.2864335408275357,0.0,0.7052559257986946,0.0,0.0,0.0,0.0,0.0,0.0,0.0,0.0,0.8769499464136864,0.0,0.709828674481515,0.23181818181818192,0.33333333333333326,0.0,0.0,0.0,0.0,0.0,0.5454545454545454,0.0,0.0,0.0,0.501031297641467,0.0,0.0,0.0,0.0,0.33321154548776033,0.4625,0.06958318980365119,0.3930940304330863,0.03127572016460922,0.12670671764063368,0.0,0.6,0.0,0.21616871704745155,0.6666666666666667,0.33333333333333337,0.3694504043571545,0.0,0.0,0.0,0.09349909349909347,0.6923076923076923,0.5597713097713097,0.225833685099198,0.2686099735003613,1.0,0.2857142857142857,0.1428571428571428,0.0,0.7999133824166306,0.1705426356589148,0.0,0.0,0.0,0.5714285714285714,0.0,0.13551020408163272,0.0,0.6969157769869514,0.0,0.0,0.0,0.0,0.0,0.2857142857142857,0.0,1.0,0.41262848751835535,0.0,0.0,0.0,0.44332344213649866,0.3619020501138952,0.0,0.0,1.0,0.0,0.5,0.42295887047268266,0.631578947368421,0.7894736842105263,0.7654320987654321,0.0,0.4785223367697595,0.20916666666666672,0.0,0.9054726368159204,0.625,0.0,0.5064935064935064,0.25,0.9827586206896551,0.7142857142857142,0.0,0.0,0.0,0.0,0.3563458856345887,0.0,0.20707964601769913,0.0,0.0,0.364782740808265,0.75,0.0,0.0,0.6830601092896176,0.0,0.0,0.0,0.0,0.0,0.0,0.0,0.0,0.5,0.0,0.08390068081698032,0.8666666666666667,0.0,0.0,1.0,0.0,0.0,0.0,0.0,0.0,0.0,0.14551020408163284,0.013157894736842035,0.0,0.5,0.5,0.0,0.0,0.3784090909090909,0.5776215582893967,0.0,0.0,0.0,0.0,0.0,0.9537953795379538,0.04166666666666663,0.37799527505906183,0.0,0.9656582174979559,0.0,0.75,0.13672788956481075,0.33333333333333326,0.0,0.7711982893330044,0.0,0.0,0.0,0.5714285714285714,0.5103328023421019,0.5189576547231272,0.48128154152011027,0.0,0.0,0.0,0.0,0.0,0.0,0.0,0.0,0.0,0.0,0.0,0.0,0.0,0.0,0.3495049351534778,0.0,0.3296741471548672,0.0,m2
0.0,0.0,0.0,0.0,0.0,0.6666666666666667,0.0,0.0,0.0,0.7604155252142278,0.0,0.0,0.0,0.8257099501409062,0.0,0.9005124238615488,0.0,0.5191732062039733,0.4548342267222554,0.5970896800636202,0.0,0.0,0.0,0.0,0.03986054318171495,0.0,0.7883474822653798,0.0,0.2857142857142857,0.0,0.0,0.0,0.0,0.0,0.0,0.8564580734125682,0.6976744186046512,0.8580814717477004,0.8867709815078236,0.30273051048674315,0.5890730684957606,0.5769230769230769,0.0,0.0,0.0,0.46323161580790395,0.8613523947400169,0.0,0.33333333333333337,0.28205128205128194,0.3487949474185956,0.0,0.0,0.5361091914305459,0.0,0.0,0.0,0.5162640620912182,0.49572649572649563,0.12633996937212877,0.6109413202933984,0.4574247144340602,0.5653016719166466,1.0,0.4,1.0,0.0,0.44444444444444453,0.7247971145175834,0.0,0.8571428571428571,0.0,0.6000000000000001,0.5714285714285714,0.0,0.0,0.0,0.3548387096774194,0.0,0.8571428571428572,0.9304530453045304,0.0,0.0,0.0,0.3916528468767275,0.38837274774774777,0.0,0.6766824085005904,1.0,0.0,0.33333333333333337,0.0,0.0,0.0,0.0,1.0,0.2809822361546499,0.3401015228426397,0.0,0.0,0.125,0.48903354445226366,0.8369565217391305,0.33333333333333337,0.33479278327168394,0.685028492488344,0.75,0.0,0.19999999999999996,0.6666666666666667,0.5493990032248608,0.0,0.1514267185473409,0.33333333333333326,0.5106928999144568,0.6390675241157555,0.0,0.875,0.6666666666666667,0.8880603130377775,0.5,0.625,0.0,0.29999999999999993,1.0,1.0,0.7179487179487178,0.0,0.0,0.5,0.5013131335055239,0.39893048128342246,0.0,0.5161178107606679,0.41666666666666663,0.6309649543927027,0.0,0.10577319587628864,0.5449711175526036,0.38820988304709725,0.0,0.5800711743772242,0.8748733535967579,0.4444444444444444,0.7777777777777778,0.0,0.0,0.09195402298850586,0.7039473684210527,0.37750294464075396,0.0,0.29166666666666663,0.0,0.0,0.0,0.0,0.4010992882813049,1.0,0.26423677868341955,0.9843902898005269,0.0,0.0,0.0,1.0,0.0,0.9044061999351307,0.0,0.0,0.07692307692307698,0.0,0.3442735042735041,0.0,0.46644680694138585,0.0,0.0,0.0,0.0,0.0,0.0,0.8563393339290919,0.0,0.0,0.0,0.0,0.655,0.0,0.0,0.705440914325956,0.6666666666666667,0.542505316255378,0.0,0.0,0.0,0.0,0.0,0.0,0.0,0.0,0.0,0.0,0.9432301598943817,0.0,0.0,0.0,0.7435897435897436,0.0,0.8321355786763918,0.0,0.7148515808033234,0.6709427060161154,0.7357593489988113,0.0,0.0,0.0,0.0,0.0,0.0,0.6206896551724137,0.0,0.25,0.0,0.0,0.0,0.0,0.0,0.0,0.8557220783514243,0.5087719298245614,0.96,0.9087221095334685,0.0,0.717948717948718,0.6347150259067357,0.0,0.0,0.0,0.9437160217460825,0.9534001625575724,0.0,1.0,0.07314252674183286,0.6356553087568322,1.0,0.2659768715763845,0.5808874777356152,0.0,0.0,0.0,0.7395871061209707,0.6948051948051948,0.8285714285714285,0.7314578005115089,1.0,0.8574156588160408,1.0,0.5,0.0,0.05695570112135029,0.75,0.9047619047619048,0.0,1.0,0.1408918406072106,1.0,0.6666666666666667,0.21310080816673738,0.0,0.0,0.125,1.0,1.0,0.9769595835884874,0.0,0.0,1.0,0.7345663265306123,0.5238095238095237,1.0,0.5990513392857142,0.5,0.0,1.0,0.7096774193548387,0.0,0.0,0.07142857142857151,0.8125,0.0,0.0,0.0,0.0,0.75,0.5635859984890456,0.8181818181818182,0.0,0.0,0.8132088058705804,1.0,0.0,0.5,1.0,0.7423053711526856,1.0,0.7560137457044673,0.33333333333333337,0.8809523809523809,0.24113475177304955,0.0,1.0,1.0,0.9307260610312171,1.0,0.8,0.0,0.44999999999999996,0.8823529411764706,0.4729729729729729,0.7,0.5,0.0,1.0,0.8989992709921135,0.8260869565217391,0.2857142857142857,0.830735343951203,0.5555555555555556,0.8079284713993321,0.0,0.5570817383472191,0.9102457309454395,0.8116926355040618,0.0,0.9440137109279361,0.7513043478260869,0.6363636363636364,0.8571428571428572,1.0,0.44999999999999996,0.25,1.0,1.0,1.0,0.38426453819840356,0.0,0.0,0.0,0.0,0.2829484113103736,1.0,0.7062627009052282,0.9115916334011334,0.0,0.0,0.0,0.13636363636363646,0.0,0.9679398663697105,0.6909722222222223,0.0,0.10526315789473684,0.0,0.025463390196957425,0.0,0.20340617466365984,0.0,0.0,0.0,0.0,0.0,0.0,0.8936478078425698,0.0,0.0,0.0,0.0,0.5,0.0,0.0,0.9120031751431649,1.0,0.46728429560208073,0.0,0.0,0.0,0.0,0.0,0.0,0.0,0.0,0.0,0.0,0.7087496953448695,0.0,0.0,0.0,0.5463242698892246,0.0,0.8780903665814151,0.0,0.35653865674166796,0.1854895186516644,0.6345290711618186,0.0,0.0,0.0,0.0,0.25374732334047123,0.38834951456310696,0.8724919093851132,0.0,0.0,0.0,0.0,0.0,0.0,0.0,0.0,0.819672131147541,1.0,0.938961038961039,0.32799999999999996,0.05932932072227015,0.4867342957471713,0.47818930041152263,0.49469214437367304,0.15384615384615385,0.0,0.33193277310924374,0.6708199356913183,0.0,0.33333333333333337,0.421934312592837,0.41194743130226996,0.0,0.0,0.03951462352209101,0.0,0.0,0.0,0.2927525883612996,1.0,0.0,0.1428571428571428,0.6010396361273554,0.17901029558286297,0.49693251533742333,0.6,0.0,0.08591331269349867,0.4285714285714285,0.4621139459044695,0.0,0.8,0.0,0.0,0.0,0.0,0.0,0.0,1.0,0.0,1.0,0.8555620267909143,0.0,0.0,0.5,0.0,0.4811381074168798,0.0,0.9005740528128587,0.5,0.0,0.0,0.38551258440761205,0.0,0.42800199302441466,0.0,1.0,0.4785223367697595,0.8563829787234043,0.23529411764705876,0.0,0.0,0.02352941176470591,0.0,0.25,0.26136363636363646,0.200339558573854,0.0,0.0,0.0,0.0,0.4265873015873016,0.0,0.16139585605234463,0.4285714285714285,0.028428093645485042,0.06350653296870246,0.56,0.0,0.0,0.9588555858310627,0.0,0.33333333333333337,0.0,1.0,0.3153153153153151,0.0,0.5,0.0,0.0,0.5,0.10637694851204549,0.26923076923076916,0.0,0.352936437605736,0.0,0.0,0.0,0.3829787234042553,0.36798564736369976,0.0,0.6241659152389539,0.0,0.20000000000000007,0.0,0.5,0.0,0.0,0.26315789473684204,0.6666666666666667,0.0,0.0,0.6923076923076923,0.0,0.0,0.0,0.0,0.0,0.6007655414130235,0.2068965517241378,0.3825072886297376,0.0,1.0,0.0,0.33333333333333326,0.0,0.8636968753139758,0.3366228070175439,0.0,0.0,0.0,0.0,0.0,0.48228235544929876,0.0,0.0,0.0,0.0,0.0,0.0,0.8872875887287588,0.0,0.0,0.0,0.0,0.0,0.0,0.2420283892203251,0.48712784588441327,0.0,0.3296741471548672,0.0,m2
0.0,0.0,0.0,0.0,0.0,0.0,0.0,0.0,0.0,0.7602186987424822,0.0,0.0,0.0,0.0,1.0,0.0,0.0,0.0,0.7314050828862138,0.0,0.0,0.0,0.0,0.0,0.0,0.20330962800875285,0.0,0.0,0.2857142857142857,0.0,0.0,0.6608785873693278,0.0,0.0,0.0,0.8259438601800712,0.0,0.9023102310231024,0.7306046776953794,0.0,0.0,0.1794871794871794,0.3641088572872303,0.6458423466297483,0.4302967563837129,0.0,0.190881098336111,0.0,0.33333333333333337,0.0,0.2666786780603315,0.0,0.2632297712529873,0.9009264262087687,0.7971841704718416,0.0,0.9142901425914445,0.0,0.8837606837606837,0.7942894224529526,0.0,0.0,0.5596465390279823,0.0,0.4,0.0,0.641933887024916,0.5555555555555556,0.7676823231767682,0.21871261067240966,0.5714285714285714,0.0,0.6000000000000001,1.0,0.11782518926359264,0.0,0.7354758961681088,0.0,0.2666666666666666,0.2857142857142857,0.5227153201990372,0.8915329275041506,0.6428571428571428,0.0,0.3287435456110155,0.0,0.0,0.0,0.0,0.0,0.33333333333333337,0.6379915730337079,0.0,0.17391304347826086,0.8753358409457281,1.0,0.4488517745302715,0.0,0.0,0.0,0.0,0.5002985787650782,0.5124674358020097,0.0,0.0,0.5844499962147021,0.75,0.0,0.19999999999999996,0.0,0.5162154120797382,0.7777777777777778,0.3451982799808885,0.11111111111111105,0.0,0.0,0.6190476190476191,0.0,0.6666666666666667,0.0,0.0,0.0,0.6666666666666667,1.0,0.5454545454545454,0.19218891916439595,0.7179487179487178,0.0,0.9285714285714286,0.0,0.6406548300878196,0.0,0.0,0.0,0.0,0.0,0.8333333333333334,0.0,0.42122494942964994,0.3528837257119358,0.2726262212601651,0.6680959154643366,0.0,0.4444444444444444,0.0,1.0,0.0,0.6563126252505012,0.20686695278969947,0.37750294464075396,0.0,0.0,0.0,0.0,0.0,0.0,0.4010992882813049,0.6844684172050659,0.07474319929799211,0.0,0.0,0.0,0.0,0.84,0.0,0.0,0.0,0.0,0.16666666666666663,0.7,0.9144399791391846,0.0,0.0,0.0,0.0,0.0,0.0,0.0,0.0,0.8910551065948891,0.0,0.0,0.0,0.0,0.0,0.0,0.5904659746979211,0.0,0.0,0.0,0.5776232552370251,0.0,0.0,0.0,0.0,0.0,0.0,0.0,0.0,0.0,0.9432301598943817,0.0,0.0,0.0,0.0,1.0,0.0,0.0,0.0,0.889615642406453,0.0,0.0,0.0,0.0,0.0,0.4098360655737705,0.4153296732583551,0.0,0.0,0.25,0.0,0.0,0.6203351640613998,0.0,0.0,0.0,0.8211436809226333,0.0,0.8187766432041241,0.7392739273927393,0.18584070796460184,0.0,0.24974093264248698,0.0,0.7079734219269104,0.3999999999999999,0.0,0.0,0.23076923076923073,1.0,0.0,0.0,0.0,0.2659768715763845,0.9195064629847238,0.7567039106145252,0.0,1.0,0.0,0.6233766233766234,0.85,0.0,0.0,0.8517538054268696,0.5,1.0,0.0,0.827023426224048,0.75,1.0,0.09019607843137267,1.0,0.13123236124176862,1.0,0.7777777777777778,0.0,0.0,0.6226522481502561,0.0,0.48677884615384603,0.5714285714285714,0.7281945357243451,0.9391331079003996,0.75,0.0,0.8052319191030995,0.1428571428571428,1.0,0.0,0.0,0.0,1.0,0.6129032258064515,1.0,0.32515831276161855,0.9081400636653024,0.8125,0.7712,0.11135857461024479,0.0,0.0,0.0,0.5651644336175395,0.6363636363636365,0.75,0.5564368517388651,0.4768353528153956,1.0,0.0,0.0,0.0,0.7960396039603961,1.0,0.7056603773584905,0.0,0.19736842105263175,0.0,0.8837359792924936,1.0,1.0,0.0,0.0,0.0,1.0,0.9,0.8235294117647058,0.8584558823529411,0.7,0.5,1.0,1.0,0.8903942468216258,0.0,0.2857142857142857,0.12645322840279005,0.0,0.0,0.8823529411764706,0.0,0.0,0.7613086296110833,0.5634659593280282,0.9440137109279361,0.0,0.6363636363636364,0.0,1.0,0.44999999999999996,0.75,0.21739130434782616,1.0,1.0,0.0,0.0,0.0,0.0,0.0,0.37038689172289085,0.10861423220973787,0.0,0.0,0.0,0.0,0.0,0.9545454545454546,0.0,0.0,0.9084556254367575,0.0,0.1724137931034483,1.0,0.8845762409994148,0.0,0.0,0.0,0.0,0.0,0.0,0.0,0.0,0.9593160661746973,0.0,0.0,0.0,0.0,0.0,0.0,0.922926731078905,0.7257871832067584,0.0,0.0,0.4443087445041525,1.0,0.0,0.0,0.0,0.0,0.0,0.0,0.0,0.0,0.6275035483362246,0.0,0.0,0.0,0.0,0.6666666666666667,0.0,0.0,0.0,0.7285807717462394,0.0,0.0,0.0,0.0,0.0,0.0,0.0,0.0,0.0,0.0,0.0,0.0,0.919921875,0.0,0.0,0.0,0.5516927083333333,0.0,0.347748391708363,0.8968609865470852,0.35236457437661217,0.0,0.34023464458247066,0.5292961069602831,0.0,0.6,0.0,0.10115606936416166,0.0,0.33333333333333337,0.0,0.5467144563918758,0.0,0.0,0.6483873656138011,1.0,0.0,0.6016873889875667,0.0,1.0,0.6952380952380952,0.0,0.0,0.2455608488523171,0.0,0.4,0.0,0.7832140015910899,0.5714285714285714,0.49691311549465433,0.35442764578833685,0.3999999999999999,0.0,0.0,0.33333333333333337,0.41176470588235303,0.0,1.0,0.5,0.0,0.0,0.0,0.75,0.0,0.0,0.0,0.0,0.0,0.0,0.0,0.0,0.0,0.4367816091954022,0.0,0.0,0.03750000000000009,1.0,0.48951048951048937,0.4331715924128805,0.23529411764705876,0.0,0.625,0.2538100820633058,0.18796992481203012,0.25,0.7719298245614036,0.816711590296496,0.0,0.0,0.5,0.0,0.04356435643564349,0.0,0.1628318584070796,0.2857142857142857,0.31845238095238104,0.0,0.75,0.0,0.0,0.0,0.0,0.0,0.0,0.0,0.16561514195583604,0.0,0.5,0.0,0.5,0.0,0.18113642918950112,0.0,0.0,0.0,0.0,0.30259456080025016,0.0,0.5733194009056078,0.6930237213492143,0.0,0.0,0.41121101432986806,0.0,0.0,0.0,0.5,0.0,0.7368421052631579,0.33333333333333337,0.0,0.0,1.0,0.0,0.0,0.0,0.0,0.0,0.0,0.4482758620689654,0.0,0.5,0.0,0.0,0.0,0.0,0.0,0.8768974145120935,0.0,0.5,0.5714285714285714,0.8782783041748861,0.0,0.0,0.0,0.0,0.0,0.0,0.0,0.0,0.946627607887968,0.0,0.0,0.0,0.0,0.0,0.0,0.2633204633204632,0.0,0.0,0.0,0.5882142715323828,m2
0.0,0.0,0.7391304347826086,0.0,0.0,0.0,0.0,0.7777389684480149,0.0,0.0,0.6551724137931034,0.593064746844397,0.0,0.0,0.5,0.0,0.0,0.0,0.0,0.0,0.0,0.7571022727272727,0.25,0.0,0.006175156968088569,0.017011377267274863,0.7842614204734912,0.0,0.0,0.0,0.0,0.8854916774878999,0.0,0.0,0.0,0.0,0.6976744186046512,0.0,1.0,0.3004725649776844,0.0,0.0,0.2591496426766766,0.6314507535393515,0.7397260273972603,0.9450676344440778,0.14949056863555021,0.0,0.6666666666666667,0.28205128205128194,0.0,0.0,0.6446776611694154,0.32358693059861665,0.8179542981501633,0.0,0.7009964896387725,0.4602717538018538,0.8608470181503889,0.1489795918367347,0.0,0.0,0.5593220338983051,1.0,0.0,0.0,0.8540211759405272,0.0,0.6916973963571349,0.2712469124508279,0.1428571428571428,0.31624102154828415,0.558974358974359,1.0,0.4585987261146497,0.8333333333333334,0.7354758961681088,0.19354838709677413,0.0,0.2857142857142857,0.0,1.0,0.6428571428571428,0.0,0.02782659636789675,0.2700067704807041,0.0,0.41285452881976203,0.0,0.0,0.6666666666666667,0.06882022471910121,0.0,0.0,0.8752166377816291,0.5,0.2808390732623669,0.0,0.0,0.13824561403508795,0.0,0.2260934579439252,0.8711978971085242,0.0,0.6373322147651006,0.6492931695072004,0.75,0.0,1.0,0.6666666666666667,0.0,0.0,0.03556975505857274,0.7777777777777778,0.8376863804663264,0.3657627118644068,0.0,0.875,0.6666666666666667,0.8832678174670996,0.5,0.5,0.6666666666666667,0.29999999999999993,1.0,0.10999451854558728,0.558974358974359,0.0,0.8571428571428571,0.0,0.5342955419167734,0.0,0.5286654135338346,0.5748193006446571,0.7222222222222222,0.6302447552447553,0.0,0.03314803376569897,0.0,0.1096502108657903,0.46380487804878057,0.573751948117239,0.026929260450160752,0.4444444444444444,0.0,0.0,0.0,1.0,0.2195121951219512,0.437191760951552,0.0,0.0,0.0,0.0,0.0,0.0,0.4010992882813049,0.9929972299168975,0.0,0.36122472701911423,0.0,0.0,0.0,0.16000000000000003,0.0,0.0,0.5104602510460253,0.0,0.07692307692307698,0.0,0.008702975856260453,0.9158762690052905,0.48849026865135026,0.0,0.0,0.0,0.0,0.0,0.7613010232767345,0.0,0.8196692275333761,0.0,0.0,0.0,0.0,0.0,0.0,0.0,0.0,0.0,0.8343133150458957,0.0,0.0,0.8888888888888888,0.0,0.0,0.0,0.0,0.7666666666666666,0.0,0.0,0.6525514008735485,0.626212899543379,0.0,0.0,1.0,0.0,0.0,0.0,0.0,0.0,0.0,0.8,0.0,0.0,0.0,0.0,0.6206896551724137,0.21212121212121204,0.25,0.0,0.0,0.6023062139654067,0.0,0.0,0.0,0.0,0.5087719298245614,0.0,0.7196606418295832,0.0,0.0,0.0,0.675568743818002,0.711276332094176,0.7333333333333334,0.9989189189189189,0.0,0.23076923076923073,1.0,0.07314252674183286,0.6186716791979949,0.0,0.0,0.2305023591451567,0.7625698324022346,0.0,0.8713052576510594,0.42494226327944584,0.6000000000000001,0.0,0.017871649065800188,0.0,0.8493611297915266,0.75,1.0,0.0,0.9485955368047074,0.5,0.5070422535211268,0.5572139303482587,0.0,0.8259013282732448,1.0,0.1428571428571429,0.0,1.0,0.6874115983026874,1.0,0.0,0.5714285714285714,0.6463738207547169,0.3431763766959298,0.75,0.0,0.0,0.5238095238095237,1.0,0.8047210300429184,0.0,0.0,1.0,0.19354838709677402,0.0,0.31305395404870484,0.3571428571428571,0.6875,0.0,0.4657534246575342,0.0,0.5454545454545454,0.0,0.35897435897435903,0.8181818181818182,0.75,0.0,0.7503052503052503,1.0,0.0,0.5,1.0,0.5369542798212444,1.0,0.22569444444444442,1.0,0.9579579579579579,0.2456207159177457,0.0,1.0,1.0,0.9328055964653903,1.0,0.8,1.0,0.44999999999999996,0.8823529411764706,0.3792569659442724,1.0,0.5,1.0,1.0,0.734326505276226,0.0,0.0,0.8305343511450382,0.7777777777777778,0.0,0.0,0.6989247311827957,0.29279466888796346,0.18181818181818177,0.5262718932443702,0.8216080402010051,0.0,0.6363636363636364,0.0,0.0,0.44999999999999996,0.875,0.5333333333333333,1.0,1.0,0.8656716417910448,0.0,0.0,0.0,0.0,0.28298908162783,0.9753036437246964,0.7095890410958905,0.542136213303464,0.0,0.0,0.0,0.13636363636363646,0.0,0.0,0.0,0.0,0.10526315789473684,0.0,0.5298739654521103,0.964596548163446,0.7416214192098858,0.0,0.0,0.0,0.0,0.0,0.7440327411110361,0.0,0.8148148148148148,0.0,0.0,0.0,0.0,0.0,0.0,0.7883653071733189,0.0,0.0,0.8873317013463892,1.0,0.0,0.7238493723849373,0.0,0.0,0.0,0.0,0.7005225342913128,0.0,0.0,0.7863525588952072,0.48642779587404983,0.0,0.0,0.6666666666666667,0.0,0.0,0.0,0.0,0.0,0.0,0.875,0.33333333333333326,0.0,0.25374732334047123,0.4034021871202915,0.8724919093851132,0.0,0.0,0.0,0.0,0.9200241740531829,0.0,0.0,0.0,0.0,1.0,0.0,0.96,0.0600171969045572,0.0,0.0,0.0,0.0,0.0,1.0,0.40347334410339253,0.0,0.6666666666666667,0.4083688844513026,0.0,0.0,0.375620347394541,0.015269554378311456,0.6923076923076923,0.0,0.3331924783435454,0.3737950731881471,0.75,0.2857142857142857,0.0,0.0,0.17460846384538486,0.803921568627451,0.0,0.0,0.736842105263158,0.0,0.44584482079558874,0.19874599008457283,0.19999999999999996,0.13404507710557523,0.0,0.33333333333333337,1.0,0.6666666666666667,1.0,0.0,0.0,0.0,0.0,0.0,0.0,0.0,0.38740920096852305,0.36409836065573764,0.0,0.1938405797101448,0.0,0.0,0.5,0.0,0.0,0.0,0.0,0.0,0.5691756272401434,0.0,0.23529411764705876,0.3276157804459692,0.625,0.0,0.13636363636363613,0.25,0.6666666666666667,0.19282511210762343,0.0,0.0,1.0,0.0,0.0,0.0,0.31264023934180996,0.7142857142857142,0.7571428571428571,0.28484426657386475,0.56,0.0,0.0,0.9588555858310627,0.0,0.0,0.0,0.0,0.0,0.30020283975659223,0.0,0.0,0.0,0.0,0.10637694851204549,0.0,0.650632911392405,0.40113185235239457,0.5555555555555556,0.8860039564787339,0.0,0.0,0.0,0.16163456533055687,0.0,0.2526603001364256,0.19999999999999996,0.0,0.0,0.5,0.0,0.9375,0.3784090909090909,0.23024523160762944,0.0,0.0,0.0,0.0,0.0,0.0,0.0,0.00541764372927922,0.22413793103448265,0.07564027409997753,0.6666666666666667,0.0,0.0,0.33333333333333326,0.0,0.0,0.0,1.0,0.0,0.0,0.40563794068270853,0.8882084690553746,0.41074069860052353,0.0,0.0,0.0,0.0,0.0,0.9329288843950118,0.0,0.7358490566037736,0.0,0.0,0.0,0.0,0.0,0.25952233889232035,0.15370645534092797,0.0,0.0,0.8058461283878823,m2
0.5714285714285714,0.7065637065637065,0.0,0.8813020198271748,0.0,0.0,0.0,0.8503937007874016,0.8400984009840098,0.0,0.0,0.0,0.0,0.0,0.0,0.0,0.0,0.620648552125329,0.0,0.0,0.0,0.0,0.33333333333333326,0.0,0.0,0.006320525639194274,0.5883335560604037,0.7202272667352159,0.2857142857142857,0.0,0.0,0.0,0.0,0.0,0.0,0.0,0.0,0.10461461083867696,0.0,0.0,0.5890730684957606,0.5769230769230769,0.0,0.6458423466297483,0.4814814814814815,0.6859710434348478,0.0,0.0,0.0,0.6265841438255231,0.7669557138432952,0.0,0.0,0.4256559766763849,0.0,0.0,0.5638507593457945,0.4832041343669249,0.4922547332185886,0.9172366621067032,0.06625766871165617,0.0,0.8305084745762712,0.1428571428571429,0.8,0.5,0.0,0.44444444444444453,0.5156772334293949,0.25791232553567933,0.0,0.31279965131483367,0.6000000000000001,1.0,0.64,0.0,0.7354758961681088,0.0,0.0,0.5714285714285714,0.0,0.9354037267080745,0.0,1.0,0.9282776078472735,0.8933247477999571,0.0,0.594758446479318,0.0,0.48221786614393736,0.6666666666666667,0.7178002894356006,0.7777777777777778,0.0,0.0,0.0,0.0,0.9210465740811785,0.32357723577235775,0.5773542600896862,0.0,0.0,0.8711978971085242,0.5,0.5926518734085122,0.31047694543532833,0.75,0.0,0.19999999999999996,0.0,0.09811694747274513,0.0,0.09502262443438914,0.11111111111111105,0.6200260926288323,0.9098856758574311,0.0,0.875,0.6666666666666667,0.0,0.5,0.5,0.0,1.0,0.9090909090909091,0.0,0.7179487179487178,0.0,0.8571428571428571,0.0,0.0,0.0,0.46190476190476193,0.0,0.0,0.6075930296791041,0.0,0.3666745116497999,0.4232975437564347,0.18483829650976635,0.7245523231602118,0.0,0.05054479418886204,0.4444444444444444,0.11111111111111116,1.0,0.0,1.0,0.20171673819742497,0.7061574434918161,0.0,0.6666666666666667,0.0,0.0,0.0,0.0,0.9733105489394687,0.6259029597903215,0.07758130466570978,0.3616574409274589,0.33333333333333326,0.9885558583106268,0.2610745527794526,0.0,0.0,0.9043264884411727,0.5186399912539631,0.0,0.16666666666666663,0.7,0.3442735042735041,0.39158446636452504,0.8947621766611781,0.0,0.0,0.0,0.0,0.0,0.0,0.740044629912127,0.0,0.9795923816304735,0.0,0.0,0.4206349206349206,0.0,0.5110299902445165,0.0,0.6666666666666667,0.9266625894115457,0.48179308531615617,0.0,0.5741935483870968,0.0,0.7916666666666666,0.0,0.0,0.0,0.7666666666666666,0.5945945945945946,0.0,0.0,0.0,0.0,0.0,0.0,0.0,0.0,0.8427225130890053,0.0,0.0,0.0,0.0,0.0,0.0,0.4098360655737705,0.41772846322644597,0.6206896551724137,0.6444444444444444,0.0,0.0,0.0,0.0,0.0,0.0,0.0,0.0,0.0,0.0,0.0,0.14367816091954033,0.717948717948718,0.6347150259067357,0.0,0.7711213517665132,0.7333333333333334,0.9036777583187391,0.30288713910761156,0.23076923076923073,1.0,0.6544450025113009,0.9450261780104712,0.0,0.2659768715763845,0.2280918970972624,0.0,0.0,0.7090336134453782,0.40619340818544003,0.8,1.0,0.6527472527472528,0.0,0.9133574007220217,1.0,1.0,1.0,0.05695570112135029,0.75,0.704225352112676,0.17572463768115942,0.0,0.6875,1.0,1.0,0.0,0.0,0.6226522481502561,0.0,0.0,0.8571428571428571,0.7289135716765012,0.9432471264367817,0.0,0.0,1.0,0.8260869565217391,1.0,0.83295380611581,0.0,1.0,1.0,0.7096774193548387,1.0,0.6330215000820614,0.0,0.0,0.5824,0.9590664272890485,0.08299866131191436,0.31775700934579443,0.0,0.0,0.8181818181818182,0.9166666666666666,0.980272523896685,0.5898801597869507,1.0,0.0,0.0,0.0,0.5545366795366795,1.0,0.2609992542878449,0.0,0.7362399505256647,0.5087585681645088,0.0,1.0,1.0,0.0,1.0,0.8,0.0,0.9,0.3529411764705882,0.5170278637770898,0.7,0.5,1.0,0.5,0.0,0.6666666666666667,0.0,0.12645322840279005,0.0,0.38847305389221554,0.0,0.5040530582166545,0.0,0.7627118644067796,0.7325024877979435,0.10591350397175647,0.0,0.6363636363636364,0.0,1.0,0.44999999999999996,0.75,0.4814814814814815,1.0,1.0,0.0,0.0,0.0,0.0,0.0,0.9452190764286051,0.0,0.6825346784363178,0.563897165616063,0.5,0.9576271186440678,0.27197760696672135,0.0,0.0,0.9625552282768778,0.0,0.0,0.1724137931034483,1.0,0.23425895264676655,0.5506338371526085,0.9547731591262425,0.0,0.0,0.0,0.0,0.0,0.0,0.8936478078425698,0.0,0.9913617886178862,0.0,0.0,0.5,0.0,0.9254378010196884,0.7318986151478886,1.0,0.9387943407832684,0.21572827417380636,1.0,0.7966804979253113,0.0,0.60421805624075,0.0,0.0,0.0,0.7189009661835748,0.6557566422795533,0.0,0.0,0.0,0.0,0.0,0.0,0.0,0.0,0.9682157890215617,0.0,0.0,0.0,0.23181818181818192,0.0,0.0,0.0,0.0,0.6207502930832356,0.8257839721254355,0.0,0.0,0.0,0.0,0.0,0.0,0.0,0.0,0.0,0.5985401459854015,0.4625,0.0,0.5354742345033607,0.5348516218081434,0.0,0.0,0.0,0.7569039284325165,0.4200351493848856,0.0,0.0,0.683116025746823,0.7682198327359617,0.0,0.0,0.08769709947440141,0.0,0.0,0.19381313131313127,0.5699831365935919,1.0,0.8380952380952381,0.1428571428571428,0.0,0.7655502392344498,0.44217687074829926,0.8,0.0,0.0,0.4285714285714285,0.5219851116625311,0.31706961840955417,0.0,0.6892366656020441,0.0,0.33333333333333337,1.0,0.0,1.0,0.2857142857142857,0.0,0.0,0.12707838479809996,1.0,0.0,0.0,0.5490716180371352,0.6704918032786885,0.0,0.19235436893203883,0.4,0.3560157790927021,0.5,0.5804597701149425,0.7894736842105263,0.6940024479804162,0.0,0.33333333333333337,0.0,0.9852150537634409,0.0,0.8010291595197255,0.625,0.31663268278473644,0.0,0.25,0.8688524590163935,0.009628610729023324,0.0,0.0,0.44444444444444453,0.0,0.38591549295774663,0.0,0.0,0.2857142857142857,0.6222056631892697,0.36977441236788144,0.0,0.0,0.0,0.0,0.0,0.0,0.0,0.0,0.0,0.0,0.5,0.0,0.0,0.5,0.12201667784913262,0.0,0.4925373134328358,0.0,0.0,0.0,0.0,0.0,0.695626183122447,0.0,0.15419254658385095,0.0,0.0,0.0,0.5,0.5,0.0,1.0,0.32777777777777783,0.5429155313351499,0.0,0.0,0.0,0.0,0.0,0.0,0.8478031634446398,0.4519156217415715,0.22413793103448265,0.6913433749928228,1.0,0.5,0.13672788956481075,0.0,0.0,0.8585686160709205,0.0,0.0,0.5,0.5714285714285714,0.0,0.49467251645252275,0.8069413986354775,0.0,0.0,0.0,0.0,0.0,0.0,0.5167311051361059,0.0,0.9594594594594594,0.0,0.0,1.0,0.0,0.25142857142857156,0.01986101909061544,0.0,0.8872494148773786,0.6718659413096136,m2
0.0,0.0,0.0,0.0,0.0,0.0,0.0,0.7228106676754302,0.6709235609846382,0.0,0.0,0.593064746844397,0.0,0.0,0.0,0.0,0.0,0.6858828533910374,0.0,0.0,0.0,0.41691248770894784,0.0,0.0,0.006175156968088569,0.16933165648580673,0.7883474822653798,0.0,0.2857142857142857,0.768370607028754,0.0,0.8852749852158486,0.5559541172296899,0.0,0.0,0.9134180011043622,0.0,0.8047437261405594,0.0,0.6840861344537815,0.4187863199009241,0.0,0.0,0.0,0.1866028708133971,0.0,0.2861108907749662,1.0,0.33333333333333337,0.2050737820901556,0.2958228967143066,0.0,0.0,0.0,0.7399846245835826,0.47729291254662787,0.9113644421414351,0.0,0.35387323943661975,0.987928536938677,0.8469217970049917,0.5488798370672097,0.5653016719166466,1.0,0.0,1.0,0.5344109033566119,0.44444444444444453,0.4378675628198274,0.29595261599210254,0.5714285714285714,0.4274895872775465,0.558974358974359,0.5714285714285714,0.1390877192982456,0.0,0.0,0.19354838709677413,0.0,0.2857142857142857,0.0,0.0,0.0,0.16666666666666663,0.8760968592663629,0.014888027023645556,0.0,0.5063767867842164,0.0,0.0,0.33333333333333337,0.06882022471910121,1.0,0.0,0.0,0.0,0.8622417031934878,0.0,0.0,0.6631299734748011,0.0,0.5866409864384569,0.0,0.33333333333333337,0.5318923375934979,0.5781835772161084,0.75,0.0,0.0,0.0,0.0,0.0,0.0,0.7777777777777778,0.005141388174807138,0.2887181560857258,0.6190476190476191,0.875,0.6666666666666667,0.33888629404743364,0.5,0.0,0.0,0.29999999999999993,1.0,0.09976247030878882,0.558974358974359,0.0,0.9285714285714286,0.0,0.3191924641981968,0.37833008447043526,0.0,0.006444209039548121,0.0,0.6230141271936256,0.8333333333333334,0.10397553516819624,0.5381511605682856,0.6619436439321166,0.42158507181046234,0.30472800773354425,0.6432877813504823,0.36363636363636365,0.0,0.0,0.3076923076923077,0.0,0.20686695278969947,0.9308617234468938,0.0,0.0,0.0,0.0,0.0,0.0,0.0,0.9926924326079896,0.0,0.8772688396845006,0.0,0.9684684684684685,0.7266698868561887,1.0,0.0,0.0,0.0,0.0,0.0,0.7,0.0,0.5264457058350187,0.4664299412049818,0.0,0.0,0.0,0.0,0.0,0.5602727705768797,0.9240497822697704,0.0,0.0,0.0,0.0,0.0,0.9921751751120086,0.0,0.16282060683321953,0.6666666666666667,0.0,0.0,0.0,0.0,0.0,0.0,0.0,0.0,0.0,0.7666666666666666,1.0,0.0,0.0,0.626212899543379,0.0,0.0,0.0,0.0,0.0,0.8177339901477833,0.0,0.0,0.0,0.7142857142857143,0.0,0.0,0.0,0.0,0.6206896551724137,0.21212121212121204,0.0,0.0,0.0,0.6006707081129885,0.8655913978494624,0.0,0.0,0.8648942478750741,0.0,0.8018994413407821,0.0,0.957680250783699,0.4472984942426924,0.0,0.6337332392378265,0.0029239766081871066,0.0,0.0,0.5367871136264692,1.0,0.0,0.11652435961828234,0.6335861321776814,0.0,0.6293706293706294,0.0,0.7307692307692307,0.2947045280122794,1.0,0.0,0.6000000000000001,1.0,0.9122231337161608,0.36496350364963503,0.8574156588160408,1.0,1.0,0.0,0.827023426224048,0.75,1.0,0.5318066157760815,0.5,0.0,1.0,0.0,0.0,0.0,0.0,0.5,0.0,0.5714285714285714,0.0,0.0,0.0,0.0,1.0,0.0,1.0,0.8318598559266536,0.0,0.0,1.0,0.19354838709677402,0.5,0.6040359177367963,0.7142857142857143,0.0625,0.9309484193011647,0.6482678983833718,0.0,1.0,0.0,0.45746777862016685,0.4545454545454546,0.0,0.980272523896685,0.8972691807542262,1.0,0.0,0.0,0.0,0.506711409395973,1.0,0.44747081712062264,1.0,0.0,0.0,0.8575305291723202,1.0,1.0,0.3386978785662035,1.0,0.0,0.0,0.44999999999999996,0.8823529411764706,0.30338164251207744,1.0,0.5,1.0,0.5,0.6427945411293352,1.0,0.2857142857142857,0.0,0.0,0.4442295293359123,0.8823529411764706,0.5697775839511556,0.8965424095083738,1.0,0.6720018205264354,0.0,0.9473023839397742,0.6363636363636364,0.0,0.0,0.65,0.0,0.29032258064516137,1.0,1.0,0.0,0.0,0.0,0.0,0.0,0.0,1.0,1.0,0.9279379349844664,0.0,0.9915254237288136,0.850297176820208,0.0,0.0,0.0,0.8355963302752294,0.0,0.0,1.0,0.538130949567011,0.5466391306485715,0.17113312424308313,0.0,0.0,0.0,0.0,0.0,0.6110682210041432,0.9173372348207754,0.0,0.0,0.0,0.0,0.0,0.9935668334524661,0.0,0.0,1.0,0.0,0.0,1.0,0.0,0.0,0.0,0.0,0.0,0.0,0.6969596827495044,0.6613823715916296,0.0,0.0,0.48642779587404983,0.0,0.0,0.0,0.0,0.0,0.9676155654217812,0.0,0.0,0.0,0.0,0.33333333333333326,0.0,0.25374732334047123,0.4015556635877491,0.8734866828087167,0.0,0.0,1.0,0.0,0.674245939675174,0.501257183908046,0.0,0.0,0.36877617496510007,0.0,0.3469026548672567,0.5,0.0,0.36482449589245725,0.0,0.0,0.15384615384615385,1.0,0.0,0.0,0.5555555555555556,0.6666666666666667,0.3305223410950283,0.3600912448403214,0.0,0.0,0.0,0.6923076923076923,0.41092327698309505,0.5527690700104493,0.0,0.0,0.8380952380952381,0.8571428571428572,0.27485029940119765,0.17901029558286297,0.053097345132743334,0.0,0.0,0.2648376259798433,0.4285714285714285,0.1323155216284988,0.2475247524752474,0.6,0.6892366656020441,0.0,0.0,1.0,0.0,0.0,0.0,0.0,1.0,0.2094994087504929,0.0,0.0,0.5,0.6479041916167665,0.0,0.0,0.0,0.4,0.0,0.0,0.0,0.20000000000000018,0.12940528634361226,0.7584745762711864,1.0,0.8279569892473119,0.0,0.0,0.3030303030303031,0.0,0.8492983526540574,0.5064935064935064,0.25,0.8333333333333334,0.0,0.0,0.0,0.0,0.0,0.0,0.0,0.0,0.7142857142857142,0.3666666666666666,0.4742010652463382,0.24,0.0,0.0,0.24416243654822334,0.0,0.0,0.0,1.0,0.0,0.3798882681564246,0.0,0.0,0.5,0.5,0.0,0.26923076923076916,0.0,0.6215536674180684,0.44444444444444453,0.0,0.0,0.3829787234042553,0.5692840646651269,0.7993119266055045,0.19539869608826466,0.6862116991643454,0.5733333333333335,0.0,0.0,0.5,0.29268292682926833,0.0,0.33333333333333337,0.8836772983114447,0.0,0.0,0.0,0.0,0.0,0.0,0.04604569420035154,0.6956791622810568,0.22413793103448265,0.0,0.0,0.5,0.46844291062236787,0.0,0.0,0.0,0.8715679190751445,0.0,0.0,0.5714285714285714,0.1630263737647133,0.1346457824400059,0.4887412555298728,0.0,0.0,0.0,0.0,0.0,0.9329288843950118,0.7896100327753027,0.0,0.0,0.0,0.0,0.0,1.0,0.0,0.7260967379077616,0.0,0.0,0.6220735785953178,m2
0.0,0.0,0.0,0.0,0.0,0.0,0.0,0.0,0.0,0.0,0.0,0.0,0.7161222462455443,0.0,1.0,0.0,0.8888888888888888,0.717179858021352,0.0,0.0,0.0,0.0,0.33333333333333326,0.7498274331919929,0.006175156968088569,0.0,0.7029024698034974,0.0,0.2857142857142857,0.0,0.0,0.8840868352917746,0.0,0.0,0.0,0.0,0.360116873630387,0.0,0.09090909090909094,0.7855660377358491,0.6372106041824943,0.1794871794871794,0.0,0.0,0.0,0.46933728981206735,0.8956252323708018,1.0,0.33333333333333337,0.23477100933748307,0.19477628552348447,0.0,0.3112033195020746,0.853779942137325,0.0,0.0,0.6838131335920343,0.4689416846652268,0.39457937346004934,0.5652642934196332,0.0,0.0,0.0,1.0,0.4,1.0,0.0,0.22222222222222232,0.0,0.16682503054160458,0.0,0.46328,0.6000000000000001,1.0,0.6785714285714286,0.8333333333333334,0.34749303621169925,0.0,0.2666666666666666,0.2857142857142857,0.0872126319234231,0.3007731958762885,0.6428571428571428,1.0,0.8793187347931873,0.310913864233029,0.0,0.5204760238011901,0.5714285714285714,0.5485849056603774,0.33333333333333337,0.6379915730337079,1.0,0.2941176470588235,0.0,0.2666666666666666,0.0,0.18656914893617027,0.0,0.0,0.0,0.8697830544348171,0.0,0.33333333333333337,0.1900518836002708,0.0,0.75,0.0,0.0,0.6666666666666667,0.5001075731497417,0.7777777777777778,0.0,0.11111111111111105,0.17982799061767007,0.0,0.0,0.0,0.6666666666666667,0.8908915515840781,0.0,0.0,0.0,1.0,0.2727272727272726,0.10378220354467393,0.7179487179487178,0.0,0.0,0.0,0.4475730801917803,0.4586064160055191,1.0,0.4817266949152541,0.7222222222222222,0.6726623062015504,0.8333333333333334,0.10706197241095339,0.5103864578634185,0.18483829650976635,0.0,0.6527058695296746,0.19623249722977731,0.4444444444444444,0.7777777777777778,0.7916666666666666,0.3076923076923077,0.0,0.22345890410958913,0.5006495193556768,0.0,0.0,0.0,0.0,0.0,0.0,0.8977953942411636,0.8741830562057331,0.2644359619913911,0.0,1.0,0.9634301359147355,0.6807166521920937,0.76,0.0,0.0,0.0,0.206896551724138,0.5714285714285714,0.0,0.0,0.5054397976737033,0.30087188556889755,0.0,0.0,0.0,0.0,0.0,0.0,0.5109143972336793,0.0,0.0,0.0,0.0,0.0,0.0,0.0,0.0,0.6666666666666667,0.4934614622548048,0.0,0.0,0.0,0.0,0.0,0.0,0.0,0.0,0.0,0.0,0.0,0.0,0.0,0.8214611872146118,0.0,1.0,0.0,0.7142857142857143,0.8427225130890053,0.0,0.0,0.0,0.0,0.0,0.42233009708737856,0.0,0.0,0.6206896551724137,0.0,0.25,0.33333333333333326,0.0,0.600216951826833,0.0,0.0,0.0,0.0,0.5087719298245614,0.0,0.861322842389968,0.6172566371681417,0.6882196634189548,0.3589325426241661,0.6442769019876629,0.0,0.0,0.7670384138785625,0.9487332339791357,0.6153846153846154,0.0,0.09994256174612282,0.0,1.0,0.2659768715763845,0.686408504176158,0.0,0.0,0.8713052576510594,0.7395871061209707,1.0,0.745724907063197,0.0,0.0,0.0,0.75,0.5,0.0,0.05695570112135029,0.0,0.0,0.5470737913486006,0.0,0.0,1.0,1.0,0.8692962103634958,1.0,0.5170814002530577,0.0,0.0,0.5714285714285714,0.2013189864630338,0.33470564018114457,0.625,0.0,1.0,0.5238095238095237,1.0,0.43835174582694936,0.5,0.4444444444444444,1.0,0.6129032258064515,1.0,0.3339704069050553,0.3571428571428571,0.0625,0.5416293643688452,0.7266086415915449,0.0,0.0,0.6296296296296295,1.0,0.0,0.0,0.0,0.0,1.0,0.0,0.0,1.0,0.7962145110410095,1.0,0.44228274967574577,0.0,0.8798641136504015,0.41091797935904395,0.0,1.0,1.0,0.9358925869894099,0.0,0.0,0.0,0.9,0.5882352941176471,0.2819410319410318,0.7,0.5,0.0,1.0,0.6636651253346313,0.8260869565217391,0.9571428571428572,0.7656726533378515,0.7777777777777778,0.0,0.8823529411764706,0.5047723935389133,0.9362007168458781,0.7627118644067796,0.0,0.9347387717690192,0.5043914680050189,0.6363636363636364,0.8571428571428572,1.0,0.65,0.0,0.10810810810810811,1.0,1.0,0.0,0.0,0.0,0.0,0.0,0.854220600769482,0.8780663780663781,0.7234782608695651,0.0,1.0,0.9576271186440678,0.8333751907733323,0.8181818181818182,0.0,0.0,0.8567375886524823,0.375,0.6428571428571428,0.0,0.0,0.5569255865278511,0.5684484803095551,0.0,0.0,0.0,0.0,0.0,0.0,0.5827424878213476,0.0,0.0,0.0,0.0,0.0,0.0,0.0,0.0,1.0,0.41385503979714033,0.4972305561966305,0.0,0.0,0.0,0.0,0.0,0.0,0.0,0.0,0.0,0.0,0.0,0.0,0.6172954030096889,0.0,0.6666666666666667,0.0,1.0,0.9674172637325145,0.0,0.0,0.0,0.16000000000000003,0.0,0.6320406657374764,0.25374732334047123,0.3864077669902912,0.8842925659472423,0.0,0.0,0.0,0.0,0.6660103953378484,0.0,0.0,0.0,0.0,0.16666666666666663,0.0,0.9090909090909091,0.0,0.4867342957471713,0.34023464458247066,0.0,0.15384615384615385,0.0,0.31271878646441076,0.6790752351097179,0.5555555555555556,0.6666666666666667,0.2014846235418878,0.4736041711927004,0.0,0.0,0.6617505995203836,0.0,0.0,0.4078138718173837,0.41691934505761075,1.0,0.0,0.0,0.0,0.0,0.8159509202453988,0.6,0.0,0.08910103420843296,0.5714285714285714,0.0,0.20142036869144764,0.0,0.6892366656020441,0.0,0.33333333333333337,0.41176470588235303,0.6666666666666667,1.0,0.2857142857142857,0.0,0.0,0.1916844349680169,0.0,0.0,0.0,0.7009345794392523,0.36409836065573764,0.0,0.7708947885939036,0.0,0.8369236583522297,0.0,0.5113378684807257,0.32333333333333336,0.06208425720620858,0.0,1.0,0.07933740191804695,0.0,0.0,0.0,0.0,0.5257214554579674,0.5714285714285714,0.25,0.24418604651162779,0.0,0.0,0.0,0.0,0.0,0.04689655172413776,0.0,0.009762900976290179,0.2857142857142857,0.0,0.13215712383488665,0.56,0.0,0.0,0.9675126903553299,0.0,0.0,0.0,0.0,0.061514195583596276,0.3798882681564246,0.5,0.0,0.0,0.0,0.0,0.26923076923076916,0.8799478033927794,0.8601887840088839,0.5555555555555556,0.0,0.0,0.38662486938349017,0.3670886075949368,0.0,0.5950679056468906,0.24749303621169916,0.9,0.0,0.5,0.0,0.29268292682926833,0.0,0.3784090909090909,0.23024523160762944,0.0,0.0,0.0,0.0,0.0,0.0,0.6467276565798734,0.43857741885385926,0.2068965517241378,0.0,0.33333333333333337,0.5,0.49268061894689985,0.33333333333333326,0.0,0.0,0.8715679190751445,0.1428571428571428,0.0,0.0,0.0,0.4647971957936905,0.22627703845977953,0.0,0.0,0.0,0.0,0.0,0.0,0.3596692873838546,0.0,0.0,0.0,0.0,0.5,0.0,0.0,0.20746295304409923,0.0,0.7778434268833088,0.0,m2
0.0,0.0,0.0,0.0,0.0,0.0,0.0,0.0,0.5691982005821645,0.0,0.0,0.0,0.0,0.0,0.0,0.0,0.0,0.0,0.0,0.0,0.7334445719053081,0.7571022727272727,0.0,0.3484476534296027,0.0,0.1640264325156151,0.0,0.029322268326417822,0.2857142857142857,0.77227200843437,0.0,0.0,0.0,0.0,0.0,0.9134180011043622,0.0,0.3021160939623374,0.9688304260794968,0.783139534883721,0.0,0.0,0.2591496426766766,0.3776066453231809,0.0,0.6853426713356678,0.3177782453187461,0.0,0.0,0.6265841438255231,0.3487949474185956,0.0,0.3112033195020746,0.5405526907311914,0.0,0.0,0.0,0.0,0.0,0.0,0.8461771844660193,0.8617886178861789,0.5596465390279823,0.0,0.4,0.0,0.641933887024916,0.22222222222222232,0.4312529056252905,0.21313506815365546,0.5714285714285714,0.29352271882204206,0.38636363636363635,1.0,0.4585987261146497,0.0,0.0,0.19354838709677413,0.0,0.8571428571428572,0.9439990182442936,0.7852794687327062,0.0,0.0,0.7522073036936419,0.0,0.0,0.9136516129032258,0.0,0.5097690941385433,0.0,0.6309696092619392,0.33333333333333337,0.17391304347826086,0.8796992481203008,0.2666666666666666,0.9619952494061758,0.3762147801160596,0.0,0.39468482319349885,0.125,0.5805347290988825,0.5124674358020097,0.0,0.0,0.0,0.75,0.0,0.0,0.0,0.8137130595923144,0.7777777777777778,0.0,0.4444444444444444,0.41301059001512874,0.9363934426229508,0.19291506615450282,0.0,0.6666666666666667,0.9016749252631148,0.5,0.5,0.6666666666666667,1.0,0.5454545454545454,0.10526315789473684,0.38636363636363635,0.0,0.9285714285714286,0.0,0.6461363308371951,0.9245989638599339,0.0,0.0,0.7222222222222222,0.6590165259202392,0.0,0.40435420743639927,0.0,0.38820988304709725,0.9957979662156484,0.0,0.8876712328767123,0.4444444444444444,0.0,0.0,0.8269230769230769,0.4542682926829269,0.0,0.437191760951552,0.0,0.0,0.0,0.0,0.9802073515551367,0.7080095746639661,0.0,0.6206788772894918,0.0778310187065161,0.0,0.971830985915493,0.9434395635946023,0.8693283798127955,0.84,0.0,0.9002847608889237,0.0,0.206896551724138,0.0,0.0,0.0,0.29918733960650123,0.43296653034868693,0.0,0.0,0.0,0.0,0.9999396324825538,0.7638527608246086,0.0,0.0,0.0,0.0,0.0,0.0,0.0,0.6363909473262568,0.657114467408585,0.0,0.7250170695070326,0.5533382531424773,0.0,0.0,0.0,0.0,0.0,0.0,0.0,0.0,0.5,0.0,0.0,0.0,0.0,0.0,0.0,0.0,0.0,0.0,0.0,0.0,0.8861120429386112,0.7142857142857143,0.0,0.7919441801458929,0.4098360655737705,0.0,0.0,0.21212121212121204,0.0,0.7083333333333333,0.0,0.0,0.0,0.0,0.0,0.8872163690546027,0.0,0.12613458528951482,1.0,0.7030812324929973,0.0,0.0,0.6466666666666667,0.2894736842105263,0.0,0.8853831294269157,0.45374449339207046,0.0,1.0,0.653170359052712,0.6335861321776814,1.0,0.19999999999999996,0.4774463631606489,1.0,0.0,0.0,0.0,0.06493506493506473,0.8478260869565217,0.9579045837231057,0.8,0.8517538054268696,0.5,1.0,0.0,0.9,0.0,0.0,0.015118790496760681,1.0,0.7902764537654909,0.6437499999999999,1.0,0.5225148683092609,0.0,0.0,0.0,0.0,1.0,0.9763720087566996,0.8023715415019763,0.0,0.0,0.8794749403341289,1.0,1.0,0.9214967944524401,0.0,0.7674418604651163,0.0,0.6129032258064515,1.0,0.3523387343320086,0.9047619047619048,0.0625,0.9548494983277592,0.0,0.06375838926174504,0.3324538258575199,0.3460884353741498,0.5649546827794562,0.6363636363636365,0.75,0.10476190476190483,0.0,1.0,0.0,0.0,0.0,0.8607343698312934,1.0,0.0,0.6666666666666667,0.9579579579579579,0.5087585681645088,0.6893810936837642,1.0,1.0,0.9339007605939877,1.0,0.8,1.0,0.9,0.8235294117647058,0.7442489851150202,0.6437499999999999,0.5,1.0,1.0,0.8944090167581196,1.0,0.2857142857142857,0.8327904451682953,0.7777777777777778,0.8158625247851949,0.0,0.5671609245529874,0.3720430107526882,0.7627118644067796,0.9818678104893741,0.17159425024501795,0.9192090395480226,0.6363636363636364,0.0,0.0,0.8,0.25,0.52,1.0,1.0,0.0,0.0,0.0,0.9888888888888889,0.6405207747327815,0.0,0.8166969147005445,1.0,0.0,1.0,0.9576271186440678,0.8990432055257964,0.9545454545454546,0.0,0.9171957716989804,0.6735395189003436,0.375,0.0,0.0,0.0,0.5608971233544613,0.5698623310284681,0.0,0.0,0.0,0.0,1.0,0.7347565069710493,0.0,0.0,0.0,0.0,0.0,0.0,0.0,0.924230040865145,0.9917198723064645,0.0,0.752395685617292,0.4263085399449037,1.0,0.0,0.0,0.0,0.0,0.0,0.0,0.0,0.6718812675491377,0.0,0.0,0.0,0.0,0.0,0.0,0.0,0.0,0.0,0.0,0.0,0.709828674481515,0.8478260869565217,0.0,0.8029790115098172,0.0,0.3608849690939243,0.0,0.0,0.0,0.75,0.0,0.0,0.0,0.0,0.0,0.8371536774965118,0.0,0.5968253968253969,1.0,0.0,0.0,0.0,0.0,0.3076923076923076,0.0,0.7569039284325165,0.0,0.0,0.0,0.6176317839522201,0.41194743130226996,0.0,0.0,0.13476123010250862,0.0,0.0,0.0,0.0,0.0,0.0,1.0,0.8400621118012422,0.24445411048281862,0.0,0.4,0.0,0.8076923076923077,0.5714285714285714,0.4662221786449653,0.3327743172017249,0.3999999999999999,0.1121047588629831,0.5,0.33333333333333337,0.0,0.0,0.0,0.0,0.0,0.5,0.8245202558635394,0.6666666666666667,0.0,0.0,0.5829383886255926,0.0,0.0,0.013847675568743889,0.75,0.421761866452132,0.5,0.4367816091954022,0.15789473684210542,0.0,0.0,1.0,0.0,0.8383333333333334,0.23529411764705876,0.03606965174129362,0.0,0.0,0.7142857142857142,0.25,0.0,0.0,0.0,0.0,0.0,0.0,0.586896551724138,0.0,0.0014084507042254613,0.4285714285714285,0.698956780923994,0.25251584047707787,0.5499999999999999,0.0,0.0,0.9593867670790748,0.0,0.0,0.0,1.0,0.144144144144144,0.15459610027855142,0.5,0.0,0.5,0.0,0.13703048590157096,1.0,0.0,0.0,0.5555555555555556,0.0,0.0,0.38662486938349017,0.0,0.0,0.8967373572593801,0.0,0.9117647058823529,0.0,0.0,0.5,0.8780487804878049,0.625,0.0,0.23590150913423347,0.0,0.0,0.0,0.0,0.9166666666666666,0.9537953795379538,0.04166666666666674,0.0,0.22413793103448265,0.0,0.33333333333333337,0.5,0.7998441500612268,0.0,0.0,0.8636968753139758,0.33333333333333326,0.7,0.0,0.0,0.0,0.6463078337248493,0.22627703845977953,0.0,0.0,0.0,0.0,1.0,0.9360762436076244,0.0,0.0,0.0,0.0,0.0,0.0,0.0,0.2157583180240864,0.5093442562996012,0.0,0.8418914527136822,0.5842592368457151,m2
0.0,0.706499193362526,0.0,0.0,0.0,0.0,0.0,0.0,0.0,0.0,0.0,0.5441173749745601,0.0,0.0,0.0,0.0,0.0,0.0,0.0,0.0,0.8465321773924641,0.0,0.25,0.0,0.005346380662303418,0.1640264325156151,0.0,0.7202272667352159,0.0,0.77227200843437,0.0,0.884327120779996,0.0,0.0,0.0,0.0,0.0,0.8444185504544395,0.20000000000000007,0.3041074249605056,0.5120967741935483,0.1794871794871794,0.2591496426766766,0.3484848484848484,0.9333333333333333,0.0,0.39673571876961733,0.0,0.0,0.0,0.0,0.0,0.0,0.8347069974449848,0.0,0.7381112984822934,0.5785752986403159,0.0,0.45299145299145305,0.049011177987962284,0.6292004634994206,0.0,0.5596465390279823,0.6666666666666667,0.4,0.5,0.16952016219869337,0.0,0.0,0.0,0.8571428571428571,0.42877354978032634,0.558974358974359,0.5714285714285714,0.11782518926359264,0.0,0.34749303621169925,0.7741935483870968,0.06201550387596888,0.2857142857142857,0.0,0.9565217391304348,0.0,0.0,0.38474264705882333,0.8724713119602507,0.0,0.4495123933360423,0.0,0.0,0.6666666666666667,0.4595687331536389,0.0,0.6521739130434783,0.584055459272097,1.0,0.9631147540983607,0.9103012148444001,0.0,0.6676635514018692,0.125,0.24167409104407944,0.20952735392631183,0.5,0.6210673644495832,0.6752637034327176,0.75,0.0,1.0,0.6666666666666667,0.0,0.7777777777777778,0.0,0.4444444444444444,0.5341850484080246,0.9521311475409836,0.16945516945516959,0.0,0.6666666666666667,0.0,0.5,0.5,0.6666666666666667,0.0,0.0,0.201859229747676,0.558974358974359,0.75,0.9285714285714286,0.0,0.5342955419167734,0.0,0.0,0.19559384996388396,0.41666666666666663,0.6228720011774518,0.0,0.0,0.5304963924338613,0.38820988304709725,0.36659108087679515,0.6311354874607527,0.7436676798378926,0.36363636363636365,0.7777777777777778,0.5,0.3076923076923077,0.5827232796486091,0.0,0.22248427672955973,0.0,0.8991287366681688,0.0,0.0,0.0,0.9800984900899434,0.0,0.9163118353880108,0.24612763726903408,0.49209222353615456,0.33333333333333326,0.0,0.0,0.16000000000000003,0.0,0.0,0.5227448810182624,0.0,0.0,0.0,0.02941176470588247,0.5116052788195394,0.0,0.0,0.0,0.0,0.0,0.0,0.0,0.0,0.0,0.0,0.0,0.0,0.0,0.0,0.3471860604846786,0.1043019016007456,0.6666666666666667,0.5449446795492785,0.0,0.0,0.5741935483870968,0.0,0.0,0.0,0.0,0.0,0.0,0.0,0.0,0.0,0.7146275946275946,0.0,0.0,0.0,0.0,0.0,0.0,0.0,0.0,0.8861120429386112,0.0,0.0,0.0,0.0,0.0,0.0,0.6444444444444444,1.0,0.0,0.0,0.6001774360490908,0.0,0.0,0.0,0.0,0.0,0.8187766432041241,0.8597692862292718,0.0,0.46153846153846145,0.3589325426241661,0.6801125703564728,0.7070976341219594,0.7333333333333334,0.0,0.5367871136264692,0.23076923076923073,1.0,0.0,0.5763273539370364,0.0,0.25,0.919105862505272,0.0,0.9252948885976409,0.7108559498956158,0.0,0.6233766233766234,0.2571428571428571,0.9442105263157895,0.0,0.8552036199095023,0.75,1.0,1.0,0.0,0.5,0.11111111111111116,0.5149253731343284,1.0,0.0,1.0,0.0,0.0,0.0,0.27468581687612204,1.0,0.0,0.5714285714285714,0.25051546391752566,0.3435692921236292,0.0,0.0,0.7345663265306123,0.8095238095238095,1.0,0.827910523640061,0.0,0.0,1.0,0.0,1.0,0.6712955122777307,0.7857142857142857,0.9375,0.9703832752613241,1.0,0.5454545454545454,0.9846449136276392,0.45833333333333337,0.3317904993909867,0.2727272727272728,0.9166666666666666,0.0,0.7503052503052503,1.0,0.0,0.5,1.0,0.12223451327433665,1.0,0.2869888475836433,0.6666666666666667,0.8834288834288835,0.7965779467680608,0.6119818878439568,1.0,1.0,0.0,1.0,0.8,1.0,0.44999999999999996,0.3529411764705882,0.8068475452196382,1.0,0.0,1.0,0.5,0.8934583579444773,0.6666666666666667,0.2857142857142857,0.8412371134020619,0.5555555555555556,0.8332558139534884,0.0,0.0,0.9102457309454395,0.7613086296110833,0.5627099466072628,0.9509723040659989,0.4371014492753623,0.6363636363636364,0.8571428571428572,1.0,0.65,0.25,0.22972972972972971,0.5681818181818181,1.0,0.8997772828507795,0.0,0.0,0.0,0.9803102145784779,0.0,0.9789288034902071,1.0,0.6298527595274361,0.5,0.0,0.0,0.13636363636363646,0.0,0.0,0.0,0.0,0.0,0.0,0.5521521833791523,0.5461580166592734,0.0,0.0,0.0,0.0,0.0,0.0,0.0,0.0,0.0,0.0,0.0,0.0,0.0,0.0,0.7747433469550484,0.5990852235601607,1.0,0.46761446611115864,0.5013847219016847,1.0,0.8321521820216338,0.0,0.0,0.0,0.0,0.0,0.0,0.0,0.0,0.0,0.48642779587404983,0.0,0.0,0.0,0.0,0.0,0.0,0.0,0.0,0.7919161676646707,0.0,0.33333333333333326,0.0,0.262496166819994,0.3882552778451832,0.0,0.8286011801457828,0.5454545454545454,1.0,0.0,0.9200241740531829,0.0,0.0,0.0,0.0,0.0,0.3457408732999284,0.32799999999999996,0.05932932072227015,0.3930940304330863,0.0,0.0,0.0,0.0,0.0,0.0,0.0,0.0,0.0,0.0,0.0,0.0,0.588269010317157,0.25,0.6039638386648123,0.1875797532964696,0.0,1.0,0.0,1.0,0.0,0.17460846384538486,1.0,0.4,0.0,0.134344528710726,0.0,0.0,0.0,0.8,0.6892366656020441,0.0,0.0,0.41176470588235303,0.0,1.0,1.0,0.0,0.0,0.2341292952824695,0.0,0.0,0.0,0.0,0.6150341685649203,0.0,0.0,0.0,0.0,0.5,0.10620012277470836,0.20000000000000018,0.17389138016940708,0.21504237288135586,1.0,0.0,0.6378473753859727,0.0,0.5986277873070327,0.0,0.0,0.0,0.25,0.6666666666666667,0.19282511210762343,0.0,0.0,1.0,0.0,0.0,0.0,0.0,0.4285714285714285,0.0,0.3553489889106327,0.0,0.0,0.0,0.0,0.0,0.0,0.0,0.0,0.2570977917981073,0.13379310344827577,0.0,0.6666666666666666,0.5,0.5,0.19102580728828933,0.0,0.0,0.0,0.0,0.0,0.0,0.6020230205790025,0.3278882321332617,0.0,0.0,0.0,0.0,0.0,0.5,0.0,0.29268292682926833,0.625,0.0,0.0,0.0,0.33333333333333326,0.0,0.0,0.0,1.0,0.04166666666666674,0.05769445686186836,0.0,0.2719052909850198,1.0,0.0,0.0,0.33333333333333326,0.0,0.0,0.0,1.0,0.0,0.0,0.5103328023421019,0.6992833876221498,0.0,0.0,0.0,0.0,0.0,0.0,0.0,0.0,0.0,0.0,0.0,0.0,0.5,0.0,0.0,0.3518898013898094,0.0,0.3165799548444094,0.0,m2
0.0,0.0,0.7835178351783518,0.0,0.0,0.75,0.0,0.0,0.8369868473495417,0.0,0.0,0.6337311785997821,0.8042490396327181,0.0,0.0,0.0,0.0,0.6877991288752241,0.0,0.0,0.8119127516778524,0.0,0.25,0.0,0.05434723712301026,0.039616217889198446,0.0,0.0,0.0,0.9285714285714286,0.0,0.0,0.5803671294164089,0.0,0.0,0.0,0.360116873630387,0.6076885165105964,0.7305227175616009,0.0,0.0,0.3846153846153846,0.2591496426766766,0.6355731225296444,0.9367088607594937,0.6859710434348478,0.359375,0.0,0.0,0.6220912998369645,0.0,0.0,0.0,0.42064147566935095,0.0,0.773765951132654,0.7149228632009944,0.0,0.0,0.911190053285968,0.0,0.23224932249322494,0.40353460972017663,0.1428571428571429,0.0,0.0,0.0,0.0,0.0,0.24089456869009573,0.5714285714285714,0.2805474095796676,0.38636363636363635,0.5714285714285714,0.5714285714285714,0.0,0.0,0.19354838709677413,0.0,0.2857142857142857,0.005671769226078038,0.9354037267080745,0.6428571428571428,1.0,0.020419685706219992,0.8274261603375528,0.0,0.0,0.5714285714285714,1.0,0.33333333333333337,0.0,0.0,0.0,0.0,1.0,0.4482758620689655,0.9101988122902143,1.0,0.11724386724386726,0.125,0.0,0.0,0.5,0.0,0.6745790781120617,0.75,0.0,0.19999999999999996,0.6666666666666667,0.7828918801563178,0.7777777777777778,0.3443804034582132,0.0,0.0,0.9032576505429417,0.6209987195902689,0.0,0.6666666666666667,0.0,0.5,0.0,0.6666666666666667,1.0,0.5454545454545454,0.0,0.38636363636363635,0.75,0.8571428571428571,0.0,0.0,0.6969575660528422,0.7979675780304863,0.0,0.0,0.5383994348572005,0.0,0.5598613346539558,0.5103864578634185,0.0,0.6623739837398375,0.11925820256776032,0.0,0.36363636363636365,0.7777777777777778,1.0,0.1923076923076923,0.8231707317073171,0.0,0.0,0.0,0.6666666666666667,0.0,0.0,0.0,0.0,0.7250497400680316,0.0,0.4969161526921153,0.4856288223186388,0.33333333333333326,0.0,0.0,1.0,0.0,0.9074734932195957,0.5382480293105363,0.0,0.0,0.8,0.3974670908977478,0.5842018650575974,0.4387782539561347,0.0,0.0,0.0,0.0,0.0,0.0,0.5284156602712181,0.0,0.0,0.0,0.9377399683806369,1.0,0.0,0.0,0.09705179516500273,0.6666666666666667,0.9834729454380802,0.0,0.0,0.0,0.8656716417910448,0.0,0.0,0.0,0.0,0.0,0.5945945945945946,0.0,0.0,0.7146275946275946,0.913323782234957,0.0,0.0,0.0,0.0,0.8427225130890053,0.0,0.0,0.8861120429386112,0.0,0.0,0.0,0.8681318681318682,0.5355827067669172,0.0,0.0,0.25,0.9166666666666666,0.0,0.0,0.8655913978494624,0.0,0.0,0.0,0.5087719298245614,0.13265306122448983,0.8629071463296063,0.14367816091954033,0.0,0.7174203113417346,0.6836397925506836,0.7165450121654501,0.7333333333333334,0.8926093514328809,0.35499254843517125,0.0,1.0,0.6721865495099697,0.6202720327929943,0.0,0.25,0.24069855732725887,0.0,0.9537953795379538,0.8776515151515152,0.5601659751037344,0.0,1.0,0.0,0.6696428571428572,0.0,1.0,1.0,0.0,0.05695570112135029,0.5,0.33333333333333326,0.10980392156862762,1.0,0.8014423076923076,0.6437499999999999,0.6666666666666667,0.0,0.0,0.0,0.5,0.0,0.5714285714285714,0.0,0.9413758723828515,0.625,0.0,0.21881875105770865,0.8095238095238095,1.0,0.0,0.5,0.47089947089947093,1.0,0.7096774193548387,0.0,0.6669526424159232,0.0,0.8125,0.7626556016597511,0.9715781600598354,0.941747572815534,0.50390625,0.0,0.0,0.0,1.0,0.11917836078909905,0.684729064039409,1.0,0.0,0.5,1.0,0.8696456086286595,1.0,0.8720379146919431,0.33333333333333337,0.0,0.5087585681645088,0.8989515545914678,1.0,1.0,0.0,1.0,0.0,1.0,0.9,0.8235294117647058,0.5595238095238095,0.6437499999999999,1.0,1.0,1.0,0.5139281388776745,1.0,0.9571428571428572,0.15147407658420875,0.0,0.0,0.0,0.7023346303501945,0.8965424095083738,0.0,0.0,0.8216080402010051,0.590621403912543,0.6363636363636364,0.8571428571428572,1.0,0.0,0.75,0.6666666666666667,0.0,1.0,0.0,0.0,0.0,0.0,0.0,0.7606167654684113,0.0,0.7648624667258207,0.6312777891010107,0.5,0.0,0.0,0.9545454545454546,0.0,0.9171230251671422,0.0,0.0,0.0,0.6666666666666666,0.0,0.9908686040178142,0.5683407203945314,0.0,0.0,0.0,0.0,0.0,0.0,0.5422974659504043,0.0,0.0,0.0,0.9850199733688415,1.0,0.0,0.0,0.799406921846346,1.0,0.8609076389271355,0.0,0.0,0.0,0.8435870698644421,0.0,0.0,0.0,0.0,0.0,0.8547770700636943,0.0,0.0,0.838012958963283,0.6250421455938697,0.0,0.0,0.0,0.0,0.9688443103142198,0.0,0.0,0.9063545150501672,0.0,0.33333333333333326,0.0,0.0,0.0,0.0,0.0,0.0,0.75,0.0,0.0,0.865234375,0.0,0.0,0.0,1.0,0.0,0.0,0.0,0.1458885941644562,0.018167137666532218,0.0,0.0,0.0,0.5798319327731092,0.21616871704745155,0.0,0.0,0.6842105263157896,0.0,0.0,0.0,0.09085402786190189,0.25,0.4841269841269842,0.34285714285714275,0.0,0.0,0.923469387755102,0.0,0.5296610169491527,0.3403543965229019,0.1705426356589148,0.0,0.0,0.0,0.0,0.0,0.38430458430458414,0.3999999999999999,0.1121047588629831,0.5,0.0,0.0,0.0,0.0,0.0,0.0,0.0,0.377164056059357,1.0,0.0,0.0,0.18411214953271038,0.0,0.0,0.5414900060569352,0.375,0.8488947542065325,0.0,0.38551258440761205,0.7095435684647302,0.17389138016940708,0.0,1.0,0.29457364341085257,0.65625,1.0,0.3276157804459692,0.0,0.31096131301289565,0.5714285714285714,0.0,0.37704918032786894,0.0746268656716419,0.0,0.0,0.33333333333333337,0.0,0.5877437325905294,0.0,0.24825662482566235,0.0,0.06408345752608058,0.36977441236788144,0.75,0.0,0.0,0.0,0.0,0.0,0.0,0.0,0.144144144144144,0.10682492581602365,0.5,0.6666666666666666,0.0,0.0,0.03428458184700767,0.26923076923076916,0.8230125523012553,0.0,0.44444444444444453,0.0,0.0,0.0,0.3273822327382234,0.0,0.6241659152389539,0.0,0.0,0.0,0.5,0.5,0.41463414634146345,0.4375,0.0,0.0,0.0,0.0,0.0,0.0,0.0,0.0,0.0,0.7987354267267828,1.0,0.8653319973794751,0.0,0.0,0.0,0.0,0.0,0.8572335094802026,0.0,1.0,0.0,0.8571428571428571,0.0,0.8069339314082796,0.22707822564680447,0.0,0.0,0.0,0.0,0.0,0.0,0.697845546957973,0.0,0.0,0.0,0.9113848002403124,1.0,0.0,0.2420283892203251,0.20497624971725859,0.0,0.9183763837638377,0.0,m2
0.5714285714285714,0.0,0.7485549132947977,0.8817965653896962,0.0,0.0,0.0,0.0,0.0,0.6886080156199694,0.0,0.6337311785997821,0.0,0.8723102388271459,0.0,0.0,0.0,0.0,0.0,0.0,0.0,0.41691248770894784,0.33333333333333326,0.0,0.0,0.005156300354495769,0.0,0.7202272667352159,0.0,0.0,0.8020695952115248,0.8854916774878999,0.8731914893617021,0.0,0.0,0.8259438601800712,0.6976744186046512,0.06481350163097443,0.12962962962962954,0.6856617647058824,0.4187863199009241,0.3846153846153846,0.2591496426766766,0.9625513776830568,0.7397260273972603,0.4689871329594194,0.32116948779951626,1.0,0.33333333333333337,0.8445234919223358,0.0,0.0,0.7028985507246377,0.0,0.0,0.0,0.5780636495143624,0.47687318655060595,0.49572649572649563,0.07138221933809219,0.6263940520446096,0.0,0.0,0.0,0.4,1.0,0.23715927010587956,0.0,0.39661840093533585,0.26380755022975033,0.0,0.6981222587719298,0.558974358974359,0.5714285714285714,0.7247075017205782,0.0,0.0,0.19354838709677413,0.16455696202531644,0.8571428571428572,0.8029447115384616,0.9583333333333334,0.6428571428571428,0.18181818181818188,0.35491515783486594,0.928577186618299,0.0,0.5907864302235929,0.0,0.0,0.0,0.6379915730337079,0.5,0.0,0.9106145251396648,1.0,0.0,0.0,0.6453965360072926,0.6656140350877193,0.125,0.44027414330218073,0.08319467554076543,1.0,0.07425592989877627,0.6838675456543154,0.75,0.0,0.19999999999999996,0.6666666666666667,0.5450885668276972,0.0,0.032182438192668195,0.33333333333333326,0.5989863152559554,0.2912973408541498,0.19047619047619047,0.875,0.6666666666666667,0.869425577844469,0.0,0.625,0.6666666666666667,0.29999999999999993,1.0,0.0,0.558974358974359,0.0,0.9285714285714286,0.0,0.0,0.0,0.5286654135338346,0.5510310996809067,0.0,0.6656870302563115,0.0,0.10747374922791864,0.0,0.38820988304709725,0.733079672546985,0.6419132463675893,0.8761174968071519,0.4444444444444444,0.11111111111111116,0.0,0.3076923076923077,0.5827232796486091,0.0,0.22248427672955973,0.0,0.0,0.0,0.0,0.0,0.0,0.4010992882813049,0.9894838016622378,0.26423677868341955,0.8772958223560406,0.33333333333333326,0.9634301359147355,0.33834701913880194,0.16000000000000003,0.0,0.0,0.5095785440613028,0.0,0.07692307692307698,0.0,0.7479057264316079,0.0,0.3905814455655451,0.0,0.0,0.0,0.0,0.0,0.0,0.0,0.0,0.0,0.0,0.0,0.4206349206349206,0.0,0.3510794823289193,0.0,0.0,0.5515010601387818,0.47159472019931004,0.0,0.0,0.6666666666666667,0.7916666666666666,0.0,0.0,0.0,0.0,0.0,0.7326787512588117,0.0,0.6209117221418234,0.0,0.4736842105263158,0.0,0.0,0.0,0.0,0.0,0.0,0.0,0.7142857142857143,0.0,0.0,0.4098360655737705,0.575850993430928,0.0,0.6444444444444444,0.25,0.0,0.6902332361516035,0.6178271393991173,0.8655913978494624,0.0,0.0,0.8797098811240706,0.5087719298245614,0.19450778229404198,0.8548915587455141,0.8330341113105925,0.4472984942426924,0.7174203113417346,0.6182266009852216,0.9210526315789473,0.7333333333333334,0.7857352509539184,0.49440802159660624,0.0,1.0,0.9560522350577599,0.6175213675213675,0.0,0.2574558734023127,0.0,0.0,0.0,0.7088673816374575,0.7395871061209707,0.8,0.0,0.917140536149472,0.0,0.19318905155951616,0.5,0.5,1.0,0.4703008770955923,0.5,1.0,0.17572463768115942,0.0,0.9421252371916509,1.0,0.0,0.9015452538631347,0.0,0.0,0.5,0.5258064516129033,1.0,0.8128082555580849,1.0,0.625,0.33333333333333326,0.6951562731447193,0.8095238095238095,1.0,0.8287563131313131,0.0,0.0,0.0,0.6129032258064515,1.0,0.0,0.3571428571428571,0.6875,0.5593803786574872,0.5790723444673105,0.4077669902912622,1.0,0.45833333333333337,0.5635859984890456,0.5,1.0,0.5650224215246638,0.8791208791208791,1.0,0.0,0.5,1.0,0.8401093269559275,1.0,0.0,0.33333333333333337,0.6213486213486215,0.39184397163120555,0.6035969902734447,1.0,1.0,0.9596774193548387,0.0,0.8,1.0,0.44999999999999996,0.5882352941176471,0.6824146981627297,1.0,0.5,1.0,1.0,0.0,0.6666666666666667,0.0,0.830735343951203,0.0,0.5414197996337391,0.0,0.5570817383472191,0.2803889789303079,0.8116926355040618,0.6727576010311624,0.9440137109279361,0.7513043478260869,0.6363636363636364,0.0,0.0,0.65,0.25,0.49504950495049505,1.0,1.0,0.0,0.0,0.0,0.0,0.0,0.28298908162783,0.9864592336502449,0.6257943045422453,0.9322299480951914,0.5,0.9576271186440678,0.4241328291961204,0.13636363636363646,0.0,0.0,0.0,0.0,0.10526315789473684,0.0,0.0,0.0,0.2675802622939778,0.0,0.0,0.0,0.0,0.0,0.0,0.0,0.0,0.0,0.0,0.0,0.5,0.0,0.7821854279253383,0.7883653071733189,0.0,0.49515026236285564,0.21572827417380636,0.0,0.0,0.7238493723849373,0.6138839018551765,0.0,0.0,0.0,0.0,0.0,0.7067113712564641,0.0,0.894047619047619,0.0,0.5403271291596166,0.0,0.0,0.0,0.0,0.0,0.0,0.0,0.0,0.0,0.0,0.0,0.0,0.0,0.8286011801457828,0.0,0.0,0.8915507470376095,0.9186046511627907,0.501031297641467,0.0,0.0,0.5346382652082133,0.5,0.0,0.0,0.7963636363636364,0.3681852128454072,0.5845410628019323,0.0,0.7692307692307692,0.0,0.31271878646441076,0.0,0.0,0.33333333333333337,0.8015793773259507,0.0,0.0,0.4737704918032788,0.0,0.0,0.0,0.1933234734840482,0.2686099735003613,1.0,0.2857142857142857,1.0,0.0,0.0,0.0,0.6,0.0,0.10509209100758399,0.0,0.5263763667753691,0.3241447554424651,0.0,0.5282657297987863,0.0,0.0,0.0,0.0,0.0,0.0,0.0,1.0,0.8561938257131692,0.5,0.0,0.5,0.0,0.6704918032786885,0.0,0.19235436893203883,0.4,0.0,0.5,0.4367816091954022,0.26315789473684215,0.42800199302441466,0.45656779661016955,0.0,0.0,0.0,0.8148148148148149,0.5986277873070327,0.0,0.22516749198951358,0.5714285714285714,0.0,0.0,0.1495956873315365,0.0,0.0,0.0,0.0,0.1742059672762274,0.0,0.9,0.4285714285714285,0.2213114754098361,0.30951254141031714,0.0,0.0,0.0,0.9642637091805298,0.0,0.33333333333333337,0.0,1.0,0.061514195583596276,0.0,0.0,0.0,0.5,0.0,0.12201667784913262,0.0,0.5577507598784195,0.40079331589163636,0.0,0.8842871485943775,0.0,0.3829787234042553,0.0,0.0,0.16840600428877772,0.2682578539371686,0.19999999999999996,0.0,0.5,0.5,0.29268292682926833,0.26315789473684204,0.0,0.10501750291715295,0.0,0.0,0.0,0.0,0.0,0.0,0.43343653250773984,0.0,0.2068965517241378,0.0,0.0,0.5,0.13672788956481075,0.33333333333333326,0.0,0.0,0.0,1.0,0.0,0.0,0.6869333517890512,0.0,0.47712430780981474,0.0,0.0,0.0,0.0,0.0,0.0,0.0,0.0,0.0,0.0,0.0,1.0,0.0,0.0,0.01986101909061544,0.0,0.3067619571192962,0.6720406623515863,m2
0.0,0.706499193362526,0.0,0.0,0.0,0.0,0.0,0.0,0.0,0.7013454359910841,0.8391246684350132,0.0,0.0,0.0,0.0,0.0,0.0,0.0,0.0,0.0,0.0,0.41691248770894784,0.33333333333333326,0.0,0.005346380662303418,0.12887245841035122,0.7883474822653798,0.0,0.8571428571428572,0.0,0.0,0.0,0.83596104623866,0.0,0.0,0.0,0.0,0.1538425623307499,0.0,0.3004725649776844,0.6123160762942779,0.0,0.578383641674781,0.3484848484848484,0.6601876675603218,0.46933728981206735,0.9673690251701238,0.0,0.6666666666666667,0.0,0.13094887284514511,0.0,0.0,0.5453163915741484,0.0,0.4622420262664163,0.540402318445278,0.4875111507582516,0.391150442477876,0.7497168742921858,0.6405990016638935,0.0,0.0,0.6666666666666667,0.4,0.0,0.5344109033566119,0.0,0.44404986777483946,0.10961968680089484,0.8571428571428571,0.0,0.558974358974359,1.0,0.6785714285714286,0.0,0.34749303621169925,0.0,1.0,0.2857142857142857,0.9303359980765763,0.9730401529636711,0.0,0.0,0.8739081637632362,0.0,0.0,0.14599070307960482,0.75,0.0,0.6666666666666667,0.4541778975741242,1.0,1.0,0.0,1.0,0.28892371995820276,0.3174794870884097,0.6838709677419356,0.0,0.0,0.0,0.8529411764705882,0.33333333333333337,0.6210673644495832,0.3386521607736478,0.75,0.0,0.0,0.0,0.45221630200657525,0.0,0.018687032824179606,0.4444444444444444,0.1718464351005483,0.0,0.5302445302445302,0.875,0.6666666666666667,0.0,0.5,0.875,0.0,0.75,1.0,0.2095588235294117,0.558974358974359,0.0,0.8571428571428571,0.0,0.5342955419167734,0.39476923076923076,0.0,0.447636259868734,0.41666666666666663,0.8942507068803016,0.8333333333333334,0.03314803376569908,0.0,0.38820988304709725,0.2137692549512733,0.0,0.7341772151898736,0.36363636363636365,0.0,0.8333333333333334,0.0,1.0,0.0,0.0,0.0,0.0,0.0,0.0,0.0,0.0,0.0,0.9935833452160274,0.04678285938933302,0.7124507577681208,1.0,0.9805594556647587,0.6621277892271984,0.0,0.0,0.0,0.5173397717295874,0.0,0.5714285714285714,0.0,0.0,0.0,0.28887740295095854,0.0,0.0,0.0,0.0,0.0,0.0,0.0,0.8162415603900975,0.0,0.0,1.0,0.0,0.8947616449228633,0.0,0.15941693790862577,0.6666666666666667,0.7247451343836886,0.892676264724293,0.0,0.5741935483870968,0.0,0.0,0.0,0.0,0.0,0.0,0.0,0.7326787512588117,0.6525514008735485,0.0,0.0,0.0,0.0,0.0,0.0,0.0,0.0,0.0,0.0,0.8,0.0,0.0,0.0,0.5444745029081564,0.6206896551724137,0.0,1.0,0.33333333333333326,0.0,0.0,0.8655913978494624,0.0,0.0,0.0,0.0,0.5927272727272725,0.0,0.0,0.6882196634189548,0.0,0.0,0.7307102708226878,0.7333333333333334,0.9085576259489303,1.0,0.23076923076923073,1.0,0.0,0.0,0.0,0.3735294117647058,0.4851310745000518,1.0,0.5392028033289531,0.40654205607476623,0.406318082788671,0.6000000000000001,0.745724907063197,0.7374897456931911,0.0,0.17888365837256237,0.75,1.0,0.0,0.827023426224048,0.5,1.0,0.5637755102040816,1.0,0.15096153846153848,1.0,0.7142857142857143,0.929481733220051,0.0,0.46727605118829985,0.0,0.5263157894736842,0.5714285714285714,0.9716091303527636,1.0,0.0,0.0,1.0,1.0,1.0,0.44209852847088926,0.0,0.0,1.0,0.967741935483871,1.0,0.899075215782984,0.3571428571428571,0.8125,0.0,0.7266086415915449,0.4077669902912622,0.0,0.0,0.0,0.6363636363636365,0.0,0.0,0.4078947368421053,1.0,0.0,0.0,0.0,0.8086574654956086,1.0,0.15929203539823023,0.6666666666666667,0.8842478842478843,0.41002277904328,0.2623811905952975,1.0,1.0,0.0,1.0,1.0,0.0,0.9,0.5882352941176471,0.7442489851150202,1.0,0.5,1.0,1.0,0.891525009172068,0.8260869565217391,0.2857142857142857,0.7656726533378515,0.5555555555555556,1.0,0.8823529411764706,0.7962170682278766,0.2803889789303079,0.7627118644067796,0.5785911680108285,0.17159425024501795,0.4872389791183296,0.6363636363636364,0.0,1.0,0.44999999999999996,0.875,0.52,0.0,1.0,0.0,0.0,0.0,0.0,0.0,0.0,1.0,0.9057475196715703,0.8910435659020468,1.0,0.9576271186440678,0.8356817361676415,0.0,0.0,0.0,0.0,0.0,0.6428571428571428,0.0,0.5521521833791523,0.0,0.57115796664907,0.0,0.0,0.0,0.0,0.0,0.0,0.0,0.8148148148148148,0.0,0.0,1.0,0.0,0.925797020743422,0.0,0.0,1.0,0.7227391273701276,0.8987905792488861,1.0,0.8101670814077497,0.0,0.0,0.0,0.0,0.0,0.0,0.0,0.7067113712564641,0.775959367945824,0.0,0.0,0.0,0.0,0.0,0.0,0.0,0.0,0.0,0.0,0.0,0.0,0.0,0.25374732334047123,0.0,0.8734866828087167,0.0,0.5454545454545454,0.0,0.0,0.0,0.501257183908046,0.0,0.0,0.0,0.0,0.0,0.5,0.07049794752811012,0.5354742345033607,0.0,0.525564803804994,0.0,0.29999999999999993,0.625,0.909967845659164,0.0,0.6666666666666667,0.0,0.4736041711927004,0.0,0.0,0.043329177057356505,0.0,0.4084745762711862,0.7814371257485031,0.5699831365935919,1.0,0.0,0.1428571428571428,0.0,0.0,1.0,0.4,0.0,0.2648376259798433,0.0,0.5290806754221389,0.16829094366531983,0.8,0.0,0.0,0.33333333333333337,0.23529411764705876,0.0,1.0,0.5,0.0,0.0,0.8137193203272498,0.5,0.0,0.0,0.6966824644549763,0.0,0.0,0.14666981577704297,0.8,0.0,0.5,0.31506849315068486,0.20000000000000018,0.6308203991130821,0.02164502164502169,0.0,0.5691756272401434,0.0,0.7058823529411765,0.0,0.0,0.3605857230018302,0.12337662337662325,0.25,0.24418604651162779,0.016172506738544645,0.0,0.0,1.0,0.0,0.057103064066852616,0.0,0.31264023934180996,0.4285714285714285,0.0,0.10650887573964485,0.88,0.0,0.0,0.0,0.0,0.6666666666666667,0.0,0.0,0.14473684210526327,0.13379310344827577,0.0,0.0,0.0,0.0,0.07154308617234462,0.26923076923076916,0.0,0.8275772301284277,0.0,0.4143619602134885,0.0,0.0,0.0,0.0,0.0,0.32811234134485534,0.0,0.0,0.0,0.0,0.0,0.7368421052631579,0.0,0.0,0.0,0.0,0.0,0.0,0.0,0.0,0.04604569420035154,0.0,0.4482758620689654,0.399038132792378,0.6666666666666667,0.5,0.46844291062236787,0.0,0.0,0.0,0.0,0.0,0.0,0.0,0.43561246677941545,0.0,0.154729806706414,0.0,0.0,0.0,0.0,0.0,0.0,0.0,1.0,0.0,0.0,0.9725066363291619,0.0,0.8452012383900929,0.0,0.7551537681649206,0.0,0.6273248496713746,0.8452380952380952,m2
0.0,0.0,0.0,0.0,0.0,0.6666666666666667,0.0,0.8503937007874016,0.0,0.0,0.0,0.6337311785997821,0.6841727993883207,0.0,0.5,0.0,0.33333333333333326,0.0,0.7318694344208796,0.0,0.0,0.0,0.0,0.0,0.04064909089732227,0.0,0.0,0.0,0.8571428571428572,0.0,0.0,0.0,0.0,0.0,0.7777777777777778,0.0,0.6976744186046512,0.0,0.1515151515151517,0.6849170834430113,0.0,0.1794871794871794,0.05355404089581306,0.0,0.0,0.0,0.14297749022779338,1.0,0.0,0.0,0.30190701456131275,0.0,0.7028985507246377,0.8159987241120048,0.0,0.47539236008291386,0.0,0.4939552594002856,0.0,0.9196547144754317,0.3537794299876085,0.4937533948940793,0.0,1.0,0.4,1.0,0.16952016219869337,0.44444444444444453,0.0,0.5637178666178758,0.1428571428571428,0.0,0.7179487179487178,0.0,0.6666666666666667,0.0,0.0,0.0,0.0,0.5714285714285714,0.0,0.0,0.6428571428571428,0.0,0.34452187929644895,0.7904082006223686,0.0,0.1302878767401,0.0,0.43171021377672214,0.0,0.7178002894356006,1.0,0.7647058823529411,0.5407279029462738,0.0,0.0,0.9231769704326714,0.0,0.6676635514018692,0.125,0.4541032106903877,0.009763424708974844,0.5,0.0,0.3035623409669209,0.75,0.0,0.19999999999999996,0.0,0.4339577616036273,0.0,0.0,0.7777777777777778,0.19118165784832464,0.9137989778534923,0.19291506615450282,0.875,0.6666666666666667,0.5845961490372593,0.5,0.625,0.6666666666666667,0.75,0.2727272727272726,0.0,0.6000000000000001,1.0,0.9285714285714286,0.0,0.3165411412323921,0.39215374841169004,0.494421906693712,0.03244203440538529,0.0,0.8806765410372978,0.0,0.03644224830142051,0.0,0.18483829650976635,0.909581717161128,0.0,0.19161977491961424,0.36363636363636365,0.0,0.6666666666666667,0.0,0.6245210727969348,0.0,0.9495213228894691,0.0,0.0,0.0,0.0,0.0,0.0,0.0,0.9869272830117529,0.07758130466570978,0.36122472701911423,0.33333333333333326,0.0,0.579497979869257,0.76,0.0,0.8994283354141048,0.0,0.206896551724138,0.0,0.7,0.3442735042735041,0.4357051218790091,0.48847549035343973,0.0,0.0,0.0,0.0,0.0,0.586891394229683,0.872623693598721,0.8085898247050505,0.0,0.0,0.0,0.6933333333333334,0.0,0.0,0.04129190515126757,0.6666666666666667,0.0,0.3301089150317289,0.0,0.0,0.0,0.0,0.0,0.0,0.0,0.7666666666666666,0.0,0.0,0.0,0.7146275946275946,0.8214611872146118,0.0,1.0,0.0,0.9322033898305084,0.0,0.8815840061514801,0.0,0.0,0.0,0.0,0.0,0.0,0.0,0.0,0.21212121212121204,1.0,0.33333333333333326,0.0,0.0,0.0,0.0,0.7954545454545454,0.0,0.5087719298245614,0.0,0.9158232535176499,0.7891156462585034,0.0,0.24974093264248698,0.03854707190511486,0.0,0.0,0.0,0.41597796143250687,1.0,1.0,0.0,0.6336147795338097,1.0,0.7692307692307692,0.6910994764397906,0.0,0.7450980392156863,0.0,0.7395871061209707,0.06493506493506473,1.0,0.6256517205422315,0.5583756345177664,0.2029734970911441,1.0,1.0,0.0,0.0,0.75,0.0,1.0,0.0,0.1408918406072106,0.7,0.6666666666666667,0.6058201058201058,0.0,0.0,0.0,1.0,0.8571428571428571,0.7289135716765012,0.0,0.625,0.0,0.5935464772054471,0.6666666666666666,1.0,0.4686076772934288,0.0,1.0,0.0,0.7096774193548387,1.0,0.9241249706365986,0.0,0.0,0.5763945028294261,1.0,0.0,1.0,0.75,0.5634618314795063,0.4545454545454546,1.0,0.11917836078909905,0.5647279549718576,1.0,0.0,0.5,0.0,0.792468619246862,1.0,0.508445945945946,1.0,0.8789376158122297,0.7965779467680608,0.6938291139240507,1.0,1.0,0.5839469808541974,1.0,0.8,1.0,0.9,0.5882352941176471,0.4373385012919898,1.0,0.5,1.0,0.5,0.6663796529341635,1.0,0.7857142857142857,0.1504664970313826,0.0,0.5286236297198539,0.0,0.7954644570431749,0.29279466888796346,0.7627118644067796,0.9594932868087689,0.10492056487202117,0.6476810414971522,0.6363636363636364,0.0,1.0,0.44999999999999996,0.875,0.625,1.0,1.0,0.8095238095238095,0.0,0.0,0.0,0.0,0.0,0.999076425767721,1.0,0.5428972958270055,0.5,0.0,0.7129633054671893,0.8181818181818182,0.0,0.891295007304288,0.8854667949951877,0.375,0.0,1.0,0.0,0.5569255865278511,0.7428172076409381,0.0,0.0,0.0,0.0,0.0,0.6352505945565049,0.9173372348207754,0.8148148148148148,0.0,0.0,0.0,0.5,0.0,0.0,0.15707230183790788,1.0,0.0,0.3295774647887324,1.0,0.0,0.0,0.0,0.0,0.0,0.0,0.7085346215780998,0.0,0.0,0.0,0.4739187965735775,0.5884665792922673,0.0,0.6666666666666667,0.0,1.0,0.0,0.7272066680914726,0.0,0.0,0.35121951219512193,0.0,0.0,0.25374732334047123,0.3882552778451832,0.0,0.0,0.5454545454545454,0.0,0.0,0.0,0.0,0.0,1.0,0.0,0.5,0.0,0.32799999999999996,0.5790197764402407,0.0,0.40160642570281124,0.25244236029699085,0.15384615384615385,1.0,0.0,0.3318965517241381,0.6666666666666667,0.0,0.0,0.3657322221019591,0.0,0.47542011537496864,0.5641025641025641,0.0,0.3653846153846153,0.0,0.2927525883612996,0.0,0.8380952380952381,0.1428571428571428,0.5526946107784432,0.0,0.49693251533742333,0.4,0.0,0.134344528710726,0.4285714285714285,0.0,0.4337999416739575,0.19999999999999996,0.0,0.5,0.0,1.0,0.0,0.0,0.2857142857142857,0.0,1.0,0.0,0.0,0.0,0.0,0.0,0.489344262295082,0.0,0.14295908658420542,0.4,0.8006845708267509,0.5,0.5853858784893268,0.0,0.6671740233384069,0.0586419753086419,0.33333333333333337,0.0,0.7667121418826739,0.23529411764705876,0.5986277873070327,0.0,0.22516749198951358,0.1986062717770034,0.0,0.7916666666666667,0.009628610729023324,0.0,0.0,0.33333333333333337,0.0,0.057103064066852616,0.0,0.0,0.7142857142857142,0.0,0.2837902075740769,0.0,0.0,0.0,0.6923857868020304,0.0,0.33333333333333337,0.0,0.0,0.144144144144144,0.6349206349206349,0.0,0.0,0.5,0.5,0.0,0.26923076923076916,0.4734121122599704,0.0,0.44444444444444453,0.41750064151911725,0.0,0.0,0.0,0.0,0.8041149068322981,0.0,0.19999999999999996,0.0,0.0,0.0,0.0,1.0,0.0,0.9030976965845909,0.0,0.33333333333333326,0.0,0.0,0.0,0.0,0.0450387051372273,0.011022869133310298,0.22413793103448265,0.007482204180027652,0.0,0.0,0.35987950397753865,0.33333333333333326,0.0,0.7496234503533774,0.3366228070175439,0.7,0.0,0.5714285714285714,0.0,0.4647971957936905,0.4138444993679602,0.0,0.0,0.0,0.0,0.0,0.9329288843950118,0.7896100327753027,0.7878787878787878,0.0,0.0,0.0,0.0,0.0,0.2613719928563927,0.6198613174839029,0.0,0.0,0.0,m2
0.0,0.0,0.0,0.6836821870995301,0.75,0.6666666666666667,0.0,0.0,0.0,0.0,0.0,0.0,0.0,0.0,0.0,0.8920691711389386,0.0,0.5312833507955458,0.46505922961697943,0.0,0.0,0.7571022727272727,0.0,0.0,0.006175156968088569,0.2028341967491708,0.0,0.14924452667283383,0.8571428571428572,0.0,0.7960224906289046,0.0,0.0,0.0,0.0,0.0,0.0,0.07183939229517078,0.09375,0.28755252100840334,0.0,0.5769230769230769,0.0,0.7272727272727273,0.0,0.0,0.5616896480757357,0.0,0.6666666666666667,0.248379015620395,0.0,0.0,0.6446776611694154,0.0,0.0,0.44168562666930455,0.9170337738619677,0.5238915195867413,0.0,0.9976865240023135,0.8687230989956959,0.0,0.8306332842415316,0.33333333333333337,0.4,0.0,0.0,0.33333333333333337,0.6916973963571349,0.0,0.5714285714285714,0.7081942125765164,0.558974358974359,0.5714285714285714,0.14035087719298245,0.0,0.0,0.3548387096774194,0.2666666666666666,0.8571428571428572,0.003970920642678344,0.0,0.6428571428571428,0.0,0.03860112174199948,0.35360221674876835,0.0,0.0,0.0,0.8369039391845197,0.6666666666666667,0.40161725067385456,0.75,0.2941176470588235,0.5416666666666666,1.0,0.285311324697033,0.21534452416407202,0.0,0.5538160469667319,0.0,0.8364226025613711,0.5,0.33333333333333337,0.0,0.6588056546439425,0.75,0.0,0.0,0.6666666666666667,0.0,0.0,0.1514267185473409,0.0,0.5329730811568097,0.5814348860931655,0.0,0.875,0.6666666666666667,0.5369990985823159,0.5,0.875,0.0,0.75,0.5454545454545454,0.031021897810219135,0.558974358974359,0.0,0.0,0.0,0.0,0.0,0.0,0.4033581686642912,0.41666666666666663,0.0,0.0,0.10397553516819558,0.0,0.18483829650976635,0.21343956389558683,0.923348344862807,0.0,0.36363636363636365,0.0,0.8333333333333334,0.1923076923076923,0.6043829296424452,1.0,0.8617234468937875,0.0,1.0,0.0,0.0,0.0,0.6230685311911137,0.8977953942411636,0.9945820606006555,0.28901405399550495,0.7120496632690869,0.0,0.0,0.0,0.76,0.0,0.0,0.5178777393310268,0.0,0.5714285714285714,0.7,0.3442735042735041,0.523485080839504,0.0,0.0,0.0,0.0,0.0,0.0,0.7375162751337724,0.0,0.9488179380940776,0.0,0.0,0.0,0.6911764705882353,0.0,0.0,0.0,0.0,0.0,0.8816028716553075,0.0,0.0,0.0,0.7916666666666666,0.65,0.0,0.0,0.0,0.0,0.0,0.0,0.0,0.0,0.0,0.0,0.8480260636259103,0.0,0.7148376192200894,0.889615642406453,0.0,0.0,0.8,0.0,0.0,0.0,0.560591646575878,0.0,0.0,0.0,0.33333333333333326,0.6902332361516035,0.0,0.0,0.0,0.0,0.0,0.0,0.0,0.8607751172549988,0.0,0.0,0.6560415122312824,0.0049333991119884235,0.0,0.0,0.0,0.4286033020972779,0.0,1.0,0.26828563168545816,0.5763273539370364,1.0,0.0,0.0,0.0,0.8429639700883753,0.9964705882352941,0.7395871061209707,0.09999999999999998,1.0,0.9571005917159763,0.0,0.9124087591240876,0.5,1.0,0.0,0.05695570112135029,0.2500000000000001,0.21052631578947367,0.35162094763092266,1.0,0.9492409867172675,1.0,0.6666666666666667,0.0,0.0,0.0,0.125,0.5263157894736842,1.0,0.0,0.0,0.75,0.0,0.0,0.5238095238095237,1.0,0.0,0.0,0.7192982456140351,1.0,0.19354838709677402,1.0,0.8687345712139101,0.0,0.8125,0.0,0.6517009493670887,0.0,0.3486590038314177,0.0,1.0,0.0,0.0,0.11917836078909905,0.9049405878674172,1.0,0.0,0.0,1.0,0.33714024668798526,1.0,0.8287037037037037,0.33333333333333337,0.8842478842478843,0.5822922324823465,0.0,1.0,1.0,0.7208774583963691,1.0,1.0,0.0,0.9,0.8235294117647058,0.2794263105835805,1.0,0.5,0.0,1.0,0.0,0.6666666666666667,0.2857142857142857,0.7820186598812553,0.5555555555555556,0.0,0.0,0.5040530582166545,0.29279466888796346,0.7613086296110833,0.5708744537732606,1.0,0.24084621643612703,0.6363636363636364,0.0,1.0,0.0,0.75,1.0,0.5,1.0,0.8095238095238095,0.0,0.0,0.0,0.6675436498445348,0.82698834362208,0.977994227994228,0.6803525864068661,0.8912249112958746,0.0,0.0,0.0,0.8181818181818182,0.0,0.0,0.0,0.0,0.6428571428571428,1.0,0.0,0.5538118787641384,0.0,0.0,0.0,0.0,0.0,0.0,0.7401648066120611,0.0,0.9259259259259259,0.0,0.0,0.0,0.5,0.0,0.0,0.0,0.0,0.0,0.8987905792488861,1.0,0.0,0.0,0.6045176399486288,1.0,0.0,0.0,0.0,0.0,0.0,0.0,0.0,0.0,0.0,0.0,0.8879472693032016,0.0,0.14061608670849968,0.5546186641402179,0.0,0.0,0.881578947368421,0.0,0.0,0.25374732334047123,0.0,0.0,0.6338771593090212,0.5454545454545454,0.0,0.8676743569345001,0.0,0.0,0.0,0.0,0.0,0.0,0.0,0.0,0.2564102564102564,0.0,0.7986270022883296,0.22178529296106964,0.15384615384615385,0.0,0.75,0.0,0.0,0.6666666666666667,0.2903694290641735,0.0,0.0,0.4390182819934886,0.0,0.0,0.41092327698309505,0.4079497907949792,0.2927525883612996,0.0,0.923469387755102,1.0,0.0,0.6874375208263912,0.0,0.4,0.0,0.08591331269349867,0.5714285714285714,0.44584482079558874,0.0,0.3999999999999999,0.5282657297987863,0.0,0.0,0.41176470588235303,0.0,0.0,0.5,0.0,0.5,0.29178800232964475,0.0,0.0,0.0,0.444903988183161,0.42625284738041,0.0,0.5625717566016073,0.0,0.4516250944822374,0.5,0.0,0.68,0.01522070015220689,0.0,1.0,0.5691756272401434,0.0,0.0,0.6666666666666667,0.0,0.43552168815943726,0.5714285714285714,0.25,0.0,0.10729023383768921,0.0,0.0,0.0,0.0,0.0,0.0,0.16139585605234463,0.0,0.0,0.1025806451612904,0.56,0.0,0.0,0.8875739644970414,0.0,0.6666666666666667,0.0,0.0,0.2532894736842105,0.32965517241379316,0.0,0.0,0.0,0.0,0.09012753897024095,0.0,0.0,0.8227046203226623,1.0,0.3803126526624331,0.0,0.3829787234042553,0.0,0.0,0.0,0.7957047464356615,0.0,0.0,0.0,0.0,0.41463414634146345,1.0,1.0,0.8294930875576036,0.0,0.75,0.0,0.0,0.0,0.6268082486919052,0.6481546572934975,0.03093904172589712,0.0,0.4980843645837324,1.0,0.0,0.0,0.33333333333333326,0.0,0.0,0.0,1.0,0.0,0.5714285714285714,0.0,0.4872441827866555,0.0,0.0,0.0,0.0,0.0,0.0,0.9360762436076244,0.0,0.9433962264150944,0.0,0.0,0.0,0.5555555555555556,0.0,0.0,0.7980644111906311,0.0,0.0,0.8355213089802132,m2
0.0,0.0,0.0,0.0,0.9,0.0,0.0,0.0,0.0,0.0,0.8354430379746836,0.0,0.0,0.0,0.0,0.0,0.0,0.0,0.7374188971490223,0.5970896800636202,0.0,0.0,0.0,0.0,0.0,0.12887245841035122,0.0,0.0,0.0,0.0,0.0,0.0,0.83596104623866,0.0,0.0,0.0,0.0,0.9070383527003432,0.0,0.790960972017673,0.5027056874654887,0.1794871794871794,0.3641088572872303,0.6458423466297483,0.0,0.0,0.5230625095322134,0.0,0.33333333333333337,0.28531199051430267,0.14823712026018188,0.0,0.0,0.8696332376374956,0.0,0.4420483419115252,0.9112288656414739,0.46801299251518147,0.0,0.5547329455314649,0.5960170697012801,0.0,0.40353460972017663,0.0,0.8,0.5,0.16952016219869337,0.0,0.0,0.5703216505991531,0.0,0.6775492277285704,0.558974358974359,0.5714285714285714,0.0,0.0,0.0,0.19354838709677413,0.0,0.2857142857142857,0.9439990182442936,0.2912746725696366,0.6428571428571428,1.0,0.2882996946451182,0.33352726063829785,0.0,0.8902088522705499,0.0,0.5621139327385039,0.0,0.6309696092619392,0.33333333333333337,0.9130434782608695,1.0,0.5789473684210527,0.4488517745302715,0.7181196342569973,0.0,0.0,0.0,0.0,0.5124674358020097,0.7333333333333334,0.0,0.6930039889536668,0.75,0.0,0.0,0.6666666666666667,0.8062956485958235,0.0,0.0,0.4444444444444444,0.057866868381240666,0.8927604871447903,0.19047619047619047,0.0,0.6666666666666667,0.0,0.5,0.5,0.0,0.75,1.0,0.7175295186194368,0.558974358974359,0.0,0.0,0.0,0.42555699248612633,0.5748358493742634,0.0,0.7431425318290033,0.0,0.0,0.8333333333333334,0.10232653901585342,0.0,0.3528837257119358,0.0,0.9585902896984339,0.7395109395109394,0.36363636363636365,0.11111111111111116,0.8333333333333334,0.0,0.0,0.716148023549201,0.22248427672955973,0.0,0.0,0.0,0.9993209559615098,0.0,0.0,0.35215453194650814,0.9958962823357753,0.18502202643171806,0.0,0.0,0.9885558583106268,0.8728790991106038,1.0,0.0,0.9041759752534799,0.5166704468133363,0.206896551724138,0.0,0.7,0.9765768040911673,0.0,0.0,0.0,0.0,0.0,0.0,0.0,0.0,0.0,0.0,0.0,0.0,0.0,0.9206349206349206,0.0,0.6339511373209772,0.3570045051287024,0.6666666666666667,0.0,0.0,0.0,0.0,0.0,0.0,0.8571428571428572,0.0,0.0,0.0,0.0,0.0,0.652542372881356,0.0,0.0,0.0,0.0,0.0,0.0,0.0,0.7150885137916838,0.7287148951297546,0.0,0.0,0.0,0.0,0.4098360655737705,0.46475820798964906,0.0,0.0,1.0,0.33333333333333326,0.0,0.0,0.8655913978494624,0.0,0.0,0.0,0.0,0.8187766432041241,0.0,0.7030812324929973,0.46153846153846145,0.3589325426241661,0.0,0.888888888888889,0.0,0.0,0.8666201117318436,0.0,0.0,0.1539835655591284,0.0,0.0,0.0,0.9201764607957383,0.0,0.5392028033289531,1.0,0.4058866279069767,0.06493506493506473,0.745724907063197,0.7234669811320755,0.0,0.0,0.5,1.0,1.0,0.0,0.5,0.0,0.7904946653734238,0.0,0.9496707431796801,1.0,0.11111111111111105,0.48475887170154697,0.0,0.0,0.41509433962264153,0.0,0.5714285714285714,0.9743589743589743,0.33470564018114457,0.625,1.0,0.6511044176706828,0.5238095238095237,1.0,0.9021923792573416,0.5,1.0,0.0,0.6129032258064515,1.0,0.8409626508605299,0.7142857142857143,0.8125,0.7706896551724138,0.9267110841913991,0.0,0.0,0.0,0.0,0.6363636363636365,1.0,0.5564368517388651,0.7730819245773732,1.0,0.0,0.0,1.0,0.8621346886912324,0.0,0.2471416007036058,0.6666666666666667,0.3536231884057971,0.9287341360234298,0.6743272895253494,1.0,1.0,0.0,1.0,0.8,0.0,0.9,0.8823529411764706,0.932780847145488,1.0,0.5,0.0,0.5,0.6591612351043519,1.0,0.2857142857142857,0.8213199785369343,0.0,0.0,0.8823529411764706,0.5570817383472191,0.3720430107526882,0.7613086296110833,0.0,1.0,0.4872389791183296,0.6363636363636364,0.0,1.0,0.44999999999999996,0.0,1.0,1.0,1.0,0.0,0.0,1.0,0.0,0.0,0.0,1.0,1.0,0.0,0.0,0.9576271186440678,0.9126262668114056,0.13636363636363646,0.0,0.9173381767329223,0.0,0.375,0.0,1.0,0.9747410341686614,0.0,0.0,0.0,0.0,0.0,0.0,0.0,0.0,0.0,0.0,0.0,0.0,0.0,1.0,0.0,0.8694397873336657,0.0,1.0,0.0,0.3258161316722742,1.0,0.0,0.0,0.0,0.75,0.0,0.0,0.0,0.0,0.0,0.7449712643678161,0.0,0.0,0.0,0.0,0.0,0.0,0.0,0.902705303282632,0.8894429849948795,0.0,0.0,0.0,0.0,0.0,0.0,0.0,0.0,0.5454545454545454,0.0,0.0,0.0,0.5,0.0,0.0,0.0,0.0,0.35557909604519766,0.0,0.0,0.4110233258088788,0.34023464458247066,0.5285545490350532,0.0,0.0,0.0,0.0,0.0,0.6666666666666667,0.40704845814977986,0.4736041711927004,0.0,0.43483202828997225,0.6483873656138011,0.0,0.39742698191933246,0.6016873889875667,0.5424499696785932,0.0,0.0,0.1428571428571428,0.0,0.33922025991336224,0.0,0.8,0.0,0.0,0.0,0.0,0.4337999416739575,0.0,0.5282657297987863,0.0,0.0,0.0,0.0,0.0,0.0,0.0,0.0,0.8661805281828932,0.0,0.0,0.5,0.0,0.389958012596221,0.0,0.013847675568743889,0.0,0.8234234234234235,0.5,0.4441707717569786,0.15789473684210542,0.0,0.7654320987654321,0.0,0.5062034739454093,0.1714554875176636,0.23529411764705876,0.0,0.0,0.31488494028546476,0.7142857142857142,0.0,0.6136363636363638,0.200339558573854,0.0,0.0,0.0,0.0,0.57496740547588,0.5,0.0,0.4285714285714285,0.1769801980198018,0.2837902075740769,0.0,0.0,0.0,0.0,0.0,0.0,0.0,0.0,0.3153153153153151,0.6462395543175488,0.0,0.0,0.0,0.5,0.0,0.26923076923076916,0.0,0.40594142965651114,0.44444444444444453,0.36777888446215157,0.0,0.38662486938349017,0.0,0.0,0.5935857701118448,0.8795264623955432,0.9016393442622951,0.0,0.5,0.0,0.0,0.0,0.6931818181818181,0.10501750291715295,0.0,0.0,0.0,1.0,0.0,0.0,0.0450387051372273,0.8797248471372985,0.2068965517241378,0.0030050006881680025,1.0,1.0,0.7941908713692946,0.33333333333333326,0.0,0.8573274493270989,0.0,0.1428571428571428,0.5,0.5714285714285714,0.9562761771798451,0.0,0.0,0.0,0.0,0.0,0.0,0.0,0.0,0.0,0.0,0.0,0.0,0.0,1.0,0.0,0.1516341923318667,0.65334717176959,0.0,0.0,0.0,m2
0.0,0.706499193362526,0.0,0.0,0.0,0.0,0.0,0.0,0.6689291101055808,0.0,0.0,0.0,0.0,0.0,0.0,0.9012795367516578,0.0,0.5170862390597744,0.5645870198070666,0.0,0.0,0.0,0.0,0.0,0.0,0.20330962800875285,0.0,0.0,0.2857142857142857,0.0,0.0,0.0,0.5265921348715934,0.0,0.33333333333333326,0.8259438601800712,0.6976744186046512,0.0,0.0,0.0,0.0,0.0,0.0,0.3776066453231809,0.6440501043841336,0.688099173553719,0.8947091141717468,1.0,0.0,0.5904588639579542,0.2666786780603315,0.0,0.0,0.5084155873794718,0.0,0.0,0.4291709198139957,0.6345347862531434,0.35387323943661975,0.0,0.6343101343101343,0.1429479034307496,0.4067796610169492,0.5714285714285714,0.8,0.0,0.1252956383037237,0.0,0.2402194441946216,0.4422110552763818,0.0,0.2293917418972916,0.38636363636363635,0.5714285714285714,0.0,0.0,0.0,0.19354838709677413,0.0,0.8571428571428572,0.0907951697425381,0.0,0.6428571428571428,0.0,0.7123439667128988,0.0,0.0,0.45743245706785296,0.15000000000000002,0.0,0.33333333333333337,0.7222612359550562,1.0,0.5294117647058824,0.5658248253627083,0.4736842105263158,0.0,0.0,0.32357723577235775,0.0,0.0,0.29106738638342333,0.5080736012016522,0.7333333333333334,0.6171741563107369,0.3202671312427411,0.75,0.0,0.19999999999999996,0.6666666666666667,0.6172424335065729,0.0,0.0,0.0,0.40556809631301727,0.33154001344989914,0.3571428571428572,0.0,0.6666666666666667,0.3174296745725317,0.0,0.0,0.6666666666666667,1.0,0.5,0.10378220354467393,0.38636363636363635,0.0,0.9285714285714286,0.0,0.9371043771043771,0.6277745040267138,0.380329457364341,0.3946003519496156,0.4722222222222222,0.0,0.8333333333333334,0.4005626223091975,0.4940671716833144,0.04027439699048463,0.46380487804878057,0.0,0.03325964630225087,0.4444444444444444,0.11111111111111116,0.0,0.0,0.4289044289044289,0.7049825174825175,0.4801247077162899,0.0,0.791044776119403,0.0,0.0,0.0,0.0,0.4421004356798901,0.6790654780202889,0.21475770925110127,0.0,0.0,0.0,0.579497979869257,0.76,0.0,0.0,0.497624703087886,0.0,0.0,0.0,0.9770278637770898,0.5770785580329236,0.6440583767316441,0.0,0.0,0.0,0.0,0.0,0.0,0.8910551065948891,0.0,0.0,0.0,0.0,0.0,0.0,0.0,0.02285868574019445,0.0,0.49754430345681333,0.3985392512385719,0.0,0.5741935483870968,0.0,0.0,0.0,0.0,0.0,0.0,0.5945945945945946,0.0,0.0,0.0,0.0,0.0,0.0,0.8480260636259103,0.0,0.7401790208565864,0.8815840061514801,0.0,0.0,0.0,0.0,0.0,0.4098360655737705,0.47421323820848194,0.0,0.0,0.25,0.0,0.0,0.0,0.8655913978494624,0.0,0.8955223880597015,0.8606292342434818,0.5087719298245614,0.13265306122448983,0.0,0.18584070796460184,0.0,0.0,0.6222707423580787,0.14579552329098644,0.7333333333333334,0.9022222222222223,0.9487332339791357,1.0,1.0,0.6544450025113009,0.0,0.0,0.0,0.0,0.0,0.0,0.314151190164792,0.21958141184817304,0.6000000000000001,0.2571428571428571,0.9259796806966618,0.1725888324873096,0.0,0.75,1.0,0.0,0.0,0.5,0.5,0.31960784313725477,0.0,0.8146754468485419,0.6437499999999999,0.11111111111111105,0.8580441640378549,0.0,0.0,0.41509433962264153,0.0,1.0,0.0,0.0,0.625,0.0,0.6067415730337078,0.1428571428571428,1.0,0.5643280834526487,0.0,0.0,1.0,0.7096774193548387,1.0,0.0,0.6325602546612097,0.6875,0.6093635698610096,0.13535064404007358,0.2799352750809063,0.5,0.0,0.34258349705304525,0.6363636363636365,0.9166666666666666,0.0,0.5405580791693707,1.0,0.0,0.5,1.0,0.731694560669456,0.0,0.4516129032258065,0.33333333333333337,0.7894736842105263,0.2456207159177457,0.7554087907082669,1.0,1.0,0.0,0.0,0.0,1.0,0.9,0.8823529411764706,0.2774480712166173,0.6437499999999999,0.5,1.0,1.0,1.0,0.5869565217391305,0.7857142857142857,0.0,0.37037037037037035,0.37149817295980503,0.8823529411764706,0.5596285434995112,0.9395209580838323,0.18181818181818177,0.5782001117942985,0.09572864321608054,0.0,0.6363636363636364,0.0,0.0,0.44999999999999996,0.75,1.0,1.0,1.0,1.0,0.0,0.0,0.0,0.0,0.30843251456064813,0.10869565217391297,0.5293292825426501,0.0,0.0,0.0,0.7353461888128618,0.8181818181818182,0.0,0.0,0.0,0.0,0.0,0.0,0.9738558078958793,0.8229827408172297,0.712759314507736,0.0,0.0,0.0,0.0,0.0,0.0,0.953985566227142,0.0,0.0,0.0,0.0,0.0,0.0,0.0,0.8532297977643144,0.0,0.46751321387134204,0.24887302779864773,1.0,0.8889256198347107,0.0,0.0,0.0,0.0,0.0,0.0,0.6757012888551933,0.0,0.0,0.0,0.0,0.0,0.0,0.8833955223880596,0.0,0.17113854595336087,0.32999253232716264,0.0,0.0,0.35121951219512193,0.0,0.0,0.0,0.0,0.0,0.0,0.0,0.0,0.0,0.0,0.5013907581875281,0.0,0.75,0.5501440167583136,0.5,0.6719826023921711,0.0,0.3537403267411866,0.0,0.0,0.0,0.3076923076923076,0.29999999999999993,0.7569039284325165,0.7666959578207382,1.0,0.0,0.683116025746823,0.5467144563918758,0.0,0.38201219512195117,0.1358292337196696,0.0,0.0,0.7920209287115761,0.6441379310344828,0.0,0.0,1.0,0.2817319098457888,0.43611953226504985,0.5929203539823009,0.8,0.0,0.0,0.0,0.3601598173515981,0.2761667421839602,0.0,0.13404507710557523,0.5,0.0,0.41176470588235303,0.0,0.0,0.0,0.0,0.5,0.1963135687319566,0.0,0.0,0.0,0.5158682634730538,0.0,0.0,0.0,0.4,0.0,0.0,0.5652709359605912,0.15789473684210542,0.7894736842105263,0.0586419753086419,0.0,0.1366366366366366,0.4654166666666667,1.0,0.0,0.0,0.0033460803059273125,0.7142857142857142,0.25,0.03508771929824561,0.0892857142857143,0.0,0.0,1.0,0.0,0.2907518296739853,0.5,0.20707964601769913,0.0,0.1822916666666664,0.46569481857074957,0.5499999999999999,0.0,0.0,0.6408317580340264,0.0,0.0,0.0,0.0,0.0,0.6142857142857143,0.5,0.0,0.5,0.0,0.700198982975901,0.8666666666666667,0.4663173652694611,0.6545889440113395,0.7777777777777778,0.3173726212400243,0.0,0.38662486938349017,0.8080459770114942,0.16163456533055687,0.0,0.0,0.0,0.0,0.5,0.5,0.0,0.4375,0.6666666666666667,0.32242990654205617,0.0,0.5,0.0,0.0,0.0,0.0,0.0,0.0,0.22413793103448265,0.0,0.0,0.0,0.3884281420460871,0.33333333333333326,0.0,0.0,0.0,0.0,0.0,0.0,0.9611366228002589,0.46745222014657284,0.4786486444926267,0.0,0.0,0.0,0.0,0.0,0.0,0.793031439730848,0.0,0.0,0.0,0.0,0.0,0.0,0.27925559878035966,0.06242720708129523,0.0,0.7656992949663879,0.6549748801755501,m2
0.0,0.0,0.0,0.0,0.0,0.75,0.0,0.7777389684480149,0.0,0.0,0.0,0.0,0.0,0.8257099501409062,0.0,0.0,0.33333333333333326,0.0,0.0,0.0,0.0,0.0,0.33333333333333326,0.0,0.10749828677801765,0.0,0.0,0.0,0.0,0.0,0.0,0.0,0.5265921348715934,0.0,0.0,0.0,0.6976744186046512,0.21048432513609894,0.0,0.0,0.5250909672517892,0.3846153846153846,0.0,0.3776066453231809,0.9146341463414634,0.6887165951831079,0.34706740976645445,0.0,0.33333333333333337,0.23477100933748307,0.3963035784506489,0.0,0.0,0.8833221198228787,0.0,0.8202861952861953,0.34716174491330853,0.4986111111111111,0.39457937346004934,0.917687074829932,0.6263940520446096,0.0,0.5593220338983051,0.1428571428571429,0.0,0.0,0.4361696276332435,0.5555555555555556,0.0,0.2639593908629442,0.5714285714285714,0.31624102154828415,0.558974358974359,1.0,0.5714285714285714,0.0,0.0,0.3548387096774194,1.0,0.8571428571428572,0.6694995278564684,0.0,0.6428571428571428,1.0,0.0,0.0,0.0,0.8269697852909744,1.0,0.43221595965588855,0.0,0.7222612359550562,0.0,0.17391304347826086,0.0,1.0,0.8622417031934878,0.0,0.8458904109589042,0.1355869242199108,0.0,0.47225923951670223,0.009763424708974844,0.0,0.06867951982539078,0.6621201788285216,0.75,0.0,0.19999999999999996,0.6666666666666667,0.5544941380807642,1.0,0.3377001455604075,0.0,0.17463933181473046,0.0,0.532650448143406,0.875,0.6666666666666667,0.6043989458747212,0.5,0.0,0.6666666666666667,0.75,0.0,0.10999451854558728,0.558974358974359,0.75,0.9285714285714286,0.0,0.0,0.0,0.5702356099015806,0.0,0.41666666666666663,0.6236928666110265,0.0,0.9547843089331541,0.0,0.38820988304709725,0.7329565117083863,0.6572928476364175,1.0,0.36363636363636365,0.11111111111111116,1.0,0.1923076923076923,0.9166666666666666,0.0,0.0,0.0,0.0,0.0,0.0,0.0,0.0,0.7250497400680316,0.0,0.0,0.35923852598798844,0.33333333333333326,0.0,0.7145289284106258,0.76,0.0,0.0,0.5207727219830095,0.0,0.0,0.0,0.5128782195548887,0.0,0.6558167790938545,0.0,0.0,0.0,0.0,0.0,0.51276342087731,0.501420565365511,0.0,0.0,0.0,0.0,0.0,0.0,0.23689832432071567,0.0,0.0,0.7031167459059695,0.0,0.0,0.0,0.0,0.0,0.0,0.0,0.0,0.5212121212121212,0.0,0.0,0.0,0.0,0.0,0.4736842105263158,0.0,0.0,0.7142857142857143,0.0,0.0,0.0,0.0,0.0,0.0,0.0,0.8681318681318682,0.0,0.0,0.21212121212121204,0.25,0.0,0.0,0.0,0.8655913978494624,0.0,0.0,0.0,0.5087719298245614,0.19450778229404198,0.0,0.19435736677115978,0.4472984942426924,0.7174203113417346,0.6466666666666666,0.2677622039632672,1.0,0.8897149938042132,0.42844483828090385,0.0,0.0,0.11652435961828234,0.6555891238670695,0.0,0.0,0.8993598488823591,0.0,0.8803418803418803,0.22537878787878773,0.3865997850232892,1.0,1.0,0.9259796806966618,0.0,0.8552036199095023,1.0,1.0,0.0,0.4703008770955923,0.75,0.0,0.015118790496760681,0.5,0.8259013282732448,1.0,1.0,0.0,0.0,0.0,0.10227272727272718,0.5672043010752688,1.0,0.9762500948478641,0.0,0.625,0.0,0.04233274126702169,0.1428571428571428,1.0,0.9583333333333334,0.5,0.4444444444444444,0.0,0.7096774193548387,0.5,0.32789417785072905,0.0,0.6875,0.9336,0.17033158813263505,0.2799352750809063,0.0,0.14540059347181,0.5634618314795063,0.4545454545454546,0.75,0.5564368517388651,0.7873671044402752,1.0,0.0,0.5,1.0,0.6773350751143044,0.0,0.6909227306826706,0.33333333333333337,0.8789376158122297,0.0,0.2776572668112799,1.0,1.0,0.5839469808541974,1.0,0.0,1.0,0.44999999999999996,0.3529411764705882,0.4396984924623115,1.0,1.0,1.0,1.0,0.0,0.6666666666666667,0.0,0.1504664970313826,0.5555555555555556,0.7653225806451613,0.0,1.0,0.2803889789303079,0.7627118644067796,0.7327614804985545,0.9439725579875857,1.0,0.6363636363636364,0.0,1.0,0.0,0.75,0.5384615384615385,0.0,1.0,0.0,0.0,0.0,0.0,0.0,0.49672794398295617,0.0,0.3367092323499191,0.5424478713668781,0.5,0.0,0.8844525924649949,0.8181818181818182,0.0,0.0,0.0,0.0,0.0,0.0,0.0,0.2454303642067931,0.7400109898736165,0.0,0.0,0.0,0.0,0.0,0.558346823740516,0.5152053506113492,0.0,0.0,0.0,0.0,0.0,0.0,0.6657106039822089,0.7983062092651134,0.0,0.48447734903946715,0.0,0.0,0.0,0.0,0.0,0.0,0.0,0.0,0.2338726623240175,0.0,0.0,0.0,0.0,0.0,0.5403271291596166,0.0,0.0,1.0,0.0,0.0,0.0,0.0,0.23181818181818192,0.0,0.0,0.0,0.3212992387850121,0.0,0.0,0.0,0.0,0.0,0.0,0.848605577689243,0.0,0.0,0.0,0.16666666666666663,0.5758564437194127,0.5,0.0,0.0,0.6626506024096386,0.0,0.3076923076923076,0.75,0.7569039284325165,0.1746641074856048,0.0,0.6666666666666667,0.3305223410950283,0.4307692307692309,0.0,0.0,0.5890077821011674,0.0,0.5864799025578562,0.6230492196878752,0.5699831365935919,1.0,0.923469387755102,1.0,0.0,0.17460846384538486,0.1705426356589148,0.0,0.0,0.10509209100758399,0.5714285714285714,0.0,0.3394724874943157,0.6,0.13404507710557523,0.0,0.33333333333333337,1.0,0.0,0.0,1.0,0.0,0.5,0.8245202558635394,0.0,0.0,0.0,0.17947494033412859,0.0,0.0,0.7234121122599705,1.0,0.8386243386243386,0.5,0.6315192743764172,0.0,0.08810572687224683,0.0,1.0,0.7938144329896908,0.0,0.0,0.3276157804459692,0.625,0.0002931691586044449,0.1986062717770034,0.25,0.34426229508196726,0.17115902964959573,0.0,0.0,0.33333333333333337,0.0,0.3708248125426039,0.5,0.24825662482566235,0.0,0.0,0.13215712383488665,0.5,0.0,0.0,0.6940686784599376,0.0,0.0,0.0,1.0,0.2570977917981073,0.6142857142857143,0.0,0.6666666666666666,0.5,0.0,0.16452905811623242,0.0,0.5614692653673163,0.0,1.0,0.0,0.0,0.7851412626438786,0.0,0.0,0.16840600428877772,0.38670284938941635,1.0,0.0,0.5,0.0,0.41463414634146345,0.4736842105263157,0.0,0.0,0.0,0.0,0.0,0.0,0.0,0.0,0.0,0.8969199293741767,0.6666666666666667,0.6812108754554798,0.0,0.0,0.9507698541329012,0.33333333333333326,0.0,0.0,0.0,0.0,0.0,0.0,0.0,0.0,0.48304141705156933,0.0,0.0,0.0,0.0,0.0,0.9329288843950118,0.35203030243557787,0.0,0.0,0.0,0.0,0.5,0.0,0.0,0.043668043179018956,0.0,0.3165799548444094,0.0,m2
0.5714285714285714,0.0,0.0,0.0,0.0,0.0,0.0,0.0,0.0,0.0,0.0,0.0,0.0,0.0,0.5,0.0,0.8947368421052632,0.48118753794067204,0.5653179717725623,0.0,0.0,0.0,0.0,0.0,0.0,0.005156300354495769,0.6336890395930987,0.029322268326417822,0.2857142857142857,0.0,0.0,0.6609847743551607,0.0,0.0,0.0,0.9100707018451457,0.0,0.1901987662782727,0.9689502919811992,0.2761358201817312,0.4243463351907415,0.1794871794871794,0.2591496426766766,0.6458423466297483,0.648186889818689,0.0,0.0,0.4462151394422311,0.0,0.0,0.0,0.0,0.6821141325162774,0.3545610704276285,0.0,0.500770555706645,0.718262075003648,0.49135105608157315,0.10981067125645427,0.07138221933809219,0.48026315789473684,0.12146118721461197,0.0,0.8571428571428572,0.8,0.0,0.16952016219869337,0.0,0.23055884766159163,0.21313506815365557,0.0,0.0,0.38636363636363635,1.0,1.0,0.8333333333333334,0.0,0.0,1.0,0.2857142857142857,0.892991452991453,0.9745434421693414,0.0,1.0,0.38182767624020897,0.022425468296543793,0.0,0.8867952744130402,0.0,0.5100154083204931,0.6666666666666667,0.0,1.0,0.2941176470588235,0.9061488673139159,1.0,0.0,0.5126050420168067,0.0,0.24454545454545462,0.0,0.9143430192740436,0.2084115659031167,0.0,0.9052852348993289,0.0,0.75,0.0,1.0,0.0,0.872093023255814,0.0,0.011516626115166018,0.0,0.5967155181374079,0.9086882453151618,0.5302445302445302,0.0,0.6666666666666667,0.5574721738671731,0.5,0.5,0.6666666666666667,0.75,1.0,0.18746574090992152,0.38636363636363635,0.0,0.9285714285714286,0.0,0.45294630662651614,0.0,0.7761904761904762,0.5141998259631357,0.0,0.6765436532878393,0.8333333333333334,0.10494845360824745,0.47818554103008337,0.3806755260243633,0.42182751755213244,0.6107522629405044,0.19642857142857162,0.36363636363636365,0.0,0.6666666666666667,0.0,0.0,0.5625,0.0,0.0,0.791044776119403,0.0,0.0,0.0,0.0,0.8977953942411636,0.9915609176720636,0.0,0.0,1.0,0.0,0.2166665079924217,1.0,0.0,0.9968798458719045,0.0,0.206896551724138,0.07692307692307698,0.0,0.6784980212903028,0.43114532228049396,0.8546842840986519,0.0,0.0,0.0,0.0,0.0,0.9621781034865645,0.0,0.8174699997781869,0.0,0.0,0.0,0.0,0.9568308786185881,0.0,0.07644759772377341,0.0,0.915739075158581,0.0,0.0,0.0,0.0,0.0,0.0,0.0,0.0,0.0,0.0,0.0,0.0,0.0,0.0,0.0,1.0,0.0,0.9322033898305084,0.7148515808033234,0.8815840061514801,0.0,0.0,0.0,0.0,0.0,0.4098360655737705,0.5059961600945206,0.6206896551724137,0.21212121212121204,0.25,0.0,0.0,0.5882770510090254,0.0,0.0,0.0,0.8764495389686559,0.0,0.0,1.0,0.0,0.46153846153846145,0.3589325426241661,0.5920964501004689,0.7679127725856698,0.7333333333333334,0.0,0.2697302697302698,1.0,1.0,0.0,0.5755935628202352,0.0,0.8029411764705883,0.2225922842076048,0.0,0.5952133194588969,0.8713052576510594,0.406318082788671,0.0,0.0,0.9,0.1725888324873096,0.0,0.75,1.0,0.0,0.0,0.5,0.5,0.17572463768115942,0.0,0.14632983794089605,0.6437499999999999,0.7142857142857143,0.9630872483221476,1.0,0.0,0.0,1.0,0.5714285714285714,0.8775720164609053,1.0,0.0,1.0,0.7023759899958315,0.0,1.0,0.8973095091394537,0.0,0.7683397683397684,1.0,0.0,0.5,0.32515831276161855,0.7857142857142857,0.8125,0.5408071748878924,0.7043630017452007,0.0,0.15384615384615385,0.0,1.0,0.2727272727272728,0.75,0.5446410412853366,0.0,1.0,0.0,0.5,0.0,0.8972795497185742,0.0,0.22593320235756376,0.33333333333333337,0.6213486213486212,0.5087585681645088,0.38034236481124595,1.0,1.0,0.5839469808541974,1.0,0.8,1.0,0.9,0.8235294117647058,0.7905156537753223,0.6437499999999999,0.5,1.0,1.0,0.617012806051357,0.6666666666666667,0.9571428571428572,0.8305343511450382,0.0,0.38847305389221554,0.8823529411764706,0.5040530582166545,0.9395209580838323,0.7627118644067796,0.7220012765748514,0.9309355692850838,0.6476810414971522,0.6363636363636364,0.0,1.0,0.0,0.0,0.33333333333333337,0.0,1.0,0.8656716417910448,0.0,0.0,0.0,0.0,0.854220600769482,1.0,0.5062515322382937,0.0,1.0,0.0,0.2982226362537931,0.0,0.0,1.0,0.8567375886524823,0.375,0.10526315789473684,0.0,0.7146957694765348,0.5466391306485715,0.95520647017653,0.0,0.0,0.0,0.0,0.0,0.9533036439514887,0.0,0.8148148148148148,0.0,0.0,0.0,0.0,0.9668289713937919,0.0,0.9037453599220591,0.0,0.8608816133832812,0.0,0.0,0.0,0.0,0.0,0.0,0.0,0.0,0.0,0.0,0.0,0.0,0.0,0.0,0.0,0.6666666666666667,0.0,0.6923076923076923,0.35653865674166796,0.5845522497435145,0.0,0.0,0.23181818181818192,0.33333333333333326,0.0,0.0,0.0,0.5794261721483555,0.0,0.0,0.0,0.0,0.6596293311845286,0.0,0.0,0.0,0.3639115250291036,0.0,0.0,1.0,0.06958318980365141,0.3930940304330863,0.34023464458247066,0.0,0.0,0.29999999999999993,0.0,0.6199059561128526,0.6666666666666667,0.0,0.0,0.0,0.0,0.4531465772341685,0.14209517459788323,0.0,0.3458646616541352,0.4075537988581466,0.5853571428571427,0.6000000000000001,0.2857142857142857,0.10000000000000009,0.30625,0.0,1.0,0.8,0.0,0.0,0.0,0.4462875986809234,0.25445544554455435,0.0,0.0,0.5,0.33333333333333337,0.41176470588235303,0.6666666666666667,0.0,0.2857142857142857,0.0,0.0,0.7262479871175523,0.7142857142857142,0.0,0.5,0.0,0.18981805458362488,0.0,0.23580158159597409,0.4,0.4236848313281434,0.5,0.08087027914614131,0.0,0.0,0.2129629629629629,1.0,0.07712532865907107,0.1714554875176636,0.23529411764705876,0.0,0.0,0.4120458891013382,0.0,0.25,0.9772727272727273,0.06919275123558488,0.0,0.0,0.8333333333333334,0.0,0.5284090909090909,0.5,0.31264023934180996,0.0,0.547936085219707,0.364782740808265,0.88,0.0,0.0,0.6830601092896176,0.0,0.0,0.0,0.0,0.18499999999999994,0.05942622950819654,0.5,0.0,0.5,0.0,0.0,0.0,0.8294354838709677,0.3540292745697281,0.44444444444444453,0.0,0.0,0.38662486938349017,0.3882915173237754,0.0,0.11566565674567819,0.14035398230088503,0.9016393442622951,0.0,0.0,0.0,0.0,0.0,0.6714285714285714,0.0,0.0,0.5,0.0,0.0,0.0,0.0,0.6467276565798734,0.914702868852459,0.22413793103448265,0.0,0.0,1.0,0.16929199599243017,0.0,0.0,0.9421146553647111,0.3366228070175439,0.0,0.0,0.0,0.6922570305811069,0.19674267100977194,0.8061324361523169,0.0,0.0,0.0,0.0,0.0,0.9891771446761102,0.0,1.0,0.0,0.0,0.0,0.5,1.0,0.28870506535947704,0.0,0.0,0.9731543624161074,0.0,m2
0.5714285714285714,0.0,0.0,0.0,0.0,0.0,0.0,0.0,0.0,0.0,0.0,0.0,0.0,0.0,0.0,0.0,0.0,0.0,0.0,0.6626458795331855,0.0,0.0,0.33333333333333326,0.0,0.0,0.12972315405315749,0.0,0.0,0.2857142857142857,0.0,0.0,0.0,0.0,0.0,0.0,0.0,0.0,0.19147165377460096,0.7296681384418173,0.7845050215208035,0.6123583260680034,0.1794871794871794,0.2591496426766766,0.6458423466297483,0.4281250000000001,0.0,0.6621188268905603,0.0,0.33333333333333337,0.0,0.3741892309276227,0.0,0.0,0.0,0.0,0.44758191971341277,0.0,0.4538173587533735,0.434961106309421,0.0,0.33882783882783885,0.1429479034307496,0.4067796610169492,0.0,0.4,0.0,0.4361696276332435,0.5555555555555556,0.39661840093533585,0.24444241149025703,0.5714285714285714,0.2968045882834903,0.6000000000000001,0.0,0.6666666666666667,0.0,0.7354758961681088,0.3548387096774194,0.06201550387596888,0.5714285714285714,0.08763532763532766,0.0,0.0,0.0,0.12516000568909103,0.3104138017252157,0.0,0.4645698998490875,0.5714285714285714,0.5598615916955019,0.0,0.0,0.5,0.2941176470588235,0.8446601941747574,0.0,0.0,0.5395889919540818,0.3290322580645161,0.2487011520216852,0.0,0.280775215730655,0.8711978971085242,1.0,0.06867951982539078,0.311023102310231,0.75,0.0,0.0,0.6666666666666667,0.0,0.7777777777777778,0.0,0.33333333333333326,0.8363995426670825,0.9098856758574311,0.0,0.0,0.6666666666666667,0.585883207136189,0.5,0.5,0.0,1.0,1.0,0.0,0.7179487179487178,0.0,0.8571428571428571,0.0,0.913341606211022,0.0,0.0,0.0,0.41666666666666663,0.8965614772314032,0.0,0.5492906066536203,0.0,0.6619436439321166,0.2726262212601651,0.2781899281240612,0.19161977491961413,0.36363636363636365,0.0,0.0,0.1923076923076923,0.5827232796486091,0.0,0.0,0.0,0.0,0.0,0.0,0.0,0.7831790637277751,0.0,0.6790654780202889,0.28920652968407357,0.0,0.0,1.0,0.24060634681112458,0.16000000000000003,0.0,0.0,0.5095785440613028,0.206896551724138,0.16666666666666663,0.0,0.250299107279811,0.3405132433268062,0.6440583767316441,0.0,0.0,0.0,0.0,0.0,0.0,0.0,0.0,0.0,0.0,0.0,0.41666666666666663,0.0,0.5110299902445165,0.13205634564267377,0.0,0.4947320015689033,0.0,0.0,0.0,0.0,0.0,0.0,0.0,0.0,0.0,0.0,0.0,0.0,0.0,0.0,0.0,0.0,0.0,0.0,0.0,0.0,0.8834386103434663,0.0,0.0,0.0,0.0,0.4098360655737705,0.577547791268406,0.0,0.0,0.0,0.0,0.0,0.0,0.0,0.0,0.0,0.0,0.0,0.1399999999999999,0.8552529182879378,0.6172566371681417,0.717948717948718,0.3589325426241661,0.6506024096385543,0.7309913378248316,0.3999999999999999,0.0,0.8125689084895259,0.23076923076923073,0.0,0.0,0.6336147795338097,0.0,0.0,0.0,0.0,0.5499362515937103,0.0,0.7395871061209707,0.6948051948051948,0.2571428571428571,0.7319453480806766,0.1725888324873096,0.0,0.5,1.0,0.0,0.4703008770955923,0.75,1.0,0.38397017707362535,0.5,0.8146754468485419,1.0,0.1428571428571429,0.5904677846425418,0.0,0.5959510754955715,0.23113207547169812,0.5672043010752688,0.8571428571428571,0.2013189864630338,0.0,0.0,0.0,0.0,0.5238095238095237,1.0,0.5643280834526487,0.5,0.7683397683397684,0.0,0.0,1.0,0.8687345712139101,0.6212795875322241,0.0,0.5959752321981424,0.7043630017452007,0.08299866131191436,0.15384615384615385,0.0,0.40286454365381685,1.0,1.0,0.5650224215246638,0.5405580791693707,1.0,0.0,0.0,1.0,0.5573590096286107,1.0,0.0,0.33333333333333337,0.9579579579579579,0.5087585681645088,0.0,1.0,1.0,0.9731503579952268,1.0,0.8,0.0,0.9,0.8823529411764706,0.47678571428571437,0.7,0.5,1.0,1.0,1.0,0.6666666666666667,0.2857142857142857,0.12645322840279005,0.5555555555555556,0.7103293413173652,0.0,0.7945922372437855,0.3720430107526882,1.0,0.5626392277500796,0.0,0.905638665132336,0.6363636363636364,0.0,0.0,0.0,0.25,0.3999999999999999,0.0,1.0,0.0,0.0,0.0,0.0,0.6617427835750103,0.0,0.8578813127019215,1.0,0.0,0.0,1.0,0.3785988428710547,0.13636363636363646,0.0,0.0,0.0,0.375,0.1724137931034483,0.0,0.0639358626128097,0.5506338371526085,0.7236130582815943,0.0,0.0,0.0,0.0,0.0,0.0,0.0,0.0,0.0,0.0,0.0,0.5,0.0,0.9260287708743106,0.9260683450627585,0.0,0.4947734267218509,0.0,0.0,0.0,0.0,0.0,0.0,0.0,0.0,0.0,0.0,0.0,0.0,0.0,0.0,0.0,0.0,0.0,0.0,0.0,0.0,0.8909069231380653,0.0,0.23181818181818192,0.0,0.0,0.0,0.0,0.0,0.0,0.0,0.0,0.0,0.0,0.0,0.0,0.0,0.0,0.0,0.0,0.9144736842105263,0.6014760147601476,0.4902458056964495,0.34023464458247066,0.0,0.0,0.6,0.0,0.21616871704745155,0.0,0.6666666666666667,0.0,0.41194743130226996,0.0,0.4390182819934886,0.0,0.0,0.3653846153846153,0.0,0.3710714285714285,0.25,0.0,0.1428571428571428,0.2819506726457398,0.43611953226504985,0.0,0.4,0.0,0.653142402545744,0.5714285714285714,0.537004662004662,0.344013981939994,0.6,0.13404507710557523,0.0,0.33333333333333337,0.0,0.0,1.0,1.0,0.0,1.0,0.20409060919287447,0.0,0.0,0.0,0.3933174224343674,0.18887147335423227,0.0,0.051761322789359965,0.0,0.407007007007007,0.5,0.08087027914614131,0.26315789473684215,0.6634026927784578,0.060381355932203506,0.33333333333333337,0.15441176470588236,0.20916666666666672,1.0,0.03606965174129362,0.0,0.0033460803059273125,0.0,0.0,0.7719298245614036,0.0,0.0,0.0,0.0,0.0,0.0,0.0,1.0,0.4285714285714285,0.6974664679582713,0.36977441236788144,0.0,0.0,0.0,0.6830601092896176,0.0,0.0,0.0,0.0,0.0,0.0,0.5,0.0,0.0,0.0,0.6989289964299881,0.0,0.0,0.0,0.0,0.5414212799371811,0.0,0.0,0.0,0.4754448398576513,0.0,0.6787931462627266,0.9117647058823529,0.0,0.0,0.5,0.41463414634146345,0.0,0.0,0.0,0.0,0.0,0.0,0.0,0.0,0.9769372693726938,0.0,0.0,0.0,0.0,0.0,0.75,0.16929199599243017,0.33333333333333326,0.0,0.0,0.0,0.7,0.5,0.0,0.6721422627669738,0.4818224964404366,0.4786486444926267,0.0,0.0,0.0,0.0,0.0,0.0,0.0,0.0,0.0,0.0,0.0,0.0,0.0,0.23307961324830306,0.0623444967512129,0.0,0.770730198019802,0.0,m2
0.5714285714285714,0.0,0.0,0.0,0.0,0.7941176470588235,0.0,0.0,0.0,0.0,0.0,0.0,0.0,0.0,0.0,0.0,0.0,0.0,0.6524902419984387,0.0,0.7295301295087232,0.0,0.33333333333333326,0.0,0.0,0.12887245841035122,0.5883335560604037,0.0,0.0,0.0,0.0,0.6609847743551607,0.0,0.0,0.0,0.0,0.0,0.21048432513609894,1.0,0.0,0.0,0.1794871794871794,0.2591496426766766,0.3484848484848484,0.43211578221915936,0.6853426713356678,0.16417450716845916,0.0,0.0,0.28531199051430267,0.3542133405024347,0.0,0.0,0.46439275613153785,0.7250442254233005,0.46455399061032865,0.5738798856053384,0.4892554614355774,0.0,0.9140154772141015,0.6575672420714573,0.0,0.5596465390279823,0.0,0.0,1.0,0.0,0.0,0.6312289332240137,0.44651830581478813,0.0,0.7129464896674422,0.6000000000000001,1.0,0.7227997227997228,0.0,0.36186650185414093,0.0,0.0,0.5714285714285714,0.4087942916387144,0.7987086973034562,0.6428571428571428,1.0,0.0,0.0,0.0,0.5962438220757825,1.0,0.4377203290246767,0.33333333333333337,0.0,1.0,0.17391304347826086,0.0,0.5,0.44839114082741327,0.610791970567353,0.0,0.0,0.125,0.2910822814399252,0.0,0.5,0.041109605983862485,0.681112118464793,0.75,0.0,0.0,0.6666666666666667,0.4349198924102444,0.0,0.011516626115166018,0.0,0.0,0.3670500676589986,0.0,0.875,0.6666666666666667,0.0,0.5,0.875,0.0,0.75,0.0,0.0,0.7179487179487178,0.75,0.9285714285714286,0.5,0.4954473220804879,0.0,0.5286654135338346,0.49593596567231923,0.9166666666666666,0.0,0.8333333333333334,0.03608247422680422,0.5449711175526036,0.3528837257119358,0.0,0.0,0.28863346104725407,0.36363636363636365,0.0,0.0,0.0,0.0,0.6923076923076923,0.0,0.0,0.0,0.0,0.0,0.0,0.0,0.0,0.9935833452160274,0.07500129045578896,0.7120496632690869,0.0,1.0,0.24591782545657292,0.84,0.0,0.9040733937744949,0.0,0.206896551724138,0.0,0.7,0.001585081585081527,0.0,0.0,0.0,0.0,0.0,0.0,0.0,0.7614458779106357,0.0,0.8066796591386756,0.0,0.0,0.9071564564900885,0.0,0.0,0.0,0.6069315170607427,0.0,0.5429407696487675,0.0,0.0,0.0,0.0,0.0,0.0,0.8318452380952381,0.0,0.0,0.0,0.0,0.0,0.0,0.0,0.0,0.0,0.0,0.0,0.0,0.8815840061514801,0.0,0.8861120429386112,0.0,0.0,0.0,0.4098360655737705,0.4478550233860288,0.6206896551724137,0.21212121212121204,0.0,0.0,0.0,0.6082011156994855,0.0,0.0,0.0,0.0,0.0,0.5927272727272725,0.7196606418295832,0.05442176870748294,0.0,0.3589325426241661,0.6682718031032637,0.7307102708226878,0.3999999999999999,0.9557579700715679,0.15977361776229848,0.23076923076923073,1.0,0.1896032144650931,0.6336147795338097,0.0,0.6293706293706294,0.39656027782371417,0.7268856447688565,0.5968022245394508,0.6635514018691588,0.7374727668845316,0.06493506493506473,1.0,0.7181603773584905,0.0,0.8552036199095023,0.5,1.0,0.0,0.05695570112135029,0.5,1.0,0.35869565217391297,0.0,0.9492409867172675,1.0,0.7777777777777778,0.9232827832292596,0.0,0.5509391007398975,0.0,0.0,0.8571428571428571,0.7211465451784358,0.7982512953367875,0.625,1.0,0.3187861271676301,0.1428571428571428,1.0,0.7532013969732246,0.5,0.6138996138996138,1.0,0.7096774193548387,1.0,0.32515831276161855,0.31135531135531125,0.6875,0.7757475083056479,0.6365022877478395,0.0,0.3324538258575199,0.45833333333333337,0.39584596725288057,0.8181818181818182,0.9166666666666666,0.10476190476190483,0.7733333333333333,1.0,0.0,0.0,1.0,0.7843494085532301,1.0,0.22593320235756376,0.33333333333333337,0.3536231884057971,0.39184397163120555,0.0,1.0,1.0,0.5697806354009077,1.0,1.0,0.0,0.9,0.3529411764705882,0.4502415458937197,0.7,0.0,1.0,1.0,0.8929425084916341,0.0,0.0,0.8210959885386819,0.962962962962963,0.0,0.8823529411764706,0.7962170682278766,0.8965424095083738,0.7613086296110833,0.0,0.1670611278870482,0.2515942028985507,0.6363636363636364,0.0,1.0,0.0,0.0,0.0,0.0,1.0,0.0,0.0,0.0,0.0,0.0,0.0,1.0,0.9070454918705864,0.8910435659020468,0.0,1.0,0.3346769584796969,0.9545454545454546,0.0,0.8916612513640432,0.6909722222222223,0.375,0.0,1.0,0.8212677182241807,0.0,0.0,0.0,0.0,0.0,0.0,0.0,0.7451245260744206,0.0,0.8148148148148148,0.0,0.0,0.9728464419475655,0.0,0.0,0.0,0.9907076200155753,0.0,0.46728429560208073,0.0,0.0,0.0,0.0,0.0,0.0,0.7142857142857143,0.0,0.0,0.0,0.0,0.0,0.0,0.0,0.0,0.0,0.0,0.0,0.0,0.885558224474351,0.0,0.709828674481515,0.21363636363636362,0.0,0.0,0.0,0.0,0.605130361648444,0.0,0.0,0.0,0.0,0.9186046511627907,0.0,0.0,0.0,0.0,0.0,0.0,1.0,0.0,0.0,0.30282227307398946,0.0,0.0,0.6,0.5798319327731092,0.6872676579925651,0.0,0.0,0.4083688844513026,0.41194743130226996,0.0,0.0,0.26961926961926974,0.6923076923076923,0.39742698191933246,0.21471343028229273,0.2686099735003613,0.0,0.923469387755102,0.1428571428571428,0.0,0.17460846384538486,0.0,0.0,0.0,0.039473684210526105,0.0,0.7944561672741224,0.14393760340345052,0.0,0.5282657297987863,0.0,0.33333333333333337,0.23529411764705876,0.0,1.0,0.2857142857142857,0.0,1.0,0.0,0.6666666666666667,0.0,0.5,0.18411214953271038,0.0,0.0,0.0,1.0,0.8234234234234235,0.0,0.38551258440761205,0.15789473684210542,0.0,0.0,0.0,0.29639175257731953,0.1714554875176636,0.23529411764705876,0.03606965174129362,0.0,0.0033460803059273125,0.0,0.25,0.0,0.18828451882845176,0.0,0.0,0.0,0.0,0.04081632653061218,0.0,0.31264023934180996,0.0,0.39880952380952384,0.3026435733819507,0.56,0.0,0.0,0.0,0.0,0.6666666666666667,0.0,0.0,0.0,0.0,0.5,0.6666666666666666,0.5,0.5,0.09182401993673928,0.0,0.6471774193548385,0.352936437605736,0.7777777777777778,0.3907148726376334,0.0,0.0,0.3852926463231615,0.0,0.6241659152389539,0.719684521853434,0.6,0.0,0.0,0.5,0.0,0.0,0.6714285714285714,0.047235023041474644,0.0,0.0,0.0,0.0,0.0,0.0,0.0450387051372273,0.0,0.4482758620689654,0.505258785097906,1.0,0.75,0.13672788956481075,0.0,0.0,0.770139634801289,0.7387816154473756,0.7,0.5,0.5714285714285714,0.46667092529304677,0.0,0.0,0.0,0.0,0.0,0.0,0.0,0.6168046899934487,0.0,1.0,0.0,0.0,0.8899398108340499,0.5,0.0,0.271326530612245,0.5085393623942747,0.0,0.3296741471548672,0.0,m2
0.0,0.0,0.0,0.8822723440134908,0.0,0.0,0.0,0.0,0.0,0.6808040602949998,0.0,0.0,0.0,0.0,0.0,0.0,0.0,0.0,0.0,0.0,0.0,0.0,0.0,0.0,0.0,0.12887245841035122,0.0,0.029322268326417822,0.2857142857142857,0.0,0.0,0.8850656261085491,0.0,0.0,0.0,0.0,0.45081640780565513,0.2245221210266748,0.0,0.790960972017673,0.0,0.3846153846153846,0.578383641674781,0.3776066453231809,0.9802904564315352,0.0,0.50634990399963,1.0,0.33333333333333337,0.0,0.0,0.0,0.3112033195020746,0.42282828644592874,0.0,0.8452197553239691,0.4250625661136769,0.5166682143188782,0.4244984160506864,0.9196547144754317,0.6437429537767756,0.0,0.0,0.1428571428571429,0.0,0.0,0.16952016219869337,0.33333333333333337,0.23039081716315934,0.28786791098348885,0.1428571428571428,0.8286351803644478,0.38636363636363635,1.0,0.7192982456140351,0.0,0.7354758961681088,0.3548387096774194,1.0,0.2857142857142857,0.5227153201990372,0.9745434421693414,0.0,1.0,0.34930816457436087,0.0,0.0,0.9628972653362897,0.6734693877551021,0.5248401377274963,0.6666666666666667,0.0,0.75,0.2941176470588235,0.5658248253627083,0.5,0.2808390732623669,0.7111853663577801,0.0,0.8727652658462968,0.125,0.23053000727850181,0.0,0.0,0.041109605983862485,0.0,0.75,0.0,0.19999999999999996,0.6666666666666667,0.0,0.7777777777777778,0.032182438192668195,0.7777777777777778,0.17340590979782278,0.3625212947189097,0.16945516945516959,0.0,0.6666666666666667,0.558310956668246,0.0,0.5,0.6666666666666667,0.29999999999999993,1.0,0.19218891916439595,0.38636363636363635,0.75,0.8571428571428571,0.0,0.6740715143736322,0.32083862770012705,0.4693980778958018,0.5011935763888888,0.0,0.9084907945736433,0.0,0.036030471484455484,0.0,0.18483829650976635,0.0,0.9573811668987359,0.0,0.36363636363636365,0.0,0.8333333333333334,0.0,0.9326500732064422,0.22345890410958913,0.0,0.0,0.0,0.0,0.0,0.0,0.0,0.0,0.9915609176720636,0.0,0.0,1.0,0.0,0.594813127120901,1.0,0.0,0.0,0.505358882754141,0.0,0.07692307692307698,0.0,0.6784980212903028,0.4288561345235623,0.0,0.0,0.0,0.0,0.0,0.0,0.586891394229683,0.4699518979034747,0.0,0.0,0.0,0.0,0.0,0.9720703510967657,0.0,0.0,0.0,0.5487313831077476,0.0,0.0,0.0,0.0,0.7916666666666666,0.0,1.0,0.0,0.0,0.0,0.6362799263351748,0.0,0.0,0.0,0.0,0.0,0.0,0.0,0.0,0.0,0.0,0.0,0.0,0.0,0.0,0.4098360655737705,0.4880081175819445,0.0,0.21212121212121204,0.0,0.0,0.0,0.591338424437299,0.0,0.0,0.0,0.0,0.5087719298245614,0.0,0.0,0.6172566371681417,0.0,0.7174203113417346,0.0021171489061397875,0.14111922141119215,1.0,0.0,0.8879615579160344,0.6153846153846154,0.0,0.0,0.6175213675213675,0.0,0.0,0.37676850522862415,0.0,0.8619854721549637,0.31263048016701445,0.7374727668845316,0.024390243902438935,1.0,0.9442105263157895,0.0,0.2029734970911441,1.0,1.0,0.0,0.0,0.2500000000000001,0.0,0.1098039215686274,0.0,0.9868297271872061,0.6437499999999999,0.7142857142857143,0.9232827832292596,0.0,0.6874115983026874,0.23113207547169812,1.0,0.5714285714285714,0.5606995884773662,1.0,0.0,0.0,0.6268600489734413,0.1428571428571428,1.0,0.9784046537572715,0.0,0.7674418604651163,1.0,0.0,1.0,0.32515831276161855,0.0,0.0,0.0,0.72,0.0,1.0,0.0,0.39584596725288057,0.0,0.75,0.11917836078909905,0.0,1.0,0.0,0.0,1.0,0.0,1.0,0.23479729729729715,1.0,0.8798641136504015,0.2456207159177457,0.6701054302233307,1.0,1.0,0.5697806354009077,0.0,0.8,1.0,0.44999999999999996,0.8823529411764706,0.8605527638190955,0.6437499999999999,1.0,1.0,1.0,0.8903936798778463,1.0,0.0,0.8305343511450382,0.0,0.7523992322456814,0.0,0.7959094865100087,0.3658682634730538,0.7613086296110833,0.0,1.0,0.24084621643612703,0.6363636363636364,0.0,1.0,0.44999999999999996,0.75,0.3711340206185567,0.0,1.0,0.8656716417910448,0.0,0.0,0.0,0.0,0.0,1.0,1.0,0.0,1.0,0.0,0.7483975194121633,0.13636363636363646,0.0,0.0,0.0,0.0,0.10526315789473684,0.0,0.6102065314414109,0.5466391306485715,0.0,0.0,0.0,0.0,0.0,0.0,0.61472709464874,0.5152053506113492,0.0,0.0,0.0,0.0,0.0,0.9956454121306376,0.0,0.4970337307192496,0.0,0.4678430362356175,0.0,0.0,0.0,0.0,0.6145783706526917,0.0,0.0,0.0,0.0,0.0,0.44428364688856736,0.0,0.0,0.0,0.0,0.0,0.0,0.0,0.0,0.0,0.0,0.0,0.3317073170731707,0.0,0.0,0.0,0.0,0.0,0.0,0.0,0.0,0.0,0.9186672185430463,0.0,0.0,0.0,0.0,0.5,0.0,0.0,0.0,0.0,0.6626506024096386,0.5322391559202813,0.3076923076923076,0.9,0.0,0.0,0.6666666666666667,0.6666666666666667,0.0,0.0,0.0,0.0,0.13476123010250862,0.0,0.6039638386648123,0.7968472468916519,0.5544147843942505,1.0,0.923469387755102,1.0,0.0,0.0,0.49693251533742333,0.0,0.0,0.0,0.5714285714285714,0.36340389259838046,0.39701427953266977,0.19999999999999996,0.577131906739061,0.5,0.33333333333333337,0.41176470588235303,0.0,1.0,1.0,0.0,0.0,0.0,0.5,0.0,0.0,0.0,0.1671335200746964,0.0,0.9027595269382391,0.8,0.4028028028028029,0.5,0.07840722495894914,0.26315789473684215,0.0,0.060381355932203506,0.33333333333333337,0.0,0.1714554875176636,0.23529411764705876,0.3157894736842106,0.0,0.0,0.3766233766233765,0.25,0.0,0.07317073170731714,0.0,0.0,0.5,0.0,0.0,0.0,0.31264023934180996,0.7142857142857142,0.0,0.4742010652463382,0.0,0.0,0.0,0.6923857868020304,0.0,0.0,0.0,1.0,0.0,0.0,0.5,0.6666666666666666,0.0,0.0,0.13570761083999583,0.3846153846153846,0.6514644351464435,0.3944483734087696,0.0,0.4122196442382058,0.0,0.0,0.0,0.0,0.5917753259779338,0.8819918144611187,0.9016393442622951,0.0,0.0,0.5,0.0,1.0,0.3784090909090909,0.11714285714285722,0.0,0.33333333333333326,0.0,0.0,0.0,0.0,0.0450387051372273,0.9130684488069754,0.22413793103448265,0.06798827629180026,0.0,1.0,0.3884281420460871,0.33333333333333326,0.0,0.0,0.0,1.0,0.0,0.0,0.6649746192893401,0.1346457824400059,0.0,0.0,0.0,0.0,0.0,0.0,0.9366544644278211,0.3596692873838546,0.0,0.0,0.0,0.0,0.5,0.9203354297693921,0.3088956095526123,0.032282212033311386,0.0,0.770730198019802,0.0,m2
0.5714285714285714,0.7057535565668955,0.0,0.0,0.9,0.0,0.0,0.0,0.0,0.0,0.6593532229965157,0.0,0.0,0.0,0.0,0.0,0.0,0.0,0.0,0.0,0.0,0.0,0.25,0.7308581484420827,0.006175156968088569,0.12972315405315749,0.0,0.0,0.0,0.0,0.0,0.0,0.0,0.0,0.33333333333333326,0.8884663584114775,0.6976744186046512,0.0,0.0,0.12295923127157371,0.42367957327237227,0.1794871794871794,0.0,0.3776066453231809,0.0,0.9450676344440778,0.5065837003891958,0.0,0.33333333333333337,0.0,0.0,0.0,0.3112033195020746,0.5117134970627788,0.0,0.0,0.42716884391960064,0.5161429806860767,0.0,0.06911857958148382,0.8461538461538461,0.0,0.5653016719166466,1.0,0.0,0.5,0.1252956383037237,0.5555555555555556,0.0,0.0,0.0,0.6739300967488887,0.558974358974359,0.5714285714285714,0.11642411642411654,0.8333333333333334,0.0,0.3548387096774194,0.0,0.5714285714285714,0.5154626523766669,0.31327762302692674,0.0,0.0,0.34277798107585344,0.012134308510638236,0.0,0.4716641433773886,0.0,0.5631868131868132,0.33333333333333337,0.7222612359550562,0.0,0.2941176470588235,0.0,1.0,0.27651356993736953,0.0,0.0,0.39468482319349885,0.0,0.24577926377118642,0.8858569051580699,0.5,0.06867951982539078,0.6590759075907591,0.75,0.0,0.0,0.6666666666666667,0.5983130058132908,0.7777777777777778,0.2378444795506407,0.0,0.2869429241594996,0.25139664804469264,0.0,0.0,0.6666666666666667,0.0,0.0,0.625,0.6666666666666667,1.0,1.0,0.19555317439057052,0.558974358974359,0.25,0.8571428571428571,0.0,0.0,0.6314488724127278,0.7761904761904762,0.1933976954219866,0.4722222222222222,0.0,0.0,0.9355142386443869,0.9407961962755198,0.0,0.0,0.0,0.0,0.4444444444444444,0.11111111111111116,0.5,0.3076923076923077,1.0,0.2054195804195803,0.0,0.0,0.0,0.0,0.0,0.0,0.0,0.0,0.5619961934617106,0.2644359619913911,0.5283590515619119,0.33333333333333326,1.0,0.8644211995942452,0.0,0.0,0.0,0.49915071905786446,0.206896551724138,0.16666666666666663,0.0,0.0,0.4553842060754635,0.47538110160939073,0.0,0.0,0.0,0.0,0.0,0.0,0.8410000691096025,0.0,0.977484949010935,0.0,0.0,0.517241379310345,0.8975932267884322,0.8602585274187119,0.022405501013553986,0.0,0.54449747332959,0.0,0.0,0.5741935483870968,0.0,0.0,0.8571428571428572,0.0,0.0,0.0,0.0,0.0,0.6525514008735485,0.0,0.0,0.0,0.0,0.0,0.0,0.0,0.0,0.0,0.0,0.0,0.0,0.7940379403794038,0.0,0.36076508092202075,0.0,0.0,1.0,0.33333333333333326,0.0,0.0,0.0,0.0,0.8421052631578947,0.8732852055807436,0.5087719298245614,0.12944162436548223,0.0,0.3915929203539824,0.46153846153846145,0.24974093264248698,0.0,0.4027777777777777,0.0,1.0,0.8984575835475578,0.0,0.0,0.0,0.5339250262758379,0.0,0.2659768715763845,0.6153024150459501,0.36,0.0,0.31263048016701445,0.7395871061209707,0.06493506493506473,0.0,0.929733246584255,0.0,0.8574156588160408,1.0,1.0,1.0,0.0,0.75,0.0,0.33673469387755106,0.0,0.9496707431796801,1.0,0.6666666666666667,0.0,0.8888888888888888,0.0,0.23113207547169812,0.0,0.8571428571428571,0.7289135716765012,0.37447008949599614,0.0,1.0,0.6422487223168655,0.0,1.0,0.5630997500201596,0.0,0.7674418604651163,1.0,0.7096774193548387,1.0,0.3562807969720775,0.0,0.8125,0.0,0.2014299036369287,0.0,0.49425287356321845,0.0,0.34381091617933723,0.8181818181818182,1.0,0.5564368517388651,0.9254327563249001,1.0,0.0,0.0,1.0,0.8351028533510285,1.0,0.6622691292875988,0.33333333333333337,0.0,0.0,0.0,1.0,1.0,0.0,0.0,0.8,1.0,0.9,0.5882352941176471,0.8132832080200502,1.0,0.0,1.0,0.5,0.0,0.0,0.9571428571428572,0.12645322840279005,0.37037037037037035,0.0,0.0,1.0,1.0,0.0,0.0,0.0988647635842611,0.6337056504599212,0.6363636363636364,0.0,1.0,0.65,0.75,0.15662650602409622,0.0,1.0,0.8656716417910448,0.0,0.0,0.0,0.0,0.0,0.8446086354190718,1.0,0.08461479943923411,0.5,1.0,0.9089244376878692,0.0,0.0,0.0,0.0,0.375,0.1724137931034483,0.0,0.0,0.5569255865278511,0.17113312424308313,0.0,0.0,0.0,0.0,0.0,0.0,0.8936478078425698,0.0,0.9868533579273916,0.0,0.0,0.5,0.9479782270606532,0.985964317338307,0.5101331171601673,0.0,0.4678430362356175,0.3258161316722742,1.0,0.8321521820216338,0.0,0.0,1.0,0.0,0.0,0.0,0.0,0.0,0.9167244968771686,0.0,0.0,0.0,0.0,0.0,0.0,0.0,0.0,0.0,0.0,0.0,0.33333333333333326,0.7957036387549321,0.25374732334047123,0.0,0.0,0.0,0.5454545454545454,0.0,0.0,0.0,0.0,0.0,0.75,0.46672485271656117,0.16666666666666663,0.0,0.0,0.8632449190492594,0.3930940304330863,0.34023464458247066,0.48915401301518435,0.3076923076923076,0.0,1.0,0.21616871704745155,0.0,0.6666666666666667,0.0,0.0,0.0,0.0,0.12182875264270587,0.0,0.0,0.7861080485115766,0.41691934505761075,0.3088942307692307,0.2857142857142857,0.8571428571428572,0.0,0.25097024579560145,0.49693251533742333,0.0,0.0,0.0,0.5714285714285714,0.0,0.0,0.0,0.5282657297987863,0.0,0.0,0.41176470588235303,0.6666666666666667,0.0,1.0,0.0,0.0,0.0,0.0,0.0,0.5,0.0,0.2364931237721023,0.0,0.0,0.75,0.3420221169036335,0.0,0.5853858784893268,0.20000000000000018,0.0,0.0,0.0,0.0,0.4654166666666667,0.23529411764705876,0.03606965174129362,0.625,0.0,0.0,0.0,0.7719298245614036,0.1287128712871286,0.0,0.0,0.0,0.0,0.1585944919278255,0.0,0.24084507042253533,0.0,0.06408345752608047,0.4742010652463382,0.0,0.0,0.0,0.0,0.0,0.33333333333333337,0.0,0.0,0.061514195583596276,0.13379310344827577,0.0,0.6666666666666666,0.0,0.5,0.055457288523566683,0.6666666666666666,0.23076923076923073,0.0,1.0,0.2628552097428958,0.0,1.0,0.8734177215189873,0.6098998232174424,0.5950679056468906,0.0,0.9117647058823529,0.0,0.5,0.0,0.29268292682926833,1.0,0.32777777777777783,0.047235023041474644,0.0,0.33333333333333326,0.0,0.0,0.0,0.0,0.0450387051372273,0.0,0.2068965517241378,0.0,0.0,0.75,0.7998441500612268,0.0,0.0,0.0,0.0,0.0,0.5,0.0,0.0,0.43555050609378243,0.485114556180546,0.0,0.0,0.0,0.0,0.0,0.0,0.5243301717310256,0.0,0.9594594594594594,0.0,0.0,0.0,0.7260656883298393,0.7856917743460449,0.29190286362140205,0.0,0.770730198019802,0.0,m2
0.0,0.0,0.0,0.8424097065462753,0.0,0.0,0.0,0.0,0.0,0.0,0.0,0.593064746844397,0.762922501119926,0.0,1.0,0.0,0.0,0.0,0.0,0.7211484037236413,0.0,0.0,0.0,0.75,0.005346380662303418,0.009235966362394987,0.0,0.0,0.0,0.0,0.0,0.0,0.8489945636289239,0.0,0.0,0.0,0.45081640780565513,0.4632085162013261,0.0,0.3041074249605056,0.5120967741935483,0.1794871794871794,0.0,0.3776066453231809,0.0,0.8519008264462811,0.39673571876961733,0.0,0.0,0.0,0.7664131615706969,0.0,0.5217391304347827,0.2873795180722891,0.0,0.7060280221570543,0.7271977101008278,0.0,0.434961106309421,0.0,0.0,0.12146118721461197,0.0,1.0,0.4,1.0,0.0,0.5555555555555556,0.0,0.0,0.1428571428571428,0.6718319302689413,0.558974358974359,1.0,0.0,0.0,0.0,0.19354838709677413,1.0,0.5714285714285714,0.41796970437332015,0.0,0.0,0.0,0.017029199400572126,0.0,0.0,0.08495821727019504,0.0,0.0,0.6666666666666667,0.0,0.5,0.6521739130434783,0.0,0.0,0.0,0.6930032611918173,0.0,0.13612925403918863,0.125,0.282220989220038,0.8693710457759584,0.5,0.08523489932885897,0.673582837456937,0.75,0.0,0.19999999999999996,0.0,0.5136018680677173,0.0,0.0,0.0,0.6041521109891206,0.4438920454545454,0.5302445302445302,0.875,0.6666666666666667,0.8846283783783784,0.5,0.5,0.0,0.75,0.9090909090909091,0.11080835603996375,0.558974358974359,0.0,0.8571428571428571,0.0,0.3191924641981968,0.7028938142492127,0.0,0.5170697835898623,0.9166666666666666,0.6151307688518938,0.0,0.02989690721649485,0.0,0.7769465809714466,0.36659108087679515,0.0,0.29381965552178324,1.0,0.11111111111111116,0.8333333333333334,0.3076923076923077,0.5827232796486091,0.2195121951219512,0.37750294464075396,0.0,0.9,0.0,0.0,0.0,0.0,0.8977953942411636,1.0,0.1964093827807627,0.3616574409274589,1.0,0.0,0.0,1.0,0.0,0.0,0.0,0.0,0.07692307692307698,0.8,0.008702975856260453,0.06716749315372661,0.0,0.0,0.0,0.0,0.0,0.0,0.0,0.0,0.0,0.0,0.0,0.0,0.7194244604316546,0.9428982725527831,0.6363909473262568,0.09114275903791769,0.0,0.0,0.7578168637471032,0.0,0.0,0.0,0.7916666666666666,0.0,0.0,0.0,0.0,0.0,0.0,0.0,0.7189150943396226,0.8214611872146118,0.0,1.0,0.0,0.0,0.0,0.0,0.8871707046793935,0.0,0.0,0.0,0.42233009708737856,0.0,0.5452202106450248,0.0,0.0,0.0,0.0,0.0,0.0,0.8655913978494624,0.0,0.0,0.0,0.5087719298245614,0.45696400625978095,0.0,0.0,0.46153846153846145,0.3589325426241661,0.0,0.1288860103626941,0.7333333333333334,0.383109619686801,0.49440802159660624,0.23076923076923073,1.0,0.0,0.93098479936604,1.0,0.8029411764705883,0.5300214132762313,0.0,0.6609873307121014,0.8713052576510594,0.0,0.8,0.2571428571428571,0.0,0.6696428571428572,0.0,1.0,1.0,0.0,0.02021305654192851,0.75,0.11111111111111116,0.0,0.0,0.9421252371916509,1.0,0.7142857142857143,0.4601743312293357,0.0,0.6778471138845553,0.0,0.4267241379310345,0.8571428571428571,0.7253592953175707,0.0,0.0,0.0,0.0,0.1428571428571428,1.0,0.3321033210332104,0.0,0.0,1.0,0.0,1.0,0.6344920688491393,0.07142857142857151,0.0625,0.0,0.8034014982790039,0.06375838926174504,0.0,0.3460884353741498,0.34768378650553866,0.8181818181818182,0.9166666666666666,0.11917836078909905,0.8972691807542262,1.0,0.0,0.5,0.0,0.7717451523545706,1.0,0.2988826815642458,0.33333333333333337,0.6213486213486215,0.005331302361005319,0.42337164750957845,1.0,1.0,0.93589258698941,1.0,0.8,0.0,0.9,0.3529411764705882,0.3084714548802945,1.0,0.5,1.0,1.0,0.6416474516975431,0.0,0.2857142857142857,1.0,0.962962962962963,0.8332558139534884,0.0,0.7888725128960943,0.25602312881464817,1.0,0.5262718932443702,0.1670611278870482,0.2515942028985507,0.6363636363636364,0.0,1.0,0.65,0.25,0.41666666666666663,1.0,1.0,0.8997772828507795,0.0,0.0,0.0,0.0,0.8269697972302311,1.0,0.7666226332012329,0.5453110563597166,1.0,0.0,0.0,0.0,0.0,0.0,0.9139710942876806,0.0,0.10526315789473684,0.6666666666666666,0.5515300212159471,0.5709108178364327,0.0,0.0,0.0,0.0,0.0,0.0,0.0,0.0,0.0,0.0,0.0,0.0,0.5,0.9555125725338491,0.924230040865145,0.9031887707862671,0.0,0.0,0.6999874497991968,1.0,0.0,0.0,0.8507799671592775,0.0,0.0,0.0,0.0,0.0,0.0,0.0,0.894047619047619,0.7778799959112747,0.0,0.6666666666666667,0.0,0.0,0.0,0.0,0.8925426921659363,0.0,0.0,0.0,0.8007796746874579,0.262496166819994,0.0,0.0,0.0,0.5454545454545454,0.0,0.0,0.0,0.5023326753992463,0.0,0.0,0.0,1.0,0.9726775956284153,0.19999999999999996,0.05932932072227015,0.36482449589245725,0.34023464458247066,0.22178529296106964,0.3076923076923076,0.0,0.8208797032326444,0.0,0.0,0.0,0.0,0.7682198327359617,0.0,0.504652605459057,0.015269554378311456,0.0,0.83777633289987,0.33347511697150156,0.0,0.25,0.0,0.0,0.331384015594542,0.0,0.053097345132743334,0.4,0.0,0.0,0.5714285714285714,0.0,0.0,0.19999999999999996,0.5282657297987863,0.0,0.33333333333333337,1.0,0.0,1.0,0.368421052631579,0.0,1.0,0.0,0.0,0.0,0.0,0.3962085308056873,0.0,0.0,0.03588681849551423,0.0,0.0,0.5,0.08087027914614131,0.42000000000000004,0.17389138016940708,0.0,0.0,0.8939068100358423,0.5149999999999999,0.23529411764705876,0.8333333333333333,0.0,0.01743638077285581,0.13636363636363613,0.25,0.8333333333333334,0.0,0.0,0.0,0.33333333333333337,0.0,0.35584958217270213,0.0,0.0,0.0,0.40800000000000014,0.0,0.88,0.0,0.0,0.9593867670790748,0.0,0.0,0.0,1.0,0.2570977917981073,0.32965517241379316,0.0,0.0,0.0,0.0,0.0,0.6923076923076923,0.0,0.33798168165690234,0.7777777777777778,0.0,0.0,0.0,0.0,0.49586776859504145,0.0,0.0,0.5733333333333335,0.0,0.5,0.5,0.29268292682926833,0.625,0.3784090909090909,0.10501750291715295,0.0,1.0,0.0,0.0,0.0,0.0,0.7019774011299436,0.7018980169971671,0.2068965517241378,0.0781773329857004,0.0,1.0,0.0,0.0,0.0,0.0,0.8715679190751445,0.0,0.0,0.8571428571428571,0.45574305250611646,0.6923691570115862,0.0,0.0,0.0,0.0,0.0,0.0,0.0,0.0,0.0,0.0,0.0,0.0,1.0,1.0,0.25163398692810446,0.0,0.0,0.0,0.9091609419052535,m2
0.0,0.0,0.0,0.0,0.0,0.0,0.0,0.0,0.8549923195084486,0.8336764837525736,0.0,0.0,0.0,0.0,0.0,0.0,0.0,0.6898192392409785,0.0,0.8894170009341172,0.0,0.717948717948718,0.0,0.7304464933181394,0.0,0.2234090607147603,0.0,0.0,0.0,0.0,0.7978689397975494,0.8854916774878999,0.0,0.0,0.0,0.0,0.0,0.06889441876999636,0.7308677098150782,0.7023433385992628,0.5891317807305805,0.3846153846153846,0.2591496426766766,0.38636363636363635,0.0,0.6887165951831079,0.4303121852970797,0.0,0.0,0.0,0.10820731170165943,0.0,0.7028985507246377,0.8833202941636676,0.0,0.0,0.6133597325456848,0.5275811706549826,0.39152981849611057,0.04973357015985802,0.3689680772086117,0.0,0.3334141022534528,0.6666666666666667,0.4,0.5,0.0,0.44444444444444453,0.9750302496975031,0.4422110552763818,0.8571428571428571,0.0,0.7179487179487178,0.0,0.0,0.0,0.0,0.3548387096774194,0.16455696202531644,0.5714285714285714,0.0,0.0,0.6428571428571428,1.0,0.03279813366268669,0.0,0.0,0.1854252822175031,0.8,0.0,0.33333333333333337,0.40161725067385456,1.0,0.6521739130434783,0.5407279029462738,0.5,0.4482758620689655,0.2599934361667212,1.0,0.10565593087195613,0.0,0.853548852403377,0.08319467554076543,0.5,0.6171741563107369,0.6992133549510597,0.75,0.0,0.19999999999999996,0.0,0.8127298085457081,0.7777777777777778,0.2424348434493614,0.0,0.5341850484080246,0.6550657385924207,0.6190476190476191,0.0,0.6666666666666667,0.5208289368167813,0.5,0.5,0.6666666666666667,0.75,0.5,0.19501741226895264,0.6000000000000001,0.75,0.0,0.5,0.5342955419167734,0.7491349480968857,0.0,0.41961613868537806,0.7222222222222222,0.0,0.0,0.0,0.0,0.0,0.42182751755213244,0.0,0.8748733535967579,0.4444444444444444,0.0,1.0,0.3076923076923077,0.9326500732064422,0.21687763713080155,0.37750294464075396,0.0,0.2823886639676113,0.0,0.0,0.0,0.6224023342519047,0.9654103906343109,0.0,0.0,0.94721706864564,0.0,0.0,0.0,1.0,0.0,0.0,0.0,0.0,0.5714285714285714,0.0,0.0,0.0,0.4753967753393461,0.0,0.0,0.0,0.0,0.0,0.0,0.0,0.0,0.0,0.0,1.0,0.7621951219512195,0.0,0.0,0.11502952439498937,0.0,0.0,0.20690655411971182,0.0,0.0,0.0,0.0,0.0,0.0,0.0,0.0,0.5,0.9510734929810074,0.0,0.0,0.0,0.0,0.0,0.0,0.0,0.8427225130890053,0.0,0.90378263185935,0.0,1.0,0.0,0.7940379403794038,0.0,0.6403574806493331,0.0,0.0,0.25,0.33333333333333326,0.6902332361516035,0.6174372146118723,0.0,0.0,0.0,0.0,0.0,0.19450778229404198,0.7436914203316511,0.957680250783699,0.7124786324786325,0.7174203113417346,0.6733716475095786,0.1294269156471345,0.0,0.8990070921985815,0.4286033020972779,0.0,1.0,0.0,0.0,1.0,0.2574558734023127,0.9253696498054474,0.0,0.0,0.7378787878787878,0.7961829312207418,0.6000000000000001,0.2571428571428571,0.7129485179407177,0.0,0.27235401459854014,0.75,0.5,1.0,0.05695570112135029,0.75,1.0,0.586427656850192,1.0,0.1408918406072106,0.7,0.1428571428571429,0.4444111477374888,0.0,0.0,0.125,0.48677884615384603,0.8571428571428571,0.24250141482739096,0.0,1.0,1.0,0.23864795918367343,0.1428571428571428,1.0,0.4414212548015365,1.0,0.0,1.0,0.19354838709677402,1.0,0.6579907695610174,0.6325602546612097,0.0,0.761546723952739,0.2014299036369287,0.941747572815534,0.4952015355086372,0.0,1.0,0.0,1.0,0.0,0.8791208791208791,1.0,0.0,0.5,0.0,0.8700061462814996,1.0,0.8287037037037037,0.33333333333333337,0.8834288834288835,0.7969410999023755,0.8820418954647142,1.0,1.0,0.5840056120659418,1.0,0.8,1.0,0.44999999999999996,0.8823529411764706,0.8132832080200502,1.0,1.0,0.0,1.0,0.897879678119811,1.0,0.2857142857142857,0.7656726533378515,0.7777777777777778,0.0,0.0,0.0,0.29279466888796346,0.0,0.7527315158587037,0.1670611278870482,0.918429003021148,0.6363636363636364,0.0,1.0,0.65,0.75,0.45695364238410585,0.5681818181818181,1.0,0.7906976744186047,0.0,0.0,0.0,0.6456874720691197,0.9029495950638682,0.0,0.7073950312363795,0.777476686640459,0.0,0.0,0.0,0.9545454545454546,0.0,0.0,0.9084556254367575,0.0,0.6428571428571428,0.0,0.5772629817497255,0.2662517289073306,0.27986332147537896,0.0,0.0,0.0,0.0,0.0,0.0,0.0,0.0,0.0,0.0,1.0,0.5,0.0,0.0,0.7203680195917634,0.0,0.0,0.09195820081781025,1.0,0.0,0.0,0.0,0.0,0.0,0.0,0.0,0.6672576832151301,0.7067113712564641,0.0,0.0,0.0,0.0,0.0,0.0,0.0,0.9674172637325145,0.0,0.7210163019532971,0.0,0.8478260869565217,0.0,0.6649432534678437,0.25374732334047123,0.0,0.0,0.0,0.0,0.0,0.8682602921646747,0.674245939675174,0.0,0.0,0.0,0.0,0.0,0.0,0.0,0.35236457437661217,0.8982035928143712,0.018167137666532218,0.0,0.3076923076923076,0.09090909090909083,0.0,0.5996621621621623,0.0,0.0,0.0,0.4638382061991646,0.0,0.4737704918032788,0.5492075664621678,0.25,0.0,0.1975695805566443,0.2927525883612996,0.0,0.0,0.1428571428571428,0.0,0.3181667220192629,1.0,0.6,0.0,0.0,0.4285714285714285,0.926320987654321,0.16445145302996178,0.8,0.0,0.5,0.33333333333333337,0.0,0.0,0.0,0.4736842105263158,0.0,0.0,0.2341292952824695,0.0,0.0,0.5,0.16319612590799026,0.0,0.0,0.03588681849551423,0.75,0.0,0.0,0.0,0.20000000000000018,0.17389138016940708,0.060381355932203506,0.33333333333333337,0.34838709677419366,0.4654166666666667,1.0,0.0,0.625,0.44013981939994173,0.3766233766233765,0.0,0.0,0.1495956873315365,0.0,0.0,0.0,0.0,0.6507936507936508,0.0,0.1628318584070797,0.0,0.0,0.09995116392642034,0.75,0.0,0.0,0.8875739644970414,0.0,0.0,0.0,1.0,0.0,0.13379310344827577,0.0,0.6666666666666666,0.0,0.5,0.10637694851204549,0.3846153846153846,0.0,0.8227195945945946,0.5555555555555556,0.23399558498896278,0.0,0.6020230205790025,0.0,0.4247619047619047,0.08893442622950831,0.026125401929260272,0.20000000000000007,0.0,0.0,0.5,0.29268292682926833,0.4736842105263157,0.3784090909090909,0.0,0.0,0.75,0.0,0.0,0.0,0.6268082486919052,0.6467276565798734,0.8040902995082699,1.0,0.8673074231325526,1.0,0.0,0.0,0.0,0.0,0.0,0.8742733188720173,0.0,0.0,0.0,0.5133684003754064,0.0,0.48589341692789956,0.0,0.0,0.0,0.0,0.0,0.0,0.0,0.0,0.0,0.0,0.9894863322319015,1.0,0.0,0.25952233889232035,0.5960190002261931,0.0,0.0,0.8575913242009132,m2
0.0,0.0,0.0,0.8757371301067842,0.0,0.6666666666666667,0.0,0.0,0.5549872122762148,0.0,0.0,0.0,0.0,0.0,0.0,0.8918811487627943,0.0,0.0,0.0,0.6759298231205921,0.0,0.0,0.33333333333333326,0.0,0.040669298983753155,0.0,0.0,0.0,0.0,0.0,0.0,0.884327120779996,0.0,0.0,0.0,0.0,0.0,0.35978314440611137,0.07291666666666652,0.3004725649776844,0.87574931880109,0.3846153846153846,0.05355404089581306,0.6314507535393515,0.7926829268292683,0.46403596403596403,0.0,1.0,0.33333333333333337,0.8445234919223358,0.0,0.0,0.0,0.3232479896919517,0.0,0.7920385692879015,0.9010017146466925,0.0,0.39457937346004934,0.8173734610123119,0.3537794299876085,0.4937533948940793,0.8305084745762712,1.0,0.0,0.0,0.23715927010587956,0.0,0.0,0.2542819499341238,0.0,0.31624102154828415,0.558974358974359,0.0,0.713375796178344,0.0,0.7354758961681088,0.0,0.0,0.5714285714285714,0.0,0.590909090909091,0.0,0.18181818181818188,0.8771630398710473,0.020783564261825038,0.0,0.9189332391381138,0.0,0.0,0.0,0.9565217391304348,0.11111111111111116,0.7763157894736842,1.0,0.0,0.44896681277395123,0.7995730816762161,0.0,0.0,0.0,0.44027414330218073,0.0,0.5,0.0,0.6329092451229854,0.75,0.0,0.19999999999999996,0.0,0.0,0.0,0.22388378551591537,0.4444444444444444,0.40213000367242,0.0,0.3575348248205993,0.875,0.6666666666666667,0.0,0.5,0.625,0.6666666666666667,0.75,0.0,0.0,0.558974358974359,0.75,0.8571428571428571,0.5,0.8569878236711306,0.4646355353075171,0.34925201380897586,0.0,0.0,0.0,0.0,0.03314803376569908,0.0,0.0,0.3677814938684504,0.9475139510331305,0.19071543408360148,0.36363636363636365,0.11111111111111116,0.6666666666666667,0.3076923076923077,0.9004329004329005,0.2195121951219512,0.22890173410404613,0.0,0.0,0.0,0.0,0.0,0.0,0.9886900147981115,0.9885099509310902,0.26423677868341955,0.36122472701911423,0.33333333333333326,0.0,0.6472873258412133,0.16000000000000003,0.0,1.0,0.0,0.0,0.16666666666666663,0.0,0.567687777986594,0.920301634606701,0.49478119709066015,0.0,0.0,0.0,0.0,0.0,0.7681404837690633,0.0,0.818314758602353,0.0,0.0,0.0,0.0,0.0,0.2211853204079064,0.0,0.6666666666666667,0.0,0.5673634297903913,0.0,0.0,0.0,0.7916666666666666,0.0,0.0,0.0,0.0,0.5945945945945946,0.0,0.0,0.0,0.0,0.0,0.0,0.8321873657069188,0.0,0.0,0.0,0.9047178062458199,0.0,0.0,0.0,0.0,0.0,0.0,0.0,0.21212121212121204,0.0,0.0,0.0,0.5923369347739096,0.0,0.0,0.0,0.0,0.0,0.7551020408163265,0.8548915587455141,0.0,0.8974358974358975,0.7174203113417346,0.03794369645042839,0.7704402515723271,0.7333333333333334,0.7471383975026015,0.30288713910761156,0.6153846153846154,0.0,0.9560522350577599,0.6169436052366566,0.0,0.0,0.23717155041958993,0.0,0.9692307692307692,1.0,0.0,0.6233766233766234,0.8161120840630472,0.5394932935916543,0.5583756345177664,0.9106145251396648,1.0,1.0,0.0,0.4703008770955923,0.5,0.0,0.5391061452513966,0.0,0.0,1.0,0.6666666666666667,0.5733788395904437,0.0,0.6226522481502561,1.0,0.0,0.8571428571428571,0.7022496214579279,0.7986928104575164,0.0,0.09999999999999998,1.0,0.0,1.0,0.5849172286940527,0.0,0.0,0.0,0.967741935483871,0.0,0.8944281524926686,0.7857142857142857,0.0,0.7429264349232013,0.07057976233345342,0.0,0.0,0.0,0.5643418467583498,0.0,0.9166666666666666,0.11917836078909905,0.9049405878674172,1.0,0.0,0.0,0.0,0.5269814502529511,1.0,0.6629381058911261,0.6666666666666667,0.9579579579579579,0.005331302361005319,0.6144251626898047,1.0,1.0,0.0,1.0,0.8,1.0,0.9,0.3529411764705882,0.5170278637770898,1.0,1.0,1.0,1.0,1.0,1.0,0.7857142857142857,0.12535816618911177,0.0,0.04761904761904756,0.0,0.6989247311827957,0.29279466888796346,0.0,0.5262718932443704,0.9698492462311558,0.5044359949302915,0.6363636363636364,0.0,1.0,0.65,0.75,0.4825174825174825,0.5,1.0,0.8095238095238095,0.0,0.0,0.0,0.0,0.9717823888074869,0.9753036437246964,0.7200704225352113,0.5418588272712814,0.5,0.0,0.8318631512256933,0.13636363636363646,0.0,0.9948831656148729,0.8087408048463869,0.0,0.1724137931034483,0.0,0.0,0.9649251004749726,0.7394054794089414,0.0,0.0,0.0,0.0,0.0,0.7340583644787584,0.0,0.8148148148148148,0.0,0.0,0.0,0.0,0.0,0.6644277852407159,0.7883653071733189,1.0,0.0,0.44259485924112596,1.0,0.0,0.0,0.6179865158267626,0.0,0.0,0.0,0.0,0.6543036193886687,0.0,0.0,0.0,0.0,0.0,0.0,0.8883455582722086,0.0,0.0,0.0,0.8820576515033898,0.0,0.23181818181818192,0.0,0.0,0.262496166819994,0.0,0.0,0.0,0.0,0.0,0.0,0.919921875,0.0,0.0,0.0,0.0,0.0,0.945273631840796,0.0,0.06958318980365119,0.7992586812329302,0.6626506024096386,0.21759809750297276,0.0,0.0,0.31271878646441076,0.6312600969305331,1.0,0.6666666666666667,0.7355708908406524,0.0,0.0,0.0,0.014014325755216661,0.0,0.6032992930086409,0.5506021550813437,0.0,1.0,0.7806122448979592,0.0,0.5526946107784432,0.6874375208263912,0.4444444444444444,0.0,0.0,0.10509209100758399,0.0,0.0,0.29603960396039586,0.0,0.13404507710557523,0.0,0.0,0.0,0.0,0.6666666666666666,0.5,0.0,1.0,0.0,0.0,0.0,0.5,0.6479041916167665,0.20836065573770501,0.0,0.9565857247976454,0.4,0.0,0.5,0.8888888888888888,0.0,0.6332599118942731,0.4545454545454546,1.0,0.34838709677419366,0.9740791268758526,0.23529411764705876,0.0,0.625,0.31053952321204514,0.5714285714285714,0.25,0.8333333333333334,0.10378378378378372,0.0,0.0,0.44444444444444453,0.0,0.0,0.0,0.16139585605234463,0.4285714285714285,0.6994047619047619,0.1386507640700707,0.0,0.0,0.0,0.0,0.0,0.33333333333333337,0.0,0.0,0.2570977917981073,0.0,0.0,0.6666666666666666,0.0,0.5,0.6357715430861723,0.3846153846153846,0.5375527426160338,0.0,0.44444444444444453,0.3498995983935743,0.0,0.0,0.0,0.0,0.0,0.8875051041241323,0.19999999999999996,0.0,0.5,0.0,0.29268292682926833,0.4375,0.3784090909090909,0.27323272438443214,0.0,0.0,0.0,0.0,0.0,0.0,0.9375,0.0031119770525515067,0.2068965517241378,0.0,0.0,0.0,0.46844291062236787,0.33333333333333326,0.0,0.9888641425389755,0.7905443434911956,1.0,0.5,0.0,0.0,0.986279419128693,0.41314695882130703,0.0,0.0,0.0,0.0,0.0,0.9366544644278211,0.0,0.7358490566037736,0.0,0.0,0.0,0.0,0.0,0.0,0.03204561604187228,0.0,0.0,0.5841946858383158,m2
0.0,0.0,0.0,0.0,0.0,0.6666666666666667,0.0,0.0,0.0,0.0,0.0,0.0,0.0,0.0,0.0,0.900236840833293,0.0,0.0,0.0,0.0,0.0,0.0,0.0,0.0,0.0,0.005156300354495769,0.0,0.0,0.0,0.768370607028754,0.7321906802356722,0.0,0.0,0.0,0.0,0.0,0.0,0.0,0.8861985472154964,0.28755252100840334,0.5073569482288829,0.0,0.0,0.6458423466297483,0.7142857142857143,0.0,0.3799007744433688,0.4462151394422311,0.33333333333333337,0.5904588639579542,0.3786182343532325,0.0,0.5217391304347827,0.8136336364055938,0.7724829810103906,0.0,0.0,0.47028244671634034,0.4499828119628738,0.8585034013605441,0.5911504424778761,0.0,0.5596465390279823,0.0,0.4,0.0,0.5344109033566119,0.0,0.0,0.0,0.0,0.42250047429330284,0.38636363636363635,1.0,0.7227997227997228,0.8333333333333334,0.0,0.0,0.0,0.5714285714285714,0.41796970437332015,0.0,0.6428571428571428,0.16666666666666663,0.36630320726310506,0.009895227008148932,0.0,0.8853118712273642,0.625,0.5006751282743721,0.33333333333333337,0.0,1.0,0.2941176470588235,0.0,1.0,0.8622129436325678,0.0,0.36797326040717104,0.0,0.125,0.44027414330218073,0.5124674358020097,0.5,0.0,0.6108356512274761,0.75,0.0,0.19999999999999996,0.6666666666666667,0.7649791542584872,1.0,0.33418584825234443,0.0,0.5989863152559554,0.0,0.532650448143406,0.875,0.6666666666666667,0.875968992248062,0.0,0.0,0.6666666666666667,0.29999999999999993,1.0,0.11080835603996375,0.38636363636363635,0.25,0.0,0.0,0.0,0.4282548476454294,0.0,0.9198745625596509,0.7222222222222222,0.6230141271936256,0.8333333333333334,0.0,0.0,0.18483829650976635,0.2137692549512733,0.6134390834985679,0.19161977491961413,0.4444444444444444,0.0,0.6666666666666667,0.3076923076923077,0.0,0.0,0.37750294464075396,0.0,0.0,0.0,0.0,0.0,0.0,0.4010992882813049,0.9913699418270153,0.28901405399550495,0.3616574409274589,0.33333333333333326,0.0,0.21411356820659233,1.0,0.0,0.0,0.0,0.0,0.07692307692307698,0.0,0.3442735042735041,0.44337827442406574,0.0,0.0,0.0,0.0,0.0,0.0,0.0,0.8910551065948891,0.0,0.0,0.0,0.0,0.0,0.0,0.0,0.09888148413667985,0.0,0.7499878398754802,0.7266773187018585,0.0,0.0,0.0,0.0,0.0,0.0,0.0,0.0,0.0,0.0,0.0,0.0,0.0,0.0,0.0,0.8480260636259103,0.0,0.0,0.0,0.0,0.0,0.0,0.0,0.0,0.4098360655737705,0.5532027791135357,0.0,0.0,0.0,0.9166666666666666,0.6902332361516035,0.0,0.0,0.0,0.0,0.0,0.0,0.0,0.9158232535176499,0.0,0.4472984942426924,0.0,0.0709979906229069,0.7258460029426189,0.7333333333333334,0.0,0.4286033020972779,1.0,1.0,0.6544450025113009,0.6556058320764203,0.0,0.7553256238587949,0.8814240597186334,0.7210648148148149,0.0,0.0,0.7395871061209707,0.6000000000000001,0.85,0.9305555555555556,0.0,0.8511627906976744,0.5,1.0,0.0,0.827023426224048,0.5,0.33333333333333326,0.0,0.0,0.0,0.6437499999999999,1.0,0.9011086474501109,1.0,0.0,0.0,0.0,0.8571428571428571,0.7289135716765012,0.0,1.0,0.0,0.6951562731447193,0.33333333333333326,1.0,0.9580877537655533,0.5,0.7683397683397684,1.0,0.0,1.0,0.31618510688278145,0.31135531135531125,0.8125,0.9215219976218787,0.46122696902206917,0.2799352750809063,0.15420560747663548,0.16666666666666663,0.8333333333333334,0.6363636363636365,1.0,0.11917836078909905,0.8132088058705804,1.0,0.0,0.0,1.0,0.8780623608017818,0.0,0.0,0.33333333333333337,0.5945027794935145,0.005331302361005319,0.6404978458592628,1.0,1.0,0.9358925869894099,0.0,0.0,1.0,0.44999999999999996,0.5882352941176471,0.4396984924623115,0.6437499999999999,0.0,0.0,0.5,0.0,1.0,0.2857142857142857,0.9811928159945781,0.7777777777777778,0.4442295293359123,0.8823529411764706,0.0,0.29279466888796346,0.7613086296110833,0.5278768110445271,0.9310040780337264,0.6476810414971522,0.6363636363636364,0.0,1.0,0.65,0.0,0.52,1.0,1.0,0.8656716417910448,0.0,0.0,0.0,0.0,0.28298908162783,1.0,0.659669054087429,0.5455297535448371,0.5,0.0,0.3451681881733696,0.0,0.0,0.0,0.8693259972489683,0.0,0.10526315789473684,0.0,0.0,0.5569255865278511,0.0,0.0,0.0,0.0,0.0,0.0,0.0,0.9593160661746973,0.0,0.0,0.0,0.0,0.0,0.0,0.0,0.5121771217712177,0.0,0.7526189249527735,0.580844553243574,1.0,0.0,0.0,0.0,0.0,0.0,0.0,0.0,0.0,0.0,0.0,0.0,0.0,0.0,0.0,0.894316163410302,0.0,0.0,0.0,0.0,0.0,0.21363636363636362,0.33333333333333326,0.0,0.0,0.0,0.0,0.0,0.5454545454545454,0.75,0.8915507470376095,0.0,0.0,0.0,0.0,0.0,0.0,0.0,0.30000000000000004,0.06889424733034788,0.36482449589245725,0.0,0.0826446280991735,0.0,0.0,0.0,0.0,0.6666666666666667,0.33333333333333337,0.683116025746823,0.41194743130226996,0.0,0.46869521662910096,0.5887677632859647,0.6923076923076923,0.0,0.0,0.2686099735003613,1.0,1.0,1.0,0.0,0.17460846384538486,0.0,0.4,0.0,0.2648376259798433,0.0,0.0,0.0,0.0,0.6892366656020441,0.5,0.33333333333333337,0.0,0.6666666666666667,0.0,0.0,0.0,1.0,0.0,0.0,0.0,0.5,0.0,0.2106832971800432,0.0,0.7836275106512478,0.0,0.4128238910847607,0.0,0.07840722495894914,0.0,0.0,0.0,1.0,0.8279569892473119,0.0,0.0,0.0,0.0,0.06416906820365043,0.7142857142857142,0.0,0.8333333333333334,0.1943986820428335,0.0,0.0,0.44444444444444453,0.0,0.5877437325905294,0.5,0.49509269356597607,0.0,0.23996655518394638,0.0,0.88,0.0,0.0,0.9642637091805298,0.0,0.0,0.0,1.0,0.061514195583596276,0.3798882681564246,0.5,0.6666666666666666,0.0,0.5,0.12201667784913262,0.26923076923076916,0.054726368159204064,0.8696936450333361,1.0,0.0,0.0,0.6020230205790025,0.0,0.0,0.0,0.2682578539371686,0.20000000000000007,0.0,0.0,0.0,0.29268292682926833,0.0,0.0,0.0,0.0,0.75,0.0,0.0,0.0,0.0,0.0,0.6768009866216252,0.0,0.07625733825576475,1.0,1.0,0.13672788956481075,0.0,0.0,0.0,0.8768974145120935,0.0,0.0,0.0,0.0,0.4872441827866555,0.0,0.0,0.0,0.0,0.0,0.0,0.0,0.7896100327753027,0.0,0.0,0.0,0.0,0.0,0.0,0.271326530612245,0.21335376532399286,0.0,0.6600029986506073,0.899601547612173,m2
0.0,0.0,0.0,0.8422908731838059,0.0,0.0,0.0,0.0,0.8549031663080233,0.0,0.0,0.0,0.0,0.0,1.0,0.0,0.8888888888888888,0.0,0.0,0.0,0.0,0.0,0.0,0.0,0.006175156968088569,0.0,0.0,0.0,0.2857142857142857,0.0,0.0,0.8850656261085491,0.0,0.0,0.0,0.0,0.6976744186046512,0.12554321583775974,0.0,0.8070036861506056,0.42790132994867836,0.0,0.2591496426766766,0.0,0.0,0.4679338842975207,0.0,0.0,0.0,0.28205128205128194,0.0,0.0,0.7028985507246377,0.42403394506626624,0.0,0.0,0.4274862413766375,0.0,0.15233362143474505,0.8314703353396389,0.3537794299876085,0.5821138211382115,0.3334141022534528,1.0,0.4,0.0,0.9080358616137726,0.0,0.0,0.5908111988513998,0.0,0.8206551535087719,0.38636363636363635,0.0,0.14035087719298245,0.0,0.7354758961681088,0.3548387096774194,1.0,0.2857142857142857,0.0,0.0,0.0,0.0,0.05474452554744513,0.0,0.0,0.0,0.10000000000000009,1.0,0.6666666666666667,0.4595687331536389,0.5,0.4342105263157895,0.5407279029462738,0.5789473684210527,0.4482758620689655,0.0,0.5497587454764776,0.4473842453397475,0.0,0.3145439178206879,0.0,0.0,0.0,0.6494162403253312,0.75,0.0,0.19999999999999996,0.6666666666666667,0.0,0.0,0.0,0.33333333333333326,0.8362917023096663,0.0,0.5302445302445302,0.0,0.6666666666666667,0.2390770216857171,0.0,0.5,0.6666666666666667,1.0,0.0,0.7158779462817468,0.38636363636363635,0.0,0.9285714285714286,0.0,0.2827867937585107,0.6858013406459476,0.37986934430195973,0.5743625513446486,0.41666666666666663,0.5183695076760191,0.8333333333333334,0.558019216555802,0.5304963924338613,0.5461385262226157,0.7290969899665551,0.10010493179433366,0.0,0.4444444444444444,0.7777777777777778,0.5,0.1923076923076923,1.0,0.0,0.0,0.0,0.791044776119403,0.0,0.0,0.0,0.0,0.0,0.6651987921489683,0.0,0.9256398193451261,1.0,1.0,0.0,0.0,0.0,0.0,0.0,0.206896551724138,0.0,0.0,0.5196078431372548,0.9329409215657952,0.3904869723322869,0.0,0.0,0.0,0.0,0.0,0.0,0.6208594044878712,0.0,0.0,0.0,0.0,0.0,0.9608323133414933,0.3309650596577157,0.05801112626494287,0.0,0.0,0.5674640980530827,0.0,0.0,0.0,0.7916666666666666,0.0,1.0,0.0,0.0,0.5945945945945946,0.0,0.0,0.0,0.0,0.0,1.0,0.0,0.7142857142857143,0.0,0.0,0.0,0.0,0.0,0.0,0.0,0.0,0.5099345557455337,0.0,0.0,0.0,0.0,0.0,0.6215217926619059,0.0,0.0,0.0,0.0,0.5087719298245614,0.13265306122448983,0.0,0.9090909090909091,0.4472984942426924,0.0,0.6923076923076923,0.0,0.7333333333333334,0.7716981132075472,0.0,0.23076923076923073,1.0,0.07314252674183286,0.5763273539370364,0.0,0.2574558734023127,0.49718370883882146,0.0,0.0,0.31263048016701445,0.0,0.5121951219512195,0.85,0.7319453480806766,1.0,0.0,1.0,1.0,0.0,0.9485955368047074,0.5,0.0,1.0,0.0,0.9819734345351043,0.6437499999999999,0.0,0.0,0.0,0.5959510754955715,0.23076923076923084,0.48677884615384603,0.5714285714285714,0.11392208598478981,0.0,0.0,0.09999999999999998,0.37458782149923064,0.1428571428571428,1.0,0.0,0.0,1.0,1.0,0.0,1.0,0.8629604209563029,0.6325602546612097,0.8125,0.7556693489392831,0.4248753857108948,0.4077669902912622,0.9272727272727272,0.6296296296296295,0.4033358605003792,0.4545454545454546,0.0,0.5564368517388651,0.773523685918235,1.0,0.0,0.5,1.0,0.549752781211372,0.0,0.0,0.33333333333333337,0.7915309446254072,0.005331302361005319,0.4349462365591398,1.0,1.0,0.33869787856620315,0.0,0.8,1.0,0.9,0.0,0.933816425120773,0.6437499999999999,0.5,1.0,0.5,0.46153846153846145,1.0,0.7857142857142857,0.8064746914684314,0.5555555555555556,0.9531996179560649,0.8823529411764706,0.7023346303501945,0.9102457309454395,0.0,0.9835567028537077,0.8220105289546252,0.5908304498269896,0.6363636363636364,0.8571428571428572,1.0,0.0,0.875,0.3225806451612905,0.0,1.0,0.8095238095238095,0.0,0.0,0.0,0.0,0.0,0.8578813127019215,1.0,0.6762543802438565,1.0,0.9576271186440678,0.0,0.0,0.0,0.0,0.9084556254367575,0.375,0.0,0.0,0.9525254046456259,0.964512790181872,0.3910611613889421,0.0,0.0,0.0,0.0,0.0,0.0,0.5414016201815908,0.0,0.0,0.0,0.0,0.0,0.9230769230769231,0.7891729208731761,0.8544382238557203,0.0,0.0,0.4245105421686748,0.0,0.0,0.0,0.8546591131080289,0.0,0.0,0.0,0.0,0.8467153284671534,0.0,0.0,0.0,0.0,0.0,0.6666666666666667,0.0,1.0,0.0,0.0,0.0,0.0,0.0,0.0,0.0,0.262496166819994,0.0,0.0,0.0,0.0,0.0,0.0,0.9200241740531829,0.0,0.0,0.0,0.0,1.0,0.6589036187746328,0.19999999999999996,0.863456577815993,0.4110233258088788,0.01534113847396057,0.0,0.15384615384615385,0.0,0.33193277310924374,0.3833007812500001,0.0,0.0,0.421934312592837,0.0,0.0,0.47629255989911734,0.09793420045906642,0.25,0.0,0.7751954362983309,0.0,0.4374999999999999,0.7806122448979592,0.1428571428571428,0.6015574302401039,0.4083656748598533,0.4444444444444444,0.4,0.0,0.8096304591265397,0.0,0.0,0.3944326492097192,0.0,0.577131906739061,0.5,0.33333333333333337,0.41176470588235303,0.0,1.0,0.5,0.0,1.0,0.2391216760676873,0.0,0.0,0.5,0.16755447941888635,0.0,0.0,0.029595375722543338,0.0,0.8387766660373797,0.5,0.10620012277470836,0.68,0.6634026927784578,0.02164502164502169,1.0,0.28884026258205686,0.0,1.0,0.5986277873070327,0.0,0.01743638077285581,0.1986062717770034,0.25,0.34426229508196726,0.19282511210762343,0.0,0.0,0.33333333333333337,0.0,0.0,0.5,0.20707964601769913,0.4285714285714285,0.16807610993657496,0.0,0.5,0.0,0.0,0.17709213863060025,0.0,0.0,0.0,0.0,0.9022082018927444,0.6089385474860336,0.5,0.0,0.5,0.5,0.0,0.8666666666666667,0.5375527426160338,0.8259432441148017,0.0,0.0,0.0,0.0,0.3278882321332617,0.7415019762845849,0.7645901639344261,0.0,0.013157894736842035,0.0,0.5,0.0,0.41463414634146345,0.9375,0.0,0.11714285714285722,0.0,0.5,0.0,0.0,0.0,0.0,0.04166666666666674,0.4440581116411958,0.0,0.866772565396736,1.0,0.5,0.0,0.0,0.0,0.0,0.8742733188720173,0.0,0.5,0.0,0.7379648604158968,0.8882084690553746,0.48488529429854244,0.0,0.0,0.0,0.0,0.0,0.0,0.6967181908170259,0.0,0.0,0.0,0.0,0.0,0.7419354838709677,0.0,0.0,0.0,0.0,0.5882142715323828,m2
0.0,0.0,0.0,0.0,0.0,0.0,0.0,0.0,0.0,0.0,0.6548980606663353,0.0,0.0,0.0,0.5,0.0,0.0,0.0,0.7314050828862138,0.0,0.0,0.0,0.0,0.0,0.0064415786403991815,0.20330962800875285,0.0,0.0,0.0,0.0,0.0,0.0,0.0,0.0,0.0,0.8259438601800712,0.0,0.2623905302665769,0.8834854535082716,0.9197686351338744,0.51158820110433,0.3846153846153846,0.0,0.0,0.0,0.6887165951831079,0.0,1.0,0.0,0.22419237308719964,0.14823712026018188,0.0,0.7350781998084903,0.8919952073943059,0.8296724470134874,0.44758191971341277,0.7259738228085727,0.0,0.0,0.8650227125243348,0.9818024263431543,0.13608709574127442,0.40353460972017663,1.0,0.0,0.0,0.1252956383037237,0.22222222222222232,0.0,0.26380755022975033,0.0,0.37936493974843877,0.7179487179487178,0.5714285714285714,0.1390877192982456,0.0,0.34749303621169925,0.3548387096774194,0.0,0.8571428571428572,0.5154626523766669,0.0,0.0,0.9166666666666666,0.7667365924844947,0.9236148466917697,0.0,0.4554182258003553,0.0,1.0,0.6666666666666667,0.0,0.5,0.0,0.07146695325094032,0.2666666666666666,0.0,0.21534452416407202,0.0,0.3911706567098616,0.0,0.5016535485151135,0.5124674358020097,0.0,0.0,0.669090909090909,0.75,0.0,0.19999999999999996,0.6666666666666667,0.0,0.7777777777777778,0.2424348434493614,0.11111111111111105,0.0,0.9149293880295898,0.532650448143406,0.0,0.6666666666666667,0.6455628813628732,0.5,0.5,0.6666666666666667,1.0,0.0,0.20239043824701186,0.6000000000000001,0.0,0.9285714285714286,0.5,0.5546685915672371,0.6146368645904279,0.380329457364341,0.42312084717607956,0.9166666666666666,0.0,0.8333333333333334,0.40486374190394736,0.0,0.0,0.3677814938684504,0.8336062476382415,0.026929260450160752,0.36363636363636365,0.7777777777777778,0.5,0.0,0.6043829296424452,0.0,0.9033613445378151,0.0,0.6666666666666667,0.0,0.8241800643086816,0.9802073515551367,0.985317868154456,0.0,0.5944196680137174,0.2644359619913911,0.0,0.33333333333333326,0.86892177589852,0.0,0.84,0.0,0.0,0.5178777393310268,0.206896551724138,0.0,0.7,0.0,0.7599837000814996,0.0,0.0,0.0,0.0,0.0,0.0,0.5998731956574886,0.872623693598721,0.0,0.0,0.0,0.0,0.0,0.0,0.22122919092425353,0.02267995359112518,0.0,0.5446200592380757,0.8707507725868024,0.0,0.0,0.0,0.0,0.0,0.0,0.0,0.0,0.0,0.0,0.6525514008735485,0.0,0.0,0.0,1.0,0.0,0.0,0.0,0.889615642406453,0.0,0.0,0.0,0.0,0.0,0.0,0.4253929909323251,0.0,0.0,0.0,0.33333333333333326,0.0,0.0,0.0,0.0,0.0,0.8600061750630372,0.0,0.1396103896103894,0.9089494163424124,0.8628318584070797,0.4472984942426924,0.6453367875647668,0.0074871314927468235,0.0,0.0,0.9250681198910081,0.17313699241410085,0.6153846153846154,1.0,0.26828563168545816,0.0,0.0,0.8951048951048951,0.8576320431669606,0.7641700404858299,0.7333333333333334,0.8713052576510594,0.0,0.06493506493506473,0.8161120840630472,0.4552036199095022,0.6696428571428572,0.0,0.75,1.0,0.0,0.0,0.0,0.11111111111111116,0.0,0.0,0.0,0.7,0.6666666666666667,0.0,0.0,0.5674080798910577,0.23113207547169812,0.0,1.0,0.7289135716765012,0.0,0.0,1.0,0.9540816326530612,0.8095238095238095,1.0,0.5630997500201596,0.0,0.47089947089947093,1.0,0.0,1.0,0.6669526424159232,0.5377444292860392,0.0625,0.5969811320754717,0.5490833826138379,0.0,0.8095238095238095,0.0,0.5639781685870224,0.6363636363636365,0.75,0.11917836078909905,0.9254327563249001,1.0,0.0,0.0,1.0,0.3795707472178059,1.0,0.7056603773584905,0.0,0.0,0.7965779467680608,0.43769349845201244,1.0,1.0,0.5697806354009076,1.0,0.8,1.0,0.9,0.3529411764705882,0.7861230329041488,1.0,0.5,1.0,1.0,0.5960557633458007,0.0,0.7857142857142857,0.8237822349570201,0.962962962962963,0.0,0.8823529411764706,0.5596285434995112,0.3720430107526882,0.0,0.5783119060927893,0.6741037854098771,0.0,0.6363636363636364,0.8571428571428572,1.0,0.44999999999999996,0.75,0.5846153846153846,1.0,1.0,0.0,0.0,0.9101331185750154,0.9888888888888889,0.9921457744266415,0.30843251456064813,0.16233766233766234,0.6101985780828635,0.0,0.5,0.9576271186440678,0.0,0.9545454545454546,0.0,0.0,0.0,0.375,0.0,1.0,0.0,0.824625502374863,0.0,0.0,0.0,0.0,0.0,0.0,0.5695643939393938,0.8387421890747834,0.0,0.0,0.0,0.0,0.0,0.0,0.7662329766536965,0.5101331171601673,0.0,0.4678430362356175,0.7503864690370101,1.0,0.0,0.0,0.0,0.0,0.0,0.0,0.0,0.0,0.0,0.7785359801488834,0.0,0.0,0.0,0.6666666666666667,0.0,0.0,0.0,0.7285807717462394,0.0,0.0,0.0,0.0,0.0,0.262496166819994,0.0,0.0,0.6133810010214507,0.5454545454545454,0.0,0.0,0.0,0.0,0.0,0.0,0.5307219662058371,0.0,0.6337611056268508,1.0,0.5790197764402407,0.3930940304330863,0.6626506024096386,0.22178529296106964,0.15384615384615385,0.0,0.7569039284325165,0.4200351493848856,1.0,0.0,0.3694504043571545,0.46790778222751384,0.0,0.46869521662910096,0.6306377730796335,1.0,0.44234890698671225,0.4067495559502664,0.0,0.0,1.0,0.8571428571428572,0.33826366559485543,0.43611953226504985,0.803921568627451,0.0,0.0,0.0,0.5714285714285714,0.0,0.31706961840955417,0.0,0.6892366656020441,0.5,0.0,0.41176470588235303,0.0,1.0,0.5,0.0,0.5,0.0,0.0,0.0,0.5,0.5223042836041358,0.6704918032786885,0.0,0.04157549234135682,0.0,0.7996996996996997,0.5,0.08087027914614131,0.68,0.6568501920614597,0.5625,0.0,0.07933740191804695,0.0,0.23529411764705876,0.03606965174129362,0.625,0.23390620448587252,0.7142857142857142,0.25,0.0,0.4776119402985075,0.0,0.0,0.5,0.0,0.0,0.0,0.24084507042253533,0.2857142857142857,0.1646795827123696,0.37096774193548376,0.5,0.0,0.0,0.6724795640326976,0.0,0.0,0.0,0.0,0.2570977917981073,0.0,0.0,0.0,0.5,0.5,0.22214580467675382,0.6666666666666666,0.4655172413793104,0.8274416310424202,0.7777777777777778,0.32393496604239547,0.0,0.38662486938349017,0.0,0.0,0.0,0.9553245293621804,0.0,0.0,0.5,0.0,0.0,0.75,0.0,0.8942857142857142,0.0,1.0,0.0,0.8646814101160499,0.9166666666666666,0.9701446598953524,0.0,0.0,0.2068965517241378,0.0,1.0,0.5,0.0,0.0,0.0,0.0,0.0,0.1428571428571428,0.5,0.5714285714285714,0.0,0.8069339314082796,0.0,0.0,0.0,0.0,0.0,0.0,0.9366852886405959,0.946627607887968,0.0,0.0,0.0,0.0,0.0,0.0,0.0,0.2985871720220765,0.0,0.7717007220771239,0.5922853842561873,m2
0.0,0.0,0.8361986628462273,0.6861154978872338,0.0,0.6666666666666667,0.0,0.0,0.0,0.7150635081211713,0.8354430379746836,0.0,0.7154487019927669,0.0,0.0,0.0,0.0,0.5792654660590741,0.5646805062597721,0.0,0.0,0.0,0.0,0.0,0.0,0.005156300354495769,0.0,0.0,0.0,0.0,0.0,0.0,0.0,0.0,0.0,0.0,0.0,0.0,0.0,0.8116303491730112,0.0,0.1794871794871794,0.0,0.0,0.6589908567558416,0.8513221353733578,0.0,0.0,0.0,0.23477100933748307,0.14823712026018188,0.0,0.0,0.42023391139021715,0.0,0.0,0.9004010355855627,0.4532751868992524,0.0,0.0,0.0,0.0,0.0,0.5714285714285714,0.4,1.0,0.16952016219869337,0.0,0.0,0.44651830581478824,0.0,0.0,0.558974358974359,0.5714285714285714,0.0,0.0,0.0,0.0,0.2666666666666666,0.2857142857142857,0.07236563690224285,0.0,0.0,0.0,0.01789805269186706,0.08733031674208147,0.0,0.1418646928970264,0.8,0.0,0.6666666666666667,0.3125,0.75,0.2941176470588235,0.875,1.0,0.4482758620689655,0.5611303626336084,0.0,0.10321556173084556,0.0,0.5912695594536374,1.0,0.33333333333333337,0.6750818479447072,0.5781835772161084,0.75,0.0,0.0,0.6666666666666667,0.0,1.0,0.3432230869001295,0.4444444444444444,0.5106928999144568,0.3638218293097586,0.0,0.875,0.6666666666666667,0.6268540522822257,0.0,0.0,0.0,0.29999999999999993,1.0,0.02941176470588247,0.558974358974359,0.0,0.9285714285714286,0.0,0.0,0.0,0.0,0.7426302678015362,0.9166666666666666,0.6229227761485826,0.0,0.036030471484455484,0.0,0.18483829650976635,0.9096196164728073,0.45418765743073053,0.19071543408360148,0.4444444444444444,0.11111111111111116,0.0,0.3076923076923077,0.5511450381679389,0.0,0.5006495193556768,0.0,1.0,0.0,0.0,0.0,0.0,0.4421004356798901,1.0,0.28901405399550495,0.7124507577681208,0.0,0.0,0.0,1.0,0.0,0.9076872734161737,0.5192267502612329,0.0,0.07692307692307698,0.7,0.3442735042735041,0.5036586481295163,0.5281761125569404,0.0,0.0,0.0,0.0,0.0,0.0,0.5109143972336793,0.0,0.0,0.0,0.0,0.6504854368932039,0.0,0.0,0.0,0.0,0.0,0.0,0.0,0.0,0.8888888888888888,0.7916666666666666,0.0,0.0,0.0,0.0,0.0,0.9432301598943817,0.652542372881356,0.0,0.8214611872146118,0.0,0.0,0.0,0.0,0.7148515808033234,0.8632889895273139,0.0,0.0,0.0,0.0,0.0,0.4098360655737705,0.47066557634646533,0.0,0.0,0.0,0.33333333333333326,0.0,0.0,0.0,0.0,0.0,0.0,0.0,0.6818181818181819,0.0,0.9176245210727969,0.0,0.3589325426241661,0.0,0.0,0.7333333333333334,0.20459081836327353,0.30288713910761156,0.0,1.0,0.26828563168545816,0.0,0.0,0.2659768715763845,0.0,0.0,0.0,0.9964705882352941,0.40619340818544003,0.0,0.0,0.0,0.0,0.2029734970911441,0.75,0.5,0.0,0.0,0.5,0.0,0.319607843137255,0.0,0.1408918406072106,1.0,0.6666666666666667,0.5692007797270955,0.0,0.0,0.0,1.0,0.5714285714285714,0.7020968908170644,0.0,0.0,1.0,0.0,0.0,1.0,0.4401159047005795,0.0,0.0,1.0,0.6129032258064515,1.0,0.32515831276161855,0.3571428571428571,0.8125,0.778702163061564,0.9336332958380202,0.0,0.49425287356321845,0.6296296296296295,0.45482248971506933,0.4545454545454546,0.0,0.5446410412853366,0.9252835223482322,1.0,0.0,0.0,1.0,0.5464447806354009,0.0,0.0,0.6666666666666667,0.8798641136504015,0.0,0.0,1.0,1.0,0.5839469808541974,0.0,0.0,0.0,0.44999999999999996,0.8823529411764706,0.3084714548802945,1.0,0.5,1.0,1.0,0.0,0.6666666666666667,0.2857142857142857,0.830735343951203,0.962962962962963,0.0,0.0,0.7959094865100087,0.29279466888796346,0.7627118644067796,0.9737785416155168,0.9309355692850838,0.6476810414971522,0.6363636363636364,0.0,0.0,0.65,0.875,0.625,1.0,1.0,0.8656716417910448,0.0,0.0,0.0,0.0,0.2829484113103736,1.0,0.6803525864068661,0.8912249112958746,0.0,0.0,0.0,0.13636363636363646,0.0,0.9170898229144442,0.0,0.0,0.10526315789473684,1.0,0.0,0.5538118787641384,0.7424372035150478,0.0,0.0,0.0,0.0,0.0,0.0,0.5827424878213476,0.0,0.0,0.0,0.0,0.5,0.0,0.0,0.0,0.0,0.0,0.3290897517504774,0.0,0.0,0.8435870698644421,0.6009374999999999,0.0,0.0,0.0,0.0,0.0,0.6476897689768977,0.7595665424991533,0.0,0.635846372688478,0.0,0.0,0.0,0.0,0.16800793738286834,0.16698358686949566,0.0,0.0,0.0,0.0,0.0,0.0,0.0,0.0,0.0,0.5454545454545454,0.0,0.0,0.0,0.0,0.0,0.0,0.0,0.0,0.0,0.19999999999999996,0.863456577815993,0.0,0.03127572016460922,0.25244236029699085,0.15384615384615385,0.29999999999999993,1.0,0.6199059561128526,0.0,0.0,0.3694504043571545,0.4736041711927004,0.0,0.0,0.09349909349909347,0.0,0.0,0.4109871953738127,0.3737950731881471,0.0,0.2857142857142857,0.0,0.0,0.0,0.8159509202453988,0.6,0.0,0.134344528710726,0.0,0.0,0.0,0.0,0.0,0.0,0.0,0.41176470588235303,0.0,0.0,0.2857142857142857,0.0,0.0,0.0,0.0,0.0,0.5,0.3933174224343674,0.270170674941815,0.0,0.029595375722543338,0.75,0.0,0.5,0.3327194597912829,0.34024896265560167,0.0,0.4722222222222222,1.0,0.34838709677419366,0.17819148936170215,0.23529411764705876,0.0,0.0,0.8622196329740752,0.1986062717770034,0.25,0.9772727272727273,0.0,0.0,0.0,1.0,0.0,0.0,0.5,0.49509269356597607,0.4285714285714285,0.028428093645485042,0.3026435733819507,0.56,0.0,0.0,0.6724795640326976,0.0,0.0,0.0,1.0,0.3153153153153151,0.5714285714285714,0.0,0.0,0.5,0.0,0.09012753897024095,0.0,0.0,0.4145598287078974,1.0,0.0,0.0,0.0,0.0,0.0,0.7383228133453562,0.0,0.20000000000000007,0.0,0.5,0.5,0.29268292682926833,1.0,0.0,0.23024523160762944,0.0,0.6923076923076923,0.0,0.0,0.0,0.0,0.0,0.6024270196877122,0.0,0.4980843645837324,0.0,1.0,0.0,0.33333333333333326,0.0,0.7568950177935942,0.0,0.0,0.0,0.5714285714285714,0.0,0.4872441827866555,0.4835767257001019,0.0,0.0,0.0,0.0,0.0,0.0,0.7059874249785654,0.0,0.0,0.0,0.0,0.0,0.0,0.0,0.7816337426588362,0.0,0.0,0.0,m2
0.0,0.0,0.0,0.0,0.0,0.0,0.0,0.0,0.5699947173798203,0.6886518549352204,0.0,0.0,0.0,0.0,0.0,0.0,0.0,0.0,0.0,0.6816846721789688,0.0,0.0,1.0,0.0,0.006175156968088569,0.20330962800875285,0.7073112759079674,0.0,0.2857142857142857,0.77227200843437,0.0,0.0,0.0,0.0,0.0,0.9134180011043622,0.0,0.907622248726011,0.0,0.7887377173091459,0.4238830141945318,0.0,0.578383641674781,0.6314507535393515,0.6499826207855406,0.4679338842975207,0.2212345033444454,1.0,0.0,0.248379015620395,0.2394778504644981,0.0,0.7166268350973029,0.0,0.0,0.423472582520798,0.4251960379694595,0.4619968827358575,0.0,0.07138221933809219,0.0,0.12146118721461197,0.0,1.0,0.0,1.0,0.0,0.5555555555555556,0.0,0.44651830581478824,0.5714285714285714,0.42877354978032634,0.6000000000000001,1.0,0.11782518926359264,0.0,0.0,0.19354838709677413,0.0,0.5714285714285714,0.0,0.7335051546391753,0.0,1.0,0.33958904768779175,0.005746358412401342,0.0,0.0,0.6734693877551021,0.5618131868131868,0.33333333333333337,0.7222612359550562,0.5,0.2941176470588235,0.8753358409457281,1.0,0.4488517745302715,0.17115412083988002,0.36797326040717104,0.0,0.125,0.0,0.8858569051580699,0.5,0.6750818479447072,0.6590759075907591,0.75,0.0,0.0,0.0,0.0,0.7777777777777778,0.3667422279792748,0.11111111111111105,0.0,0.6345541401273886,0.19291506615450282,0.0,0.6666666666666667,0.0,0.0,0.0,0.6666666666666667,0.0,0.0,0.3389830508474575,0.7179487179487178,0.75,0.8571428571428571,0.0,0.0,0.0,0.0,0.0,0.41666666666666663,0.9041591870265008,0.0,0.03608247422680366,0.42122494942964994,0.0,0.2137692549512733,0.0,0.03325964630225087,0.36363636363636365,0.7777777777777778,0.16666666666666674,1.0,0.9166666666666666,0.6078767123287672,0.8364928909952607,0.0,0.791044776119403,0.0,0.0,0.0,0.0,0.4010992882813049,0.9226578621543541,0.0,0.5283590515619119,0.0,0.0,0.6391937583770244,0.84,0.0,0.0,0.0,0.0,0.0,0.8,0.0,0.46224530563324007,0.4823085282127624,0.0,0.0,0.0,0.0,0.0,0.0,0.0,0.0,0.0,0.0,0.0,0.0,0.9051038366772264,0.8529790611988137,0.6571498970694603,0.0,0.5429407696487675,0.0,0.0,0.0,0.0,0.0,0.0,0.845108695652174,0.0,0.0,0.5,0.7326787512588117,0.0,0.0,0.0,0.0,0.0,0.0,0.0,0.0,0.0,0.8990547121168719,0.0,0.0,0.0,0.0,0.0,0.5250102879198535,0.6206896551724137,0.0,0.25,0.7083333333333333,0.0,0.0,0.0,0.0,0.0,0.8804358617950755,0.0,0.8018994413407821,0.0,0.6172566371681417,0.4472984942426924,0.0,0.0,0.7070976341219594,0.7333333333333334,0.7867990654205608,0.0,1.0,1.0,0.06333606333606312,0.0,0.0,0.8029411764705883,0.0,0.0,0.8429639700883753,0.314151190164792,0.40619340818544003,0.06493506493506473,0.0,0.0,0.09999999999999998,0.19318905155951616,1.0,1.0,0.0,0.05695570112135029,0.75,0.0,0.586427656850192,1.0,0.0,1.0,1.0,0.0,0.0,0.0,0.41509433962264153,0.0,0.8571428571428571,0.0,0.7965472733139722,0.0,1.0,0.6268600489734413,0.0,1.0,0.0,0.0,0.6124031007751938,1.0,0.7096774193548387,1.0,0.8687345712139101,0.3571428571428571,0.8125,0.7676419965576592,0.5790723444673105,0.08299866131191436,0.0,0.45833333333333337,0.0,0.8181818181818182,1.0,0.7137566137566138,0.9049405878674172,1.0,0.0,0.0,0.0,0.5501577287066246,1.0,0.2748267898383371,0.0,0.6213486213486212,0.0,0.6893810936837642,1.0,1.0,0.0,0.0,0.0,1.0,0.44999999999999996,0.3529411764705882,0.3319819819819818,0.7,1.0,1.0,1.0,0.0,0.0,0.2857142857142857,0.15147407658420875,0.5555555555555556,0.8367777309152257,0.0,0.7945922372437855,0.0,0.0,0.5627099466072628,0.0,0.0,0.6363636363636364,0.8571428571428572,1.0,0.65,0.75,0.0,1.0,1.0,0.8095238095238095,0.0,0.0,0.0,0.0,0.37038689172289085,0.8540587219343696,0.23752969121140144,0.08057198456341352,0.0,0.0,0.7874709559184475,0.9545454545454546,0.0,0.0,0.8567375886524823,0.0,0.0,0.6666666666666666,0.0,0.5569255865278511,0.27986332147537896,0.0,0.0,0.0,0.0,0.0,0.0,0.0,0.0,0.0,0.0,0.0,0.0,0.9376779178527856,0.9701307032314971,0.9893567415075424,0.0,0.46751321387134204,0.0,1.0,0.0,0.0,0.0,0.0,0.7142857142857143,0.0,0.0,0.6718812675491377,0.7067113712564641,0.0,0.0,0.0,0.0,0.0,0.0,0.0,0.0,0.0,0.8808898578011197,0.0,0.27142857142857135,0.33333333333333326,0.0,0.25374732334047123,0.0,0.8840486867392697,0.0,0.0,0.75,0.0,0.0,0.0,0.0,0.0,0.4700540540540541,0.0,0.9481236203090507,0.0,0.587912087912088,0.3930940304330863,0.0,0.5322391559202813,0.0,0.29999999999999993,0.31271878646441076,0.3318965517241381,0.6666666666666667,0.0,0.2903694290641735,0.5467144563918758,0.0,0.46869521662910096,0.0,0.0,0.4151888974556669,0.7861080485115766,0.24127310061601648,0.3088942307692307,0.2857142857142857,0.0,0.2817319098457888,0.0,0.49693251533742333,0.0,0.0,0.09862570735650766,0.5714285714285714,0.0,0.34910277324632955,0.3999999999999999,0.6892366656020441,0.0,0.33333333333333337,0.41176470588235303,0.0,0.0,0.0,0.0,0.0,0.28182893180922364,0.0,0.0,0.5,0.0,0.20836065573770501,0.0,0.06409001956947169,0.8,0.7954706298655343,0.0,0.5804597701149425,0.68,0.03886397608370695,0.45656779661016955,1.0,0.5056669572798604,0.0,1.0,0.0,0.0,0.29312015503875966,0.0,0.0,0.813953488372093,0.10729023383768921,0.0,0.0,1.0,0.0,0.0,0.0,0.38075313807531386,0.2857142857142857,0.21087928464977646,0.0,0.0,0.0,0.0,0.0,0.0,0.0,0.0,1.0,0.2570977917981073,0.32965517241379316,0.5,0.6666666666666666,0.0,0.0,0.12875536480686722,0.0,0.0,0.0,1.0,0.6494308943089431,0.0,0.0,0.695626183122447,0.716787838730998,0.0,0.0,0.0,0.0,0.5,0.0,1.0,1.0,0.7715909090909091,0.7885714285714286,0.0,0.6923076923076923,0.0,0.0,0.0,0.0,0.0,0.43908811475409837,0.4482758620689654,0.20450864971853067,0.0,0.0,0.3884281420460871,0.0,0.0,0.0,0.8768974145120935,0.0,0.0,0.8571428571428571,0.0,0.43213182286302787,0.48533442982456143,0.0,0.0,0.0,0.0,0.0,0.0,0.0,0.0,0.0,0.0,0.0,0.5,1.0,0.7856917743460449,0.5194955971922054,0.0,0.770730198019802,0.0,m2
0.0,0.0,0.0,0.8821793655811994,0.0,0.0,0.0,0.0,0.0,0.0,0.0,0.0,0.0,0.0,0.0,0.0,0.8888888888888888,0.621230176918141,0.0,0.0,0.0,0.717948717948718,0.25,0.0,0.0,0.16751837905684042,0.0,0.0,0.2857142857142857,0.0,0.0,0.0,0.0,0.0,0.0,0.0,0.0,0.2558283394548617,0.10476190476190472,0.0,0.5027056874654887,0.1794871794871794,0.2591496426766766,0.6314507535393515,0.6510741510741511,0.6887165951831079,0.0,0.0,0.33333333333333337,0.0,0.2790619679067128,0.0,0.3112033195020746,0.0,0.0,0.0,0.5461041756349548,0.6288315903353769,0.15233362143474505,0.1447543160690571,0.6343101343101343,0.21573208722741444,0.8645066273932254,0.0,0.8,1.0,0.23715927010587956,0.0,0.0,0.2712003651300775,0.1428571428571428,0.6626628984141938,0.558974358974359,1.0,0.4585987261146497,0.8333333333333334,0.0,0.19354838709677413,0.16455696202531644,0.5714285714285714,0.5202896179334042,0.715270684371808,0.0,1.0,0.8462692674942027,0.801225153144143,0.0,0.0,0.10000000000000009,0.8816076889471385,0.6666666666666667,0.6379915730337079,0.0,0.6521739130434783,0.6061257388500807,0.5789473684210527,0.5157620041753653,0.8510102775641474,0.0,0.8324104835732743,0.0,0.8655751238304898,0.8693710457759584,0.7333333333333334,0.041109605983862485,0.6813432385093918,0.75,0.0,0.19999999999999996,0.0,0.5129101944244419,0.0,0.0,0.0,0.0,0.8969555035128806,0.5302445302445302,0.0,0.6666666666666667,0.5935263326567674,0.0,0.625,0.6666666666666667,1.0,0.2727272727272726,0.18892746208660693,0.558974358974359,1.0,0.0,0.0,0.0,0.6102540574640133,0.0,0.14534446948605761,0.0,0.6725631768953069,0.0,0.0,0.0,0.0,0.2819093739190591,0.9687912181423648,0.8871532453541611,0.4444444444444444,0.11111111111111116,1.0,0.1923076923076923,0.5827232796486091,0.0,0.4801247077162899,0.0,0.2823886639676113,0.0,0.905085377422415,0.0,0.0,0.5027659574468085,0.9258886056941893,0.5624082232011747,0.0,0.33333333333333326,0.0,0.0,0.84,0.0,0.0,0.0,0.0,0.0,0.0,0.9772371690646379,0.0,0.28412461246572585,0.0,0.0,0.0,0.0,0.9996353425956314,0.0,0.0,0.8182939453340088,0.0,0.0,0.0,0.0,0.0,0.5666933707190065,0.0,0.6666666666666667,0.5014431942699843,0.0,0.0,0.0,0.0,0.7916666666666666,0.0,0.0,0.0,0.0,0.0,0.0,0.0,0.0,0.0,0.0,0.0,0.0,0.9322033898305084,0.8427225130890053,0.0,0.0,0.0,0.7142857142857143,0.0,0.0,0.4098360655737705,0.0,0.0,0.0,0.0,0.0,0.0,0.0,0.0,0.0,0.0,0.0,0.0,0.19450778229404198,0.8114086146682189,0.18584070796460184,0.46153846153846145,0.3589325426241661,0.6854243542435424,0.7041400201952205,0.7333333333333334,0.8858974358974359,0.0,0.0,1.0,0.0,0.0,0.0,0.2659768715763845,0.0,0.0,0.0,0.7108559498956158,0.2732558139534883,0.0,0.0,0.9414443721535459,0.6696428571428572,0.9586296056884293,0.5,1.0,0.0,0.4703008770955923,0.5,0.33333333333333326,0.2387096774193549,0.0,0.9585319351763585,1.0,0.0,0.5225148683092609,0.8333333333333334,0.0,0.41509433962264153,0.0,0.8571428571428571,0.7312934896578019,0.7960344297571473,0.0,1.0,0.9950343773873186,0.6666666666666666,1.0,0.0,0.5,0.6825396825396826,1.0,0.6129032258064515,1.0,0.6579907695610174,0.7857142857142857,0.8125,0.32444061962134263,0.9819534589203736,0.0,1.0,0.0,1.0,0.8181818181818182,0.9166666666666666,0.11917836078909905,0.5625,1.0,0.0,0.5,0.0,0.8362978595116068,0.0,0.2869888475836433,0.33333333333333337,0.3536231884057971,0.6631205673758865,0.3869961889363668,1.0,1.0,0.93589258698941,0.0,0.8,1.0,0.9,0.5882352941176471,0.8650793650793651,1.0,1.0,0.0,1.0,0.0,1.0,0.2857142857142857,0.0,0.0,0.7887972841901068,0.0,0.0,0.3658682634730538,0.0,0.5671280951452524,1.0,0.7513043478260869,0.6363636363636364,0.0,1.0,0.0,0.25,0.52,1.0,1.0,0.7906976744186047,0.0,0.8128245653646421,0.0,0.0,0.0,0.97676178464449,0.0,0.0,0.5,0.0,0.0,0.9545454545454546,0.0,0.0,0.7855336368234699,0.0,0.0,0.0,0.97326385463286,0.0,0.5371223046583149,0.0,0.0,0.0,0.0,1.0,0.0,0.0,0.8148148148148148,0.0,0.0,0.0,0.0,0.0,0.9247932748021134,0.7743465995197127,1.0,0.4678430362356175,0.0,1.0,0.0,0.0,0.8664911620910116,0.0,0.0,0.0,0.0,0.0,0.0,0.0,0.0,0.0,0.0,0.0,0.0,1.0,0.9682157890215617,0.0,0.0,0.0,0.8478260869565217,0.33333333333333326,0.0,0.0,0.3212992387850121,0.0,0.0,0.0,0.0,0.0,0.0,0.0,0.0,0.0,0.0,0.0,0.0,0.8968609865470852,0.7932692307692308,0.4110233258088788,0.34023464458247066,0.0,0.0,0.29999999999999993,0.7569039284325165,0.5944533762057878,0.0,0.33333333333333337,0.0,0.5467144563918758,0.0,0.0,0.0,0.0,0.0,0.28072870939420547,0.6242299794661191,0.43028846153846145,0.2857142857142857,1.0,0.33826366559485543,0.7311935807422267,0.0,0.8,0.0,0.653142402545744,0.0,0.0,0.20142036869144764,0.19999999999999996,0.5282657297987863,0.0,0.33333333333333337,0.0,0.6666666666666667,0.0,0.0,0.0,0.0,0.0,0.0,0.0,0.5,0.6556368960468522,0.489344262295082,0.0,0.0,0.375,0.43187066974595834,0.5,0.4367816091954022,0.0,0.17389138016940708,0.21504237288135586,1.0,0.4054054054054054,0.65625,0.23529411764705876,0.5497512437810945,0.625,0.43552168815943726,0.0,0.25,0.0,0.17115902964959573,0.0,0.0,1.0,0.0,0.03725881570192957,0.5,0.0,0.0,0.23361522198731488,0.36977441236788144,0.88,0.0,0.0,0.537193575655114,0.0,0.33333333333333337,0.0,0.0,0.061514195583596276,0.13379310344827577,0.0,0.6666666666666666,0.0,0.0,0.024721543058951356,0.26923076923076916,0.0,0.6399141630901287,0.0,0.0,0.0,0.5733194009056078,0.0,0.6208677685950413,0.0,0.8892016891212549,0.9,0.0,0.5,0.5,0.41463414634146345,0.26315789473684204,0.0,0.27323272438443214,0.0,0.33333333333333326,0.0,0.8745874587458746,0.0,0.0,0.0450387051372273,0.514005117919635,0.6724137931034482,0.0,0.0,0.0,0.0,0.0,0.0,0.0,0.8715679190751445,0.0,0.0,0.0,0.9614686607292892,0.0,0.22004735838612466,0.0,0.0,0.0,0.0,0.994533527696793,0.0,0.0,0.7358490566037736,0.0,0.0,0.0,0.5,0.0,0.23327156681078853,0.0,0.0,0.770730198019802,0.0,m2
0.0,0.0,0.0,0.8422908731838059,0.0,0.0,0.0,0.0,0.0,0.0,0.0,0.0,0.0,0.0,0.0,0.0,0.0,0.0,0.0,0.0,0.7811439346323067,0.717948717948718,0.25,0.7304464933181394,0.0,0.20330962800875285,0.0,0.0,0.2857142857142857,0.0,0.0,0.0,0.0,0.0,0.0,0.8259438601800712,0.0,0.0,0.0,0.0,0.0,0.3846153846153846,0.3641088572872303,0.3484848484848484,1.0,0.4689871329594194,0.3502016129032258,0.0,0.0,0.0,0.14823712026018188,0.0,0.7028985507246377,0.74404362245417,0.7945664309639002,0.0,0.0,0.49350302598789597,0.0,0.0,0.0,0.0,0.4067796610169492,0.7142857142857143,0.4,0.5,0.16952016219869337,0.0,0.0,0.0,0.0,0.6982483199294921,0.558974358974359,1.0,0.5070422535211269,0.0,0.34749303621169925,0.0,0.0,0.2857142857142857,0.7015558698727016,0.2857142857142857,0.6428571428571428,1.0,0.10300915008018119,0.0,0.0,0.0,0.0,0.9824236817761332,0.6666666666666667,0.0,0.33333333333333337,0.6521739130434783,0.8752166377816291,1.0,0.0,0.43913182253431227,0.0,0.07827788649706457,0.125,0.44913565620119544,0.8711978971085242,0.5,0.5926518734085122,0.6621570838030816,0.75,0.0,0.19999999999999996,0.6666666666666667,0.058730158730158744,0.0,0.15115714516912127,0.0,0.8362917023096663,0.9019739043158247,0.0,0.0,0.6666666666666667,0.6434991508925985,0.5,0.0,0.0,0.0,1.0,0.7372086793463702,0.558974358974359,0.75,0.0,0.0,0.5013131335055239,0.6102540574640134,0.5678818353236957,0.19348141997093615,0.0,0.0,0.0,0.8015154704272784,0.4232975437564347,0.38820988304709725,0.733079672546985,0.8114404195633613,0.0,0.4444444444444444,0.0,0.5,0.3076923076923077,0.0,0.0,0.5006495193556768,0.0,0.0,0.0,0.0,0.0,0.0,0.40115541778216135,0.9163118353880108,0.28920652968407357,0.49209222353615456,1.0,0.0,0.0,0.0,0.0,0.0,0.5149039523073526,0.0,0.0,0.7,0.3442735042735041,0.0,0.8650197487426272,0.0,0.0,0.0,0.0,0.0,0.0,0.5284156602712181,0.8151591935661562,0.0,0.0,0.0,0.0,0.8980547893084753,0.5666933707190065,0.022247741053618486,0.6666666666666667,0.0,0.66905925473427,0.0,0.0,0.0,0.7916666666666666,0.0,0.5795454545454546,0.0,0.0,0.0,0.0,0.0,0.0,0.0,0.0,0.0,0.0,0.0,0.0,0.0,0.0,0.8861120429386112,0.7142857142857143,0.0,0.7919441801458929,0.4098360655737705,0.5257718787706722,0.0,0.0,0.25,0.33333333333333326,0.0,0.0,0.0,0.0,0.0,0.8551474249045748,0.0,0.0,0.0,0.19435736677115978,0.0,0.7174203113417346,0.0004892367906065287,0.7070976341219594,0.7333333333333334,0.7677519379844961,0.33884514435695534,0.23076923076923073,1.0,0.0,0.0,1.0,0.2574558734023127,0.561185185185185,0.7622448979591837,0.0,0.0,0.7395871061209707,0.0,0.0,0.0,0.0,0.0,0.0,0.5,1.0,0.0,0.5,0.0,0.0,0.0,0.9951923076923077,1.0,0.0,0.0,0.0,0.5674080798910577,0.0,0.4181034482758621,0.5714285714285714,0.0,0.0,0.75,0.0,0.2215050110412773,0.1428571428571428,1.0,0.0,0.0,1.0,1.0,0.7096774193548387,1.0,0.6579907695610174,0.3571428571428571,0.6875,0.5593803786574872,0.9224084419615146,0.0,0.4952015355086372,0.0,0.5634618314795063,0.8181818181818182,1.0,0.980272523896685,0.7873671044402752,1.0,0.0,0.5,1.0,0.3876852907639682,0.0,0.7083021690351533,0.33333333333333337,0.9512044471896233,0.9287341360234298,0.0,1.0,1.0,0.5652173913043479,1.0,0.0,0.0,0.44999999999999996,0.8235294117647058,0.9234620886981402,1.0,0.0,0.0,0.5,0.8858991607405984,1.0,0.0,0.15147407658420875,0.0,0.0,0.0,1.0,0.0,0.7627118644067796,0.7534919905230029,0.6790939122227466,0.0,0.6363636363636364,0.0,1.0,0.65,0.0,0.6875,0.5681818181818181,1.0,0.0,0.0,0.0,0.0,0.0,0.37038689172289085,0.9077657036840711,0.7997966003196281,0.6309434760598711,1.0,0.0,0.0,0.0,0.0,0.0,0.0,0.0,0.0,1.0,0.30391773319175086,0.0,0.954928166765783,0.0,0.0,0.0,0.0,0.0,0.0,0.5827424878213476,0.8148148148148148,0.0,0.0,0.0,0.0,0.9428086070215176,0.924208841275705,0.22979028499731147,1.0,0.0,0.9079159935379645,0.0,0.0,0.0,0.8546591131080289,0.0,0.7142857142857143,0.0,0.0,0.0,0.0,0.0,0.0,0.0,0.0,0.0,0.0,0.0,0.0,0.0,0.0,0.8862876254180602,0.875,0.33333333333333326,0.8032319391634981,0.0,0.0,0.0,0.0,0.0,0.0,0.0,0.0,0.0,0.0,0.0,0.6071787148594376,0.0,0.0,0.19999999999999996,0.0,0.0,0.018167137666532218,0.5292961069602831,0.0,0.0,0.33193277310924374,0.0,0.0,0.0,0.0,0.46790778222751384,0.0,0.4523383084577113,0.942801487515495,0.0,0.0,0.0,0.2927525883612996,0.0,0.2857142857142857,0.0,0.0,0.3403543965229019,0.9019607843137255,0.6,0.0,0.134344528710726,0.0,0.0,0.0,0.0,0.577131906739061,0.0,0.33333333333333337,0.0,0.0,1.0,0.5,0.0,0.0,0.1578947368421053,0.0,0.0,0.0,0.5236051502145923,0.0,0.0,0.5678612716763005,0.0,0.9884840475740986,0.5,0.3928790669122161,0.15789473684210542,0.17389138016940708,0.0,0.0,0.0,0.2046757829730923,0.0,0.0,0.0,0.2450175849941384,0.0,0.0,0.8333333333333334,0.17115902964959573,0.0,0.0,0.33333333333333337,0.0,0.0,0.5,0.24825662482566235,0.0,0.6974664679582713,0.37653181131441993,0.56,0.0,0.0,0.6724795640326976,0.0,0.0,0.0,1.0,0.16561514195583604,0.44285714285714284,0.0,0.6666666666666666,0.0,0.5,0.19102580728828933,0.26923076923076916,0.6673979815708644,0.0,0.0,0.3877675840978593,0.0,0.7851412626438786,0.7281135728113572,0.0,0.09126069782751822,0.9677077818951826,0.19999999999999996,0.0,0.0,0.0,0.29268292682926833,0.0,0.0,0.23024523160762944,0.0,1.0,0.0,0.0,0.0,0.0,0.0,0.05263008969751848,0.0,0.2777292907828329,0.5,0.0,0.0,0.0,0.0,0.0,0.0,0.0,0.0,0.5714285714285714,0.0,0.0,0.8069560980066698,0.0,0.0,0.0,0.0,0.0,0.0,0.697845546957973,0.7358490566037736,0.0,0.0,0.0,0.0,0.7722419928825623,0.2633204633204632,0.3518898013898094,0.0,0.0,0.5922853842561873,m2
0.5714285714285714,0.0,0.0,0.0,0.0,0.6666666666666667,0.0,0.7228106676754302,0.0,0.0,0.6593532229965157,0.5988818360129113,0.763391120141801,0.0,0.0,0.0,0.0,0.0,0.0,0.0,0.0,0.4813404417364813,0.0,0.0,0.005346380662303418,0.0,0.7014608920491273,0.0,0.0,0.0,0.0,0.0,0.0,0.0,0.0,0.8259438601800712,0.45081640780565513,0.9162136039627884,0.0,0.7899990670771526,0.0,0.1794871794871794,0.05355404089581306,0.9625513776830568,0.0,0.0,0.2843023867101252,0.33333333333333326,0.0,0.0,0.3786182343532325,0.0,0.2632297712529873,0.0,0.0,0.47539236008291386,0.0,0.0,0.35387323943661975,0.0,0.9445407279029463,0.0,0.0,0.0,0.0,0.0,0.5344109033566119,0.0,0.0,0.24966213172357854,0.0,0.0,0.7179487179487178,0.0,0.0,0.0,0.0,0.7741935483870968,0.0,0.5714285714285714,0.0,0.7340727366520505,0.0,0.0,0.8822753128555176,0.7942840562889888,0.0,0.8899137358991374,0.0,0.0,0.33333333333333337,0.7222612359550562,0.75,0.9130434782608695,0.0,1.0,0.4488517745302715,0.40852612068373706,0.0,0.0,0.0,0.5558037180582015,0.20952735392631183,0.5,0.0,0.3402225755166931,0.75,0.0,0.19999999999999996,0.6666666666666667,0.49899332414962383,0.0,0.011516626115166018,0.0,0.26373212942061697,0.5837288135593219,0.6209987195902689,0.0,0.6666666666666667,0.0,0.5,0.625,0.0,0.29999999999999993,0.5,0.19218891916439595,0.6000000000000001,1.0,0.9285714285714286,0.0,0.6461363308371951,0.39893048128342257,0.0,0.3878062897935559,0.4722222222222222,0.9129198160991194,0.8333333333333334,0.09979381443299007,0.5449711175526036,0.7769465809714466,0.9084054585036904,0.0,0.28468468468468466,0.36363636363636365,0.11111111111111116,0.0,0.8269230769230769,0.0,0.716148023549201,0.8780918727915195,0.0,0.0,0.0,0.0,0.0,0.7080095746639661,0.0,0.9936912939857002,0.4755948996995045,0.0,0.0,0.9885558583106268,0.594813127120901,0.84,0.0,0.0,0.0,0.206896551724138,0.16666666666666663,0.7,0.0,0.0,0.0,0.0,0.0,0.0,0.0,0.0,0.0,0.0,0.8085898247050505,0.0,0.0,0.0,0.0,0.0,0.0,0.2419614861267232,0.6666666666666667,0.0,0.41282583205556056,0.0,0.0,0.0,0.0,0.0,0.0,0.0,0.7666666666666666,0.0,0.0,0.6525514008735485,0.7161290322580645,0.8214611872146118,0.0,0.0,0.0,0.0,0.0,0.0,0.0,0.0,0.7142857142857143,0.0,0.0,0.0,0.0,0.6206896551724137,0.0,0.0,0.0,0.0,0.0,0.0,0.0,0.0,0.8896629091501258,0.5087719298245614,0.8187766432041241,0.0,0.6145552560646901,0.0,0.3589325426241661,0.04523809523809519,0.9946684438520493,0.0,0.0,0.19704433497536955,1.0,1.0,0.0,0.6336147795338097,0.0,0.3735294117647058,0.0,0.0,0.847098976109215,0.0,0.0,0.6000000000000001,0.2571428571428571,0.9642105263157895,0.0,0.19318905155951616,0.0,1.0,0.0,0.827023426224048,0.5,0.11111111111111116,0.5318066157760815,0.0,0.13123236124176862,0.7,0.6666666666666667,0.4511596788581623,0.0,0.0,0.6886792452830188,0.5258064516129033,0.8571428571428571,0.0,0.8191196698762035,0.0,0.0,1.0,0.6666666666666666,1.0,0.8977295970546124,0.0,0.0,1.0,0.7096774193548387,1.0,0.8687345712139101,0.07142857142857151,0.8125,0.7676419965576593,0.0,0.0,0.0,0.0,0.6880733944954128,0.2727272727272728,0.9166666666666666,0.11917836078909905,0.5647279549718576,1.0,0.0,0.0,1.0,0.7451403887688985,0.0,0.4242424242424243,0.33333333333333337,0.5025935025935026,0.24113475177304955,0.8993148298687725,1.0,1.0,0.0,1.0,0.8,0.0,0.44999999999999996,0.8823529411764706,0.7749752720079128,1.0,0.5,1.0,0.5,0.8871055866684879,1.0,0.2857142857142857,0.0,0.37037037037037035,1.0,0.8823529411764706,0.5570817383472191,0.9362007168458781,1.0,0.9737811165120047,0.1670611278870482,0.2515942028985507,0.6363636363636364,0.0,0.0,0.8,0.0,1.0,1.0,1.0,0.0,0.0,0.0,0.0,0.6389701104613384,0.0,1.0,0.0,0.0,0.0,0.9576271186440678,0.7669506397370857,0.9545454545454546,0.0,0.0,0.9084556254367575,0.375,0.1724137931034483,1.0,0.0,0.0,0.0,0.0,0.0,0.0,0.0,0.0,0.0,0.0,0.8148148148148148,0.0,0.0,0.0,0.0,0.0,0.0,0.9004919351647918,1.0,0.0,0.24887302779864773,0.0,0.0,0.0,0.0,0.0,0.0,0.0,0.7158119658119657,0.0,0.0,0.7863525588952072,0.894047619047619,0.7778799959112747,0.0,0.0,0.0,0.0,0.0,0.0,0.0,0.0,0.0,0.0,0.0,0.25374732334047123,0.4035002430724357,0.8734866828087167,0.0,0.0,0.0,0.0,0.0,0.0,0.0,0.0,0.6028261418117588,0.5,0.9649532710280374,0.0,0.587912087912088,0.0,0.34023464458247066,0.22178529296106964,0.7692307692307692,0.0,0.0,0.39188102893890686,0.75,0.0,0.0,0.41194743130226996,0.0,0.0,0.0,0.0,0.41092327698309505,0.0,0.0,0.0,0.0,0.8571428571428572,0.0,0.0,0.8979591836734694,0.0,0.0,0.7832140015910899,0.0,0.0,0.34324876057159515,0.0,0.0,0.5,0.0,0.0,0.0,0.0,1.0,0.0,1.0,0.32310210763249425,0.0,0.0,0.0,0.6525849335302807,0.6512539184952978,0.0,0.015285996055226847,0.4,0.0,0.0,0.5652709359605912,0.42000000000000004,0.03886397608370695,0.0,1.0,0.48951048951048937,0.8370230805463966,0.0,0.0,0.0,0.0,0.5714285714285714,0.25,0.0,0.016172506738544645,0.0,0.0,0.5,0.0,0.04689655172413776,0.5,0.20174482006543093,0.0,0.6222056631892696,0.0,0.24,0.0,0.0,0.0,0.0,0.33333333333333337,0.0,1.0,0.0,0.13379310344827577,0.0,0.0,0.5,0.5,0.13570761083999583,0.26923076923076916,0.0,0.6545889440113395,0.7777777777777778,0.43731041456016184,0.0,0.38662486938349017,0.8064889918887601,0.49881396136902745,0.8218012866333095,0.0,1.0,0.0,0.5,0.5,0.8780487804878049,0.0,0.6931818181818181,0.8294930875576036,0.0,0.0,0.0,0.0,0.0,0.9769372693726938,0.04604569420035154,0.8404554399775092,0.6724137931034482,0.06164194232009568,1.0,0.5,0.3884281420460871,0.0,0.0,0.0,0.8715679190751445,0.7,0.5,0.5714285714285714,0.0,0.0,0.0,0.0,0.0,0.0,0.0,0.0,0.0,0.0,0.7358490566037736,0.0,0.0,0.0,0.0,0.0,0.29113264561842256,0.04308023694130336,0.0,0.0,0.6663002494001395,m2
0.0,0.0,0.8455545371219065,0.8813020198271748,0.0,0.0,0.0,0.7228106676754302,0.0,0.0,0.0,0.6337311785997821,0.0,0.8723102388271459,0.0,0.0,0.0,0.0,0.0,0.0,0.0,0.4813404417364813,0.0,0.0,0.005346380662303418,0.0,0.7029024698034974,0.6997643670637518,0.2857142857142857,0.0,0.0,0.0,0.0,0.0,0.0,0.8564580734125682,0.6976744186046512,0.0,0.0,0.11603773584905663,0.0,0.1794871794871794,0.05355404089581306,0.33749429136854936,0.40641983695652184,0.688921859545005,0.2085449091896744,0.0,0.6666666666666667,0.8445234919223358,0.3116737200853902,0.0,0.7350781998084903,0.39118092964743056,0.0,0.0,0.6836614707389874,0.49203023954822844,0.3515901060070671,0.559150169000483,0.8461771844660193,0.0,0.4067796610169492,1.0,0.0,1.0,0.16952016219869337,0.5555555555555556,0.0,0.5725180443960233,0.5714285714285714,0.5766222320149829,0.558974358974359,0.0,0.0,0.0,0.0,0.19354838709677413,0.0,0.5714285714285714,0.5321257689678742,0.8706185567010309,0.6428571428571428,0.0,0.0,0.33352726063829785,0.0,0.5359179487179485,0.0,0.5587828492392808,0.0,0.0,0.33333333333333337,0.6521739130434783,1.0,0.0,0.5157620041753653,0.8179637662669048,0.0,0.37761640324647594,0.0,0.5016535485151135,0.8711978971085242,0.6666666666666667,0.0,0.6624271330153684,0.75,0.0,0.0,0.0,0.0,0.0,0.0,0.4444444444444444,0.057866868381240666,0.0,0.6190476190476191,0.0,0.6666666666666667,0.0,0.0,0.625,0.0,1.0,1.0,0.0,0.558974358974359,0.25,0.8571428571428571,0.5,0.4368715794832634,0.609245630174793,0.34178217821782175,0.6094150960092027,0.9166666666666666,0.0,0.0,0.03314803376569908,0.0,0.0,0.7291288831685485,0.23472764296623116,0.7436676798378926,0.4444444444444444,0.0,0.0,0.3076923076923077,1.0,0.0,0.3323323323323324,0.0,0.0,0.0,0.0,0.9803921568627451,0.0,0.0,0.9002766676913618,0.0778310187065161,0.0,1.0,0.9634301359147355,0.6472873258412133,0.16000000000000003,0.992604728570226,0.0,0.5141897370554849,0.206896551724138,0.0,0.8,0.28616074247111567,0.0,0.48219376911513134,0.0,0.0,0.0,0.0,0.0,0.0,0.0,0.0,0.0,0.0,0.0,0.0,0.0,0.6339511373209772,0.108879508479923,0.0,0.727683662966981,0.09259950829365471,0.0,0.0,0.6666666666666667,0.7916666666666666,0.0,0.0,0.0,0.7666666666666666,0.0,0.0,0.0,0.6004737465455982,0.0,0.7435897435897436,0.0,0.0,0.0,0.0,0.0,0.0,0.0,0.7142857142857143,0.0,0.0,0.0,0.0,0.6206896551724137,0.6444444444444444,0.0,0.33333333333333326,0.0,0.0,0.0,0.0,0.0,0.8886830964620502,0.5087719298245614,0.0,0.0,0.3915929203539824,0.0,0.3589325426241661,0.07120743034055743,0.3091397849462365,0.3999999999999999,0.8885758998435055,0.41597796143250687,0.0,1.0,0.9560522350577599,0.6335861321776814,1.0,0.7553256238587949,0.5596304591265397,0.0,0.0,0.8700417536534446,0.40619340818544003,0.6000000000000001,0.745724907063197,0.9491386382280558,0.0,0.0,1.0,1.0,0.0,0.0,0.75,0.0,1.0,1.0,0.9496707431796801,1.0,0.1428571428571429,0.9796279893711249,0.0,0.0,0.41509433962264153,0.0,0.8571428571428571,0.7463388724485924,0.9407163441745574,0.625,0.0,0.04233274126702169,0.0,1.0,0.43835174582694936,0.0,0.4444444444444444,0.0,0.0,1.0,0.6552404438964241,0.7142857142857143,0.0,0.29183508488278087,1.0,0.0,0.49425287356321845,0.0,0.5643418467583498,1.0,0.9166666666666666,0.12316890881913312,0.7503052503052503,1.0,0.0,0.0,0.0,0.3889585947302383,0.0,0.2609992542878449,0.6666666666666667,0.0,0.41002277904328,0.8993905698706297,1.0,1.0,0.4642857142857143,0.0,0.8,0.0,0.9,0.8823529411764706,0.45358851674641154,1.0,0.0,1.0,1.0,0.6288372644304847,1.0,0.7857142857142857,0.8213199785369343,0.962962962962963,0.0,0.0,0.7962170682278766,0.3720430107526882,0.0,0.7532265478589866,0.0,0.4872389791183296,0.6363636363636364,0.0,0.0,0.65,0.75,0.3999999999999999,1.0,1.0,0.0,0.0,0.0,0.9888888888888889,0.0,0.0,0.9789288034902071,1.0,0.0,1.0,0.9576271186440678,0.8342000651678071,0.13636363636363646,0.9959415454210045,0.0,0.0,0.375,0.0,0.6666666666666666,0.03545374717146843,0.0,0.7225991255842001,0.0,0.0,0.0,0.0,0.0,0.0,0.0,0.0,0.0,0.0,0.0,0.0,0.0,0.8746303962152573,0.0,0.0,0.7327568563241915,0.11550888529886927,1.0,0.0,0.7583892617449665,0.60421805624075,0.0,0.0,0.0,0.29554912248959664,0.0,0.0,0.0,0.48642779587404983,0.0,0.5582655826558266,0.0,0.0,0.0,0.0,0.0,0.0,0.0,0.0,0.33333333333333326,0.0,0.262496166819994,0.3864077669902912,0.8842925659472423,0.8275089291967225,0.0,0.0,0.0,0.0,0.0,0.0,0.0,0.6318559232838266,0.16666666666666663,0.6531339031339032,0.0,0.8632449190492594,0.0,0.34023464458247066,0.21759809750297276,0.3076923076923076,0.6,0.7569039284325165,0.39188102893890686,0.0,0.6666666666666667,0.7375803623611923,0.3600912448403214,0.0,0.4737704918032788,0.040916726661867076,0.0,0.0,0.4059536934950385,0.6225637181409296,0.0,0.0,1.0,0.0,0.33922025991336224,0.7857142857142857,0.0,0.0,0.0,0.5714285714285714,0.0,0.4337999416739575,0.3999999999999999,0.41637010676156583,0.0,0.33333333333333337,0.41176470588235303,0.0,0.0,0.0,0.0,1.0,0.0,0.75,0.0,0.0,0.13323353293413187,0.36409836065573764,0.0,0.7642998027613412,0.4,0.847410095677994,0.5,0.04081632653061229,0.8666666666666667,0.1335920177383595,0.7584745762711864,1.0,0.4652605459057072,0.65625,0.23529411764705876,0.03606965174129362,0.0,0.3293601003764115,0.0,0.25,0.0,0.17115902964959573,0.0,0.0,0.0,0.0,0.0,0.5,1.0,0.4285714285714285,0.06408345752608047,0.13215712383488665,0.24,0.0,0.0,0.0,0.0,0.33333333333333337,0.0,0.0,0.0,0.0,0.0,0.6666666666666666,0.0,0.5,0.0,0.26923076923076916,0.5563349408154319,0.45631959591321314,0.7777777777777778,0.2733001658374793,0.0,0.0,0.0,0.271692745376956,0.19539869608826466,0.6862116991643454,0.9,0.0,0.0,0.5,0.29268292682926833,0.7368421052631579,0.0,0.3767029972752043,0.0,0.0,0.0,0.0,0.9166666666666666,0.0,0.0,0.5288940191905346,0.22413793103448265,0.0,0.6666666666666667,0.5,0.4705916642378316,0.33333333333333326,0.9542174947932163,0.0,0.0,0.7,0.5,0.8571428571428571,0.6718022939135035,0.0,0.4781430858268687,0.0,0.0,0.0,0.0,0.0,0.0,0.0,0.0,0.0,0.0,0.0,0.0,0.0,0.22150295524908536,0.6319751166407466,0.0,0.8325291515882589,0.6654365459217089,m2
0.0,0.706499193362526,0.0,0.8409074745750658,0.0,0.0,0.0,0.7228106676754302,0.0,0.0,0.0,0.0,0.0,0.8178768272226216,0.0,0.0,0.0,0.0,0.0,0.68358200267748,0.7334445719053081,0.0,0.33333333333333326,0.0,0.0,0.12887245841035122,0.0,0.0,0.2857142857142857,0.0,0.0,0.0,0.8489945636289239,0.0,0.0,0.9134180011043622,0.0,0.0,0.7306046776953794,0.7544507450876962,0.0,0.3846153846153846,0.2591496426766766,0.6355731225296444,0.6499826207855406,0.0,0.0,0.0,0.33333333333333337,0.0,0.22525099055620101,0.0,0.6446776611694154,0.0,0.7250442254233005,0.4634203716772525,0.5236160487557135,0.0,0.434961106309421,0.9255398361876397,0.0,0.12809667673716008,0.8305084745762712,0.0,0.0,0.5,0.16952016219869337,0.0,0.44404986777483946,0.5908111988513998,0.0,0.5649269783765425,0.7179487179487178,0.0,0.5714285714285714,0.8333333333333334,0.0,0.7741935483870968,0.0,0.5714285714285714,0.6873604287628405,0.0,0.6428571428571428,0.18181818181818188,0.8771630398710473,0.0,0.0,0.6124751161247511,0.0,0.0,0.33333333333333337,0.40161725067385456,0.0,0.2941176470588235,0.0,0.0,0.2809822361546499,0.6266434747020002,0.7935483870967742,0.964271536323938,0.0,0.5958976157082748,0.6666666666666666,0.0,0.3390323754092397,0.5781835772161084,0.75,0.0,0.19999999999999996,0.6666666666666667,0.0,1.0,0.009715025906736119,0.0,0.5240750126710594,0.3638218293097586,1.0,0.875,0.6666666666666667,0.8742329732745068,0.0,0.5,0.0,0.75,0.2727272727272726,0.6666666666666667,0.6000000000000001,0.0,0.0,0.0,0.3165411412323921,0.7172988698668457,0.46190476190476193,0.9046357092002215,0.0,0.0,0.8333333333333334,0.03608247422680422,0.0,0.0,0.2819093739190591,0.0,0.8221463022508039,0.36363636363636365,0.7777777777777778,0.0,0.1923076923076923,0.9326500732064422,0.0,0.5006495193556768,0.0,0.791044776119403,0.0,0.0,0.0,0.0,0.0,0.9915121031122288,0.28901405399550495,0.7124507577681208,0.0,0.0,0.24060634681112458,0.0,0.0,0.0,0.509690134676448,0.206896551724138,0.07692307692307698,0.0,0.3442735042735041,0.35243196450792613,0.5281611980977667,0.0,0.0,0.0,0.0,0.0,0.0,0.0,0.8066796591386756,0.0,0.0,0.0,0.0,0.0,0.4827218856115586,0.6572043899454039,0.0,0.0,0.5860663031695439,0.0,0.5741935483870968,0.0,0.7916666666666666,0.0,0.8191340782122905,0.0,0.7666666666666666,0.0,0.0,0.0,0.0,0.0,0.7435897435897436,0.0,0.0,0.0,0.0,0.0,0.8944614829514703,0.8580630830741892,0.0,0.0,0.0,0.4098360655737705,0.5889279224712298,0.0,0.0,0.0,0.0,0.0,0.0,0.8655913978494624,0.0,0.0,0.8832676195170035,0.0,0.21185462936256128,0.8548915587455141,0.957680250783699,0.0,0.7174203113417346,0.6103646833013435,0.7265179034769071,0.7333333333333334,0.0,0.0,0.0,1.0,0.0,0.0,0.0,0.0,0.0,0.0,0.8429639700883753,0.6635514018691588,0.0,0.6948051948051948,1.0,0.011074651353568554,0.09999999999999998,0.9364659166115156,0.5,1.0,1.0,0.0,0.5,0.704225352112676,0.798695246971109,0.0,0.9492409867172675,0.7,0.6666666666666667,0.5904677846425418,0.8333333333333334,0.0,0.625,0.0,0.8571428571428571,0.9613159797541576,0.0,0.75,0.0,1.0,0.1428571428571428,1.0,0.7502944640753828,0.0,0.0,1.0,0.19354838709677402,1.0,0.32515831276161855,0.31135531135531125,0.0,0.0,0.8014720915968104,0.9210174029451138,1.0,0.0,0.4871794871794871,0.2727272727272728,0.75,0.0,0.9252835223482322,1.0,0.0,0.5,1.0,0.5464447806354009,0.0,0.0,0.33333333333333337,0.8842478842478843,0.2456207159177457,0.9789105553200509,1.0,1.0,0.9347826086956522,0.0,0.8,0.0,0.9,0.5882352941176471,0.2794263105835805,1.0,0.5,0.0,1.0,0.6611933544508373,0.0,0.0,0.9811928159945781,0.0,0.0,0.8823529411764706,0.7945922372437855,0.29279466888796346,0.0,0.5708744537732606,0.10492056487202117,0.9406021155410903,0.6363636363636364,0.8571428571428572,1.0,0.0,0.75,0.625,1.0,1.0,0.8656716417910448,0.0,0.0,0.0,0.0,0.0,1.0,1.0,0.8912578183495814,0.0,0.0,0.31510435487886157,0.9545454545454546,0.0,0.0,0.0,0.375,0.10526315789473684,0.0,0.0,0.5473369835739174,0.7421042795739115,0.0,0.0,0.0,0.0,0.0,0.0,0.0,0.8148148148148148,0.0,0.0,0.0,0.0,0.0,0.9260287708743106,0.9913113236655353,0.0,0.0,0.4250125502008032,1.0,0.8321521820216338,0.0,0.5899608041471742,0.0,0.7142857142857143,0.0,0.7085346215780998,0.0,0.0,0.0,0.0,0.0,0.706578947368421,0.0,0.0,0.0,0.0,0.0,0.8917580149520709,0.703336339044184,0.23181818181818192,0.0,0.0,0.0,0.0,0.0,0.0,0.0,0.0,0.0,0.0,0.501031297641467,0.0,0.0,0.634779557946439,0.0,0.6,0.0,0.0,0.0,0.02263374485596703,0.0,0.0,0.29999999999999993,0.0,0.6199059561128526,0.0,0.33333333333333337,0.0,0.5467144563918758,0.0,0.4390182819934886,0.0,0.6923076923076923,0.3956704750450991,0.225833685099198,0.0,0.25,0.923469387755102,0.0,0.2754524886877828,0.6874375208263912,0.0,0.0,0.0,0.134344528710726,0.0,0.5220200815190377,0.3932876388560623,0.0,0.41637010676156583,0.5,0.0,0.0,0.6666666666666667,0.0,1.0,0.0,1.0,0.8137193203272498,0.0,0.0,0.5,0.6900726392251816,0.0,0.0,0.0,0.4,0.0,0.0,0.0,0.0,0.0,0.02164502164502169,0.33333333333333337,0.5691756272401434,0.17819148936170215,0.5882352941176471,0.8157894736842105,0.0,0.8255258126195029,0.5714285714285714,0.25,0.24418604651162779,0.0,0.0,0.0,1.0,0.0,0.0,0.5,0.20174482006543093,0.0,0.028428093645485042,0.28537854624811143,0.72,0.0,0.0,0.9647844565877353,0.0,0.0,0.0,0.0,0.061514195583596276,0.30020283975659223,0.0,0.0,0.0,0.0,0.0,0.6923076923076923,0.650632911392405,0.8573269958914043,0.44444444444444453,0.30567685589519666,0.0,0.0,0.0,0.716787838730998,0.0,0.719684521853434,1.0,0.0,0.5,0.0,0.41463414634146345,1.0,0.0,0.2824267782426777,0.0,0.75,0.0,0.0,0.0,0.0,0.045038705137227186,0.5982238162332949,0.0,0.5047069943289224,0.0,1.0,0.13672788956481075,0.0,0.0,0.0,0.0,0.1428571428571428,0.0,0.0,0.0,0.4818224964404366,0.48353740253411304,0.0,0.0,0.0,0.0,0.0,0.0,0.0,0.7358490566037736,0.0,0.0,0.0,0.0,0.0,0.22853782830262637,0.49599426614637254,0.0,0.0,0.5882142715323828,m2
0.0,0.0,0.0,0.8422908731838059,0.0,0.0,0.0,0.6186061381074168,0.0,0.0,0.0,0.0,0.0,0.0,0.0,0.0,0.0,0.0,0.0,0.0,0.0,0.0,0.0,0.0,0.03986054318171495,0.20330962800875285,0.0,0.0,0.0,0.0,0.722758620689655,0.0,0.0,0.0,0.0,0.8259438601800712,0.0,0.8017914725904693,0.7308677098150782,0.0,0.5891317807305805,0.0,0.8826247022305638,0.0,0.0,0.8505574970877018,0.0,0.0,0.0,0.2828190158465387,0.14823712026018188,0.0,0.7028985507246377,0.4993821463765622,0.0,0.4399478657543173,0.5786731324803962,0.5238915195867413,0.0,0.7942894224529526,0.8438661710037175,0.0,0.0,0.33333333333333337,0.0,0.0,0.1252956383037237,0.5555555555555556,0.0,0.22475270301357253,0.5714285714285714,0.8370740385931299,0.558974358974359,0.5714285714285714,0.0,0.0,0.0,0.19354838709677413,0.0,0.2857142857142857,0.0,0.0,0.6428571428571428,0.18181818181818188,0.3916528468767275,0.009895227008148932,0.0,0.1751763216589306,0.625,1.0,0.33333333333333337,0.7222612359550562,1.0,0.17391304347826086,0.5407279029462738,1.0,0.8622417031934878,0.31112848288569994,0.36797326040717104,0.6437549096622153,0.0,0.4789367015308891,0.08319467554076543,0.8333333333333334,0.06867951982539078,0.0,0.75,0.0,0.19999999999999996,0.6666666666666667,0.5400025358184354,0.0,0.0,0.11111111111111105,0.8376863804663264,0.0,0.6209987195902689,0.875,0.6666666666666667,0.36848355788525333,0.0,0.0,0.0,0.0,0.9090909090909091,0.19501741226895264,0.558974358974359,0.25,0.8571428571428571,0.0,0.0,0.6998100063331223,0.39144736842105254,0.7442472397069446,0.0,0.8942507068803016,0.8333333333333334,0.4010448305187706,0.4855805689770978,0.38820988304709725,0.21343956389558683,0.0,0.0,0.36363636363636365,0.11111111111111116,1.0,0.0,1.0,0.0,0.2879091516366067,0.0,0.0,0.0,0.0,0.0,0.0,0.40115541778216135,0.608890196321298,0.26423677868341955,0.8772688396845006,0.33333333333333326,0.8288288288288288,0.0,0.0,0.0,0.9968855826868416,0.5189330543933055,0.206896551724138,0.07692307692307698,0.0,0.3442735042735041,0.0,0.4753967753393461,0.0,0.0,0.0,0.0,0.0,0.7658833087700647,0.0,0.0,0.0,0.0,0.0,0.0,0.0,0.0,0.054600562258404484,0.6666666666666667,0.7493049939344925,0.0,0.0,0.0,0.0,0.7916666666666666,0.0,0.0,0.0,0.7666666666666666,0.0,0.0,0.0,0.0,0.0,0.0,0.0,0.0,0.0,0.0,0.0,0.0,0.0,0.0,0.0,0.0,0.0,0.5249039429470732,0.0,0.21212121212121204,0.0,0.33333333333333326,0.6961668545659527,0.0,0.0,0.0,0.0,0.8832906679078427,0.0,0.8025039123630673,0.8548915587455141,0.19435736677115978,0.7124786324786325,0.0,1.0,0.0,0.0,0.4574731626754748,0.17313699241410085,0.0,1.0,0.26828563168545816,0.0,1.0,0.7692307692307692,0.5808874777356152,0.0,0.8401142041399001,0.7088673816374575,0.7395871061209707,0.06493506493506473,0.8161120840630472,0.9081196581196581,0.0,0.19318905155951616,0.5,1.0,0.0,0.0,0.75,0.0,0.0,1.0,0.9819734345351043,1.0,0.6666666666666667,0.2847682119205297,0.0,0.0,0.5,0.0,0.5714285714285714,0.27134076940587315,0.0,0.625,0.33333333333333326,0.7345663265306123,0.33333333333333326,1.0,0.4686076772934288,0.5,0.47089947089947093,1.0,0.7096774193548387,0.5,0.31618510688278145,0.6325602546612097,0.8125,0.9283018867924528,0.12840646651270204,0.2799352750809063,1.0,0.0,0.5631539044730858,0.0,0.08333333333333337,0.5564368517388651,0.0,1.0,0.0,0.5,1.0,0.8435771358328211,1.0,0.22569444444444442,0.0,0.9579579579579579,0.41002277904328,0.8971212836243511,1.0,1.0,0.33869787856620315,0.0,0.0,0.0,0.44999999999999996,0.3529411764705882,0.8132832080200502,1.0,0.0,1.0,1.0,0.0,1.0,0.7857142857142857,0.8305343511450382,0.0,1.0,0.8823529411764706,0.5570817383472191,0.0,0.8116926355040618,0.5320570534995025,0.1670611278870482,0.0,0.6363636363636364,0.0,1.0,0.44999999999999996,0.875,0.5662650602409638,1.0,1.0,0.0,0.0,0.0,0.0,0.0,0.28298908162783,0.16512059369202237,0.7666226332012329,0.6136049686198157,0.5,0.9576271186440678,0.0,0.0,0.0,1.0,0.0,0.375,0.10526315789473684,0.0,0.025463390196957425,0.0,0.27986332147537896,0.0,0.0,0.0,0.0,0.0,0.734638936436842,0.0,0.0,0.0,0.0,0.0,0.0,0.0,0.0,0.6391994917407877,1.0,0.7526189249527735,0.3295774647887324,1.0,0.0,0.0,0.8546591131080289,0.0,0.0,0.0,0.7189009661835748,0.0,0.0,0.0,0.0,0.0,0.0,0.0,0.0,0.0,0.0,0.0,0.0,0.0,0.0,0.0,0.0,0.25374732334047123,0.7053231939163498,0.0,0.0,0.5454545454545454,0.0,0.8931799506984388,0.0,0.0,0.0,0.0,0.6065738301342367,0.0,0.946236559139785,0.0,0.0,0.4867342957471713,0.0,0.6596326690113326,0.15384615384615385,1.0,0.8700894593543368,0.34788867562380044,0.0,0.0,0.3903862660944205,0.46790778222751384,0.0,0.5108966376089663,0.024395307796117538,0.0,0.44234890698671225,0.1933234734840482,0.2927525883612996,0.0,0.7806122448979592,0.7,0.0,0.0,0.0,0.0,0.0,0.12765957446808518,0.5714285714285714,0.0,0.26817288801571737,0.3999999999999999,0.577131906739061,0.0,0.0,1.0,0.0,0.0,0.0,0.0,1.0,0.20871107607410333,0.0,0.0,0.5,0.0,0.20836065573770501,0.0,0.03398392652123983,0.375,0.8488947542065325,0.0,0.5853858784893268,0.20000000000000018,0.0,0.060381355932203506,1.0,0.8279569892473119,0.6818700114025086,1.0,0.5986277873070327,0.625,0.22516749198951358,0.5714285714285714,0.75,0.34426229508196726,0.0,0.0,0.0,0.33333333333333337,0.0,0.1742059672762274,0.0,0.0014084507042254613,0.2857142857142857,0.6979166666666666,0.0,0.75,0.0,0.0,0.29427792915531337,0.0,0.0,0.0,1.0,0.16499999999999992,0.15694444444444422,0.0,0.6666666666666666,0.0,0.0,0.09012753897024095,0.8666666666666667,0.5412293853073464,0.36389684813753576,0.0,0.5414212799371811,0.0,0.3829787234042553,0.6936110834246985,0.0,0.0,0.0,0.0,0.0,0.5,0.5,0.0,0.7368421052631579,0.0,0.0,0.0,0.0,0.0,0.0,0.0,0.0,0.0,0.5730311614730879,0.2068965517241378,0.7315084449621433,0.0,0.5,0.0,0.0,0.0,0.9641490275716629,0.0,0.1428571428571428,0.0,0.0,0.0,0.0,0.48228235544929876,0.0,0.0,0.0,0.0,0.0,0.9329288843950118,0.0,0.0,0.0,0.0,0.0,0.5,0.0,0.2420283892203251,0.6221535458685752,0.0,0.656875967830561,0.0,m2
0.0,0.0,0.0,0.0,0.0,0.0,0.0,0.7777389684480149,0.0,0.0,0.0,0.0,0.0,0.0,1.0,0.0,0.0,0.0,0.6606991232826263,0.0,0.0,0.0,0.25,0.0,0.0064415786403991815,0.0,0.0,0.0,0.2857142857142857,0.0,0.0,0.0,0.0,0.0,0.0,0.0,0.0,0.0,0.08571428571428563,0.6856617647058824,0.6372106041824943,0.5769230769230769,0.2591496426766766,0.0,1.0,0.0,0.09913146466640343,0.0,0.0,0.248379015620395,0.0,0.0,0.5217391304347827,0.3416751441166497,0.0,0.5698924731182795,0.5785752986403159,0.0,0.45299145299145305,0.7643576080521018,0.0,0.0,0.0,0.0,0.4,0.0,0.23715927010587956,0.5555555555555556,0.7676823231767682,0.0,0.5714285714285714,0.8090656242952717,0.7179487179487178,1.0,0.7192982456140351,0.0,0.7966573816155988,0.3548387096774194,0.0,0.2857142857142857,0.0,0.9565217391304348,0.6428571428571428,0.0,0.3964737376534663,0.0,0.0,0.11087920688755526,0.8,1.0,0.0,0.4595687331536389,0.0,0.2941176470588235,0.0,1.0,0.0,0.6342567927543954,0.0,0.08454011741682987,0.0,0.24167409104407944,0.8693710457759584,0.0,0.0,0.0,0.75,0.0,0.19999999999999996,0.0,0.42734839476813313,0.0,0.0,0.7777777777777778,0.5851154833190761,0.0,0.19291506615450282,0.0,0.6666666666666667,0.9016749252631148,0.5,0.5,0.6666666666666667,0.0,0.0,0.11080835603996375,0.6000000000000001,0.75,0.9285714285714286,0.0,0.0,0.0,0.0,0.19348141997093615,0.0,0.5183695076760191,0.8333333333333334,0.037044832666806804,0.0,0.0,0.7290969899665551,0.8031102867741475,0.0,0.4444444444444444,0.11111111111111116,0.7916666666666666,0.0,0.18685121107266445,0.7151898734177216,0.0,0.0,0.0,0.0,0.0,0.0,0.0,0.9751859010056672,0.903638453940444,0.2644359619913911,0.49209222353615456,0.9850746268656716,0.0,0.0,0.76,0.0,0.0,0.0,0.206896551724138,0.16666666666666663,0.0,0.567687777986594,0.7887052009170991,0.0,0.0,0.0,0.0,0.0,0.0,0.0,0.5109143972336793,0.0,0.0,0.0,0.0,0.6504854368932039,0.0,0.5899099099099099,0.2564351163844143,0.0,0.0,0.08401020757476729,0.0,0.0,0.0,0.0,0.0,0.6185567010309279,0.0,1.0,0.0,0.0,0.0,0.0,0.0,0.0,1.0,0.0,0.0,0.0,0.8632889895273139,0.0,0.0,0.0,0.0,0.0,0.0,0.0,0.0,0.0,0.0,0.33333333333333326,0.0,0.0,0.0,0.0,1.0,0.0,0.0,0.0,0.8563040791100124,0.85423197492163,0.717948717948718,0.6560415122312824,0.6924839596700275,0.1288860103626941,0.7333333333333334,0.0,0.0,0.23076923076923073,1.0,0.26828563168545816,0.567270145544906,0.0,0.7553256238587949,0.3712773684756667,0.0,0.0,0.7090336134453782,0.0,1.0,0.745724907063197,0.0,0.0,0.0,0.0,0.5,0.0,0.4703008770955923,0.75,1.0,0.5149253731343284,1.0,0.5938375350140057,0.7,1.0,0.9011086474501109,0.0,0.5959510754955715,0.125,0.0,0.5714285714285714,0.2559652928416486,0.3435692921236292,0.625,1.0,0.7345663265306123,0.1428571428571428,1.0,0.4600923482849605,0.0,1.0,0.0,0.0,1.0,0.9057005367388488,0.6904761904761905,0.8125,0.574750830564784,0.9260284810126582,0.0,0.8146964856230032,0.14540059347181,0.34768378650553866,0.8181818181818182,0.75,0.11917836078909905,0.0,1.0,0.0,0.5,0.0,0.0,0.0,0.2946896035901271,1.0,0.5945027794935145,0.41091797935904395,0.6462167689161554,1.0,1.0,0.93589258698941,1.0,0.8,1.0,0.44999999999999996,0.3529411764705882,0.2774480712166173,1.0,1.0,1.0,1.0,0.6305732484076434,0.0,0.2857142857142857,0.12645322840279005,0.0,0.4459373000639796,0.8823529411764706,0.12274368231046939,0.2803889789303079,0.0,1.0,0.7798804780876494,0.24084621643612703,0.6363636363636364,0.0,1.0,0.44999999999999996,0.25,1.0,0.0,1.0,0.0,0.0,0.0,0.0,0.0,0.9360778497268748,1.0,0.7234782608695651,0.6685530720386688,0.9850746268656716,0.0,0.0,0.8181818181818182,0.0,0.0,0.8320384757676655,0.375,0.1724137931034483,0.0,0.0,0.8255590286126473,0.0,0.0,0.0,0.0,0.0,0.0,0.0,0.5422974659504043,0.0,0.0,0.0,0.0,0.5,0.0,0.869730230298614,0.0,0.0,0.0,0.11458573736441269,0.0,0.0,0.0,0.0,0.0,0.7142857142857143,0.0,0.3242972724997917,0.0,0.0,0.0,0.0,0.0,0.0,0.6666666666666667,0.0,0.0,0.0,0.7483253177602198,0.0,0.0,0.0,0.33333333333333326,0.0,0.262496166819994,0.2768387391502969,0.0,0.0,0.0,0.0,0.0,0.0,0.0,0.0,0.0,0.0,0.0,0.6086956521739131,0.0,0.5790197764402407,0.5354742345033607,0.4444893015744853,0.0,0.3076923076923076,0.0,0.0,0.3318965517241381,0.0,0.0,0.2903694290641735,0.0,0.0,0.49176829268292677,0.0,0.25,0.0,0.1875797532964696,0.0,1.0,0.0,0.0,0.0,0.0,0.8979591836734694,0.6,0.0,0.0750279955207167,0.5714285714285714,0.47408270238788575,0.0,0.3999999999999999,0.577131906739061,0.5,0.33333333333333337,0.41176470588235303,0.0,1.0,1.0,0.0,0.0,0.2333527470394099,0.0,0.0,0.5,0.0,0.0,0.0,0.031503358813991356,0.75,0.8088624338624338,0.5,0.10620012277470836,0.20000000000000018,0.03886397608370695,0.7654320987654321,1.0,0.0,0.2046757829730923,0.0,0.0,0.0,0.0,0.0,0.25,0.8333333333333334,0.0,0.0,0.0,0.33333333333333337,0.0,0.7618741976893453,0.5,0.009762900976290179,0.7142857142857142,0.2213114754098361,0.0,0.0,0.0,0.0,0.9587882096069869,0.0,0.0,0.0,0.0,0.2570977917981073,0.3798882681564246,0.0,0.6666666666666666,0.5,0.0,0.0,0.0,0.0,0.0,0.44444444444444453,0.0,0.0,0.0,0.0,0.0,0.783010874170315,0.7779248279512969,0.0,0.0,0.5,0.0,0.0,0.625,0.6931818181818181,0.11714285714285722,0.0,0.0,0.0,0.0,0.0,0.0,0.8437389770723104,0.0,0.2068965517241378,0.2777292907828329,0.5,0.0,0.0,0.33333333333333326,0.0,0.0,0.8768974145120935,0.0,0.5,0.0,0.0,0.7900122174709835,0.0,0.0,0.0,0.0,0.0,0.0,0.0,0.697845546957973,0.0,0.0,0.0,0.0,1.0,0.0,0.18435591741785395,0.7174927967211601,0.0,0.0,0.6651594538767696,m2
0.0,0.0,0.7918660287081339,0.0,0.0,0.0,0.0,0.8503937007874016,0.0,0.0,0.0,0.0,0.7321129179559178,0.0,0.0,0.0,0.8888888888888888,0.0,0.0,0.7001221441856591,0.823050173869846,0.7245949926362297,0.25,0.7502052882246674,0.03986054318171495,0.0,0.0,0.0,0.0,0.0,0.6429213887389817,0.0,0.612279438242708,0.0,0.0,0.0,0.6976744186046512,0.1538425623307499,0.0,0.7023433385992628,0.5836604157581045,0.1794871794871794,0.0,0.6355731225296444,0.0,0.0,0.26958886050918696,0.0,0.33333333333333337,0.0,0.0,0.0,0.6446776611694154,0.4465161010113545,0.0,0.0,0.7271529338810945,0.5162640620912182,0.49572649572649563,0.0,0.3537794299876085,0.0,0.8662466682820451,0.6666666666666667,0.0,0.0,0.1252956383037237,0.22222222222222232,0.7676823231767682,0.0,0.5714285714285714,0.3653829732729911,0.38636363636363635,1.0,0.0,0.0,0.36186650185414093,0.0,0.0,0.5714285714285714,0.0,0.9498094027954257,0.6428571428571428,0.0,0.0,0.045664261209038215,0.0,0.0,0.30000000000000004,0.0,0.33333333333333337,0.7388888888888889,0.11111111111111116,0.6521739130434783,0.0,0.0,0.0,0.5863896936448252,0.0,0.5273601924233313,0.125,0.0,0.5640599001663895,0.6000000000000001,0.0,0.0,0.75,0.0,0.0,0.6666666666666667,0.0,0.7777777777777778,0.07906244533846407,0.4444444444444444,0.5851154833190761,0.0,0.6190476190476191,0.0,0.6666666666666667,0.13972866146779162,0.5,0.625,0.0,0.0,1.0,0.18710031061574994,0.38636363636363635,0.0,0.9285714285714286,0.5,0.2827867937585107,0.6858013406459476,0.0,0.0,0.0,0.8898163606010017,0.8333333333333334,0.558364312267658,0.0,0.3528837257119358,0.0,0.6531424581005586,0.8748733535967579,0.4444444444444444,0.11111111111111116,1.0,0.1923076923076923,0.0,0.0,0.0,0.0,0.29166666666666663,0.0,0.0,0.0,0.0,0.9751859010056672,0.608890196321298,0.18502202643171806,0.9256398193451261,0.0,0.9960182025028441,0.0,0.0,0.9640864797567458,0.896030032848428,0.5191182615963228,0.0,0.0,0.0,0.5205988997249311,0.0,0.3904869723322869,0.0,0.0,0.0,0.0,0.0,0.0,0.8410000691096025,0.0,0.0,0.0,0.0,0.655,0.9060798548094373,0.3510794823289193,0.05801112626494276,0.0,0.0,0.47018454405136,0.0,0.0,0.8888888888888888,0.0,0.0,0.0,0.0,0.7666666666666666,0.0,0.0,0.0,0.0,0.8214611872146118,0.0,0.0,0.0,0.9322033898305084,0.0,0.0,0.857016873419954,0.8861120429386112,0.7142857142857143,0.0,0.42233009708737856,0.0,0.0,0.0,0.0,0.5,0.0,0.68841642228739,0.0,0.8655913978494624,0.0,0.0,0.0,0.5087719298245614,0.12613458528951482,0.0,0.9693486590038314,0.717948717948718,0.24974093264248698,0.011605415860734936,0.7037271004421983,0.7333333333333334,0.0,0.49440802159660624,0.23076923076923073,1.0,0.0,0.5358762646819397,0.0,0.0,0.41089494163424123,0.0,0.0,0.8707983193277311,0.738735465116279,0.8,0.0,0.6730769230769231,0.0,0.9422382671480144,0.75,1.0,0.0,0.0,0.0,1.0,0.0,1.0,0.6666666666666667,0.6437499999999999,0.7777777777777778,0.2691117984975694,0.0,0.5170814002530577,0.0,0.0,0.8571428571428571,0.263010794140324,0.8032723022984027,0.625,1.0,0.0,0.0,1.0,0.0,0.5,0.0,1.0,0.19354838709677402,0.0,0.6882736701237873,0.0,0.0,0.5824,0.590978205778003,0.0,0.0,0.16666666666666663,0.0,0.6363636363636365,0.75,0.5564368517388651,0.0,1.0,0.0,0.0,1.0,0.4637369391518129,1.0,0.2988826815642458,0.6666666666666667,0.2079207920792081,0.0,0.8865591397849463,1.0,1.0,0.5866861741038771,1.0,0.8,0.0,0.44999999999999996,0.5882352941176471,0.7806763285024154,0.6437499999999999,0.5,1.0,1.0,0.6445109353850538,1.0,0.2857142857142857,0.15147407658420875,0.0,1.0,0.8823529411764706,0.791358505254963,0.29279466888796346,0.8116926355040618,0.0,0.9440137109279361,0.918429003021148,0.6363636363636364,0.0,1.0,0.0,0.0,1.0,0.0,1.0,0.7906976744186047,0.0,0.0,0.0,0.0,0.9526282669130708,0.17142857142857137,0.8106241067174845,0.9572477157532505,0.0,0.9576271186440678,0.0,0.0,0.9667962506573724,0.968065379362418,0.0,0.0,0.0,0.0,0.9564098005517914,0.0,0.42759928991611273,0.0,0.0,0.0,0.0,0.0,0.0,0.8936478078425698,0.0,0.0,0.0,0.0,0.5,0.9246987951807228,0.7875503135823271,0.8544382238557203,0.0,0.0,0.24667419678714853,0.0,0.0,0.7238493723849373,0.0,0.0,0.0,0.0,0.2679949213790408,0.0,0.0,0.0,0.0,0.6415135135135135,0.0,0.0,0.0,0.6923076923076923,0.0,0.0,0.7927286356821589,0.7958078602620087,0.8478260869565217,0.33333333333333326,0.818133709648968,0.262496166819994,0.38834951456310696,0.0,0.0,0.5454545454545454,0.0,0.8682602921646747,0.0,0.5023326753992463,0.0,0.0,0.0,1.0,0.0,0.19999999999999996,0.35236457437661217,0.5409304002884963,0.0,0.4146868250539957,0.0,0.0,0.0,0.1746641074856048,0.0,0.33333333333333337,0.0,0.0,0.0,0.43483202828997225,0.09611451942740279,0.25,0.0,0.3331924783435454,0.11356843992827259,1.0,1.0,0.1428571428571428,0.0,0.8007761966364813,0.9411764705882353,0.0,0.0,0.134344528710726,0.5714285714285714,0.5233580246913578,0.25922671353251325,0.3999999999999999,0.6892366656020441,0.5,0.33333333333333337,0.0,0.0,1.0,0.2857142857142857,0.0,0.0,0.2391216760676873,0.6666666666666667,0.0,0.5,0.37966101694915244,0.3619020501138952,0.0,0.5633770416379111,0.375,0.0,0.0,0.0,0.5633333333333335,0.6940024479804162,0.0,0.33333333333333337,0.0,0.20916666666666672,0.0,0.3276157804459692,0.0,0.2960271317829457,0.7142857142857142,0.25,0.34426229508196726,0.0,0.0,0.0,0.0,0.0,0.0,0.0,0.0,0.4285714285714285,0.0,0.0,0.75,0.0,0.0,0.04801038062283747,0.0,0.33333333333333337,0.0,1.0,0.144144144144144,0.21554252199413504,0.5,0.0,0.5,0.5,0.0,0.8666666666666667,0.0,0.0,0.44444444444444453,0.5083417085427137,0.0,0.0,0.0,0.0,0.6241659152389539,0.0,0.21052631578947356,0.0,0.5,0.5,0.41463414634146345,0.0,1.0,0.0,0.0,0.5,0.0,0.0,0.0,0.0,0.8478031634446398,0.5729222748009407,0.2068965517241378,0.8667769857433809,0.0,0.5,0.0,0.0,0.9900641613198901,0.766098340691125,0.0,1.0,0.0,0.0,0.8280044787260512,0.10404477232256415,0.48488529429854244,0.0,0.0,0.0,0.0,0.0,0.0,0.8803015304956978,0.0,0.0,0.0,0.0,1.0,0.7419354838709677,0.0,0.0,0.0,0.0,0.6798673476797947,m2
0.0,0.0,0.0,0.0,0.0,0.0,0.0,0.7777389684480149,0.0,0.0,0.0,0.593064746844397,0.0,0.8257099501409062,0.0,0.9012795367516578,0.0,0.0,0.6614783212215236,0.0,0.0,0.44376278118609414,0.33333333333333326,0.0,0.0064415786403991815,0.16751837905684042,0.0,0.029322268326417822,0.0,0.9285714285714286,0.0,0.0,0.0,0.0,0.0,0.0,0.6976744186046512,0.0,0.0,0.0,0.0,0.3846153846153846,0.8826247022305638,0.33749429136854936,0.6572498298162015,0.852291460600066,0.5124484635885288,1.0,0.33333333333333337,0.0,0.0,0.0,0.4755825087775295,0.4261035102389382,0.0,0.7806515124395919,0.4274862413766375,0.4396208851654395,0.8831213475421107,0.9867794817556849,0.0,0.8737270875763747,0.8662466682820451,1.0,0.4,1.0,0.23715927010587956,0.0,0.6773084854502407,0.0,0.5714285714285714,0.6851782363977486,0.558974358974359,1.0,0.0,0.0,0.0,0.19354838709677413,0.0,0.8571428571428572,0.8072722810748907,0.3007731958762885,0.6428571428571428,1.0,0.8310178622058407,0.9236148466917697,0.0,0.0,0.75,0.5237860488045354,0.33333333333333337,0.06882022471910121,0.0,0.0,0.8964401294498382,0.5,0.0,0.10281505049107753,0.8069963811821472,0.42716535433070857,0.125,0.24659369005886633,0.08319467554076543,0.5,0.0,0.6942355889724312,0.75,0.0,0.19999999999999996,0.6666666666666667,0.17651736019082953,0.7777777777777778,0.011516626115166018,0.33333333333333326,0.8338933691756272,0.6345541401273886,0.16945516945516959,0.0,0.6666666666666667,0.0,0.0,0.5,0.0,1.0,0.5,0.0,0.558974358974359,0.0,0.0,0.0,0.7091998003659956,0.0,0.0,0.11949424195654745,0.7222222222222222,0.6587460508165354,0.0,0.697377049180328,0.42122494942964994,0.0,0.4668617886178862,0.0,0.03024517684887451,0.36363636363636365,0.0,1.0,0.0,0.0,0.21595836947094538,0.0,0.0,1.0,0.0,0.0,0.0,0.0,0.0,0.8860557545902373,0.20409848758581528,0.5273021001615508,0.0,0.9417226110555634,0.33834701913880194,0.76,0.0,0.0,0.5141897370554849,0.206896551724138,0.16666666666666663,0.0,0.9139938080495356,0.7882405972052728,0.4886263440007613,0.0,0.0,0.0,0.0,0.0,0.586891394229683,0.6715633568087738,0.9516699410609037,0.9868916142941404,0.0,0.0,0.0,0.0,0.0,0.2487554822601974,0.6666666666666667,0.7478815709356605,0.0,0.0,0.0,0.0,0.0,0.0,1.0,0.0,1.0,0.0,0.0,0.0,0.7161290322580645,0.0,0.7435897435897436,0.0,0.8480260636259103,0.0,0.0,0.8409727391967103,0.0,0.0,0.7142857142857143,0.0,0.0,0.0,0.0,0.0,0.21212121212121204,1.0,0.0,0.0,0.0,0.0,0.0,0.0,0.0,0.5087719298245614,0.13265306122448983,0.0,0.18584070796460184,0.0,0.7174203113417346,1.0,0.3091397849462365,0.7333333333333334,0.34103539046504805,0.8879615579160344,1.0,1.0,0.0,0.5663464959089293,0.0,0.5714285714285714,0.6145655877342419,0.0,0.8571428571428571,0.31263048016701445,0.6833156216790648,1.0,1.0,0.011074651353568554,0.8588807785888077,0.9586296056884293,0.75,0.5,0.0,0.4703008770955923,0.5,1.0,0.3969465648854963,0.5,0.9496707431796801,1.0,0.7777777777777778,0.4927239654388359,0.0,0.0,0.41509433962264153,0.0,1.0,0.7853107344632768,0.33565288579615216,0.625,0.0,0.996242774566474,1.0,1.0,0.0,1.0,0.7683397683397684,1.0,0.19354838709677402,0.0,0.6669526424159232,0.3571428571428571,0.0,0.574750830564784,0.6482678983833718,0.941747572815534,0.8095238095238095,0.0,0.4033358605003792,0.0,1.0,0.5564368517388651,0.8986666666666667,1.0,0.0,0.5,1.0,0.0,1.0,0.14785992217898825,0.33333333333333337,0.7894736842105263,0.5822922324823465,0.676212938005391,1.0,1.0,0.586686174103877,0.0,0.8,0.0,0.9,0.8823529411764706,0.4552845528455285,1.0,0.5,0.0,1.0,0.6698978255174219,0.6666666666666667,0.2857142857142857,0.12535816618911177,0.7777777777777778,0.4459373000639796,0.0,0.0,0.0,0.8209876543209877,0.5777355538169218,0.0,0.0,0.6363636363636364,0.0,1.0,0.44999999999999996,0.0,0.3793103448275862,0.0,1.0,0.8656716417910448,0.0,0.0,0.0,0.0,0.0,0.9817054883534939,1.0,0.6869677679426239,0.0,0.9576271186440678,0.2893186608160867,0.8181818181818182,0.0,0.0,0.0,0.375,0.1724137931034483,0.0,0.8807723199379112,0.8229827408172297,0.17113312424308313,0.0,0.0,0.0,0.0,0.0,0.6176769169483032,0.15198548679701673,0.9259259259259259,0.9850926469355245,0.0,0.0,0.0,0.0,0.0,0.0,1.0,0.7227583292244841,0.11550888529886927,0.0,0.0,0.0,0.0,0.0,0.0,0.0,0.705707082282833,0.0,0.0,0.0,0.894047619047619,0.0,0.5599223677826297,0.0,0.8833955223880596,0.0,0.0,0.7227381665668066,0.0,0.0,0.0,0.0,0.0,0.25374732334047123,0.2768387391502969,0.0,0.0,0.5454545454545454,1.0,0.0,0.0,0.0,0.0,0.0,0.0,0.5,0.6045627376425855,0.0,0.35067171891147075,0.0,0.6626506024096386,0.609366391184573,0.3076923076923076,0.29999999999999993,0.8700894593543368,0.0,0.5555555555555556,0.33333333333333337,0.0,0.0,0.0,0.5021341463414635,0.11891048716102715,0.0,0.61703511053316,0.7861080485115766,0.41691934505761075,1.0,0.923469387755102,0.0,1.0,0.7329790767186981,0.7959183673469388,0.6,0.0,0.6995305164319249,0.0,0.7545105838897571,0.0,0.6,0.5282657297987863,0.0,0.33333333333333337,0.0,0.0,0.0,0.0,0.0,1.0,0.8561938257131692,0.0,0.0,0.0,0.6900726392251816,0.7387033398821219,0.0,0.0,0.6,0.407007007007007,0.0,0.0,0.0,0.1496702181633689,0.4722222222222222,0.33333333333333337,0.0,0.0,0.7407407407407407,0.03606965174129362,1.0,0.0,0.16541353383458646,0.0,0.6046511627906976,0.5714285714285714,0.0,0.0,1.0,0.0,0.5041398344066238,0.0,0.19999999999999996,0.4285714285714285,0.7571428571428571,0.06350653296870246,0.0,0.0,0.0,0.0,0.0,0.0,0.0,0.0,0.0,0.13966480446927354,0.0,0.0,0.0,0.0,0.6087570621468927,0.0,0.0,0.0,0.5555555555555556,0.0,0.0,0.0,0.695047523761881,0.0,0.0,0.0,0.0,0.0,0.0,0.5,0.0,0.0,0.3784090909090909,0.11714285714285722,0.0,0.6923076923076923,0.0,0.0,0.0,0.0,0.042680776014109245,0.42702190395956197,0.2068965517241378,0.017229664142884737,0.0,0.5,0.16929199599243017,0.33333333333333326,0.0,0.0,0.0,0.0,0.5,0.0,0.8724774444479867,0.5189576547231272,0.4889585563541826,0.0,0.0,0.0,0.0,0.0,0.9329288843950118,0.3596692873838546,1.0,0.9797297297297297,0.0,0.0,0.0,0.0,0.0,0.61350873144088,0.0,0.8576815871454337,0.6220735785953178,m2
0.0,0.0,0.0,0.0,0.0,0.6666666666666667,0.0,0.7777389684480149,0.0,0.0,0.6551724137931034,0.0,0.0,0.5834044732798362,0.0,0.9163901254552813,0.33333333333333326,0.6209774687805258,0.0,0.0,0.0,0.0,0.25,0.75,0.0,0.2028341967491708,0.0,0.0,0.8571428571428572,0.0,0.0,0.0,0.0,0.0,0.7777777777777778,0.0,0.6976744186046512,0.9162136039627884,0.0,0.7845050215208035,0.0,0.3846153846153846,0.0,0.9625513776830568,0.0,0.688099173553719,0.4327988569614224,0.0,0.0,0.28531199051430267,0.2993702900794879,0.0,0.0,0.8689059002886892,0.8210020768431984,0.9032174026312362,0.0,0.0,0.11418803418803403,0.0,0.33882783882783885,0.7509554140127389,0.5593220338983051,0.1428571428571429,0.4,0.0,0.16952016219869337,0.5555555555555556,0.7609419960623959,0.26209861860762973,0.5714285714285714,0.0,0.558974358974359,1.0,0.713375796178344,0.0,0.0,0.19354838709677413,0.0,0.5714285714285714,0.0,0.27063634040378215,0.6428571428571428,0.0,0.8838109626552099,0.928577186618299,0.0,0.8794940562481879,0.0,0.0,0.0,0.06882022471910121,0.7777777777777778,1.0,0.6061257388500807,0.0,0.0,0.8082689912826899,0.32357723577235775,0.2326420198376915,0.0,0.2776607648259066,0.5080736012016522,0.5,0.0,0.0,0.75,0.0,0.0,0.6666666666666667,0.49899332414962383,0.7777777777777778,0.15115714516912127,0.7777777777777778,0.5823451910408433,0.3657627118644068,0.19291506615450282,0.0,0.6666666666666667,0.0,0.5,0.625,0.0,0.29999999999999993,0.5,0.0,0.558974358974359,0.0,0.8571428571428571,0.0,0.4475730801917803,0.4752963332225545,0.0,0.0,0.4722222222222222,0.0,0.8333333333333334,0.09938144329896925,0.9393533105405466,0.38820988304709725,0.733079672546985,0.9627027027027028,0.7436676798378926,0.4444444444444444,0.11111111111111116,0.6666666666666667,0.0,0.0,0.0,0.0,0.0,0.29166666666666663,0.0,0.0,0.0,0.0,0.9751859010056672,0.9937894302391855,0.0,0.0,0.0,0.9885558583106268,0.0,0.84,0.0,0.0,0.5104602510460253,0.206896551724138,0.0,0.0,0.0,0.0,0.4947956132869594,0.0,0.0,0.0,0.0,0.0,0.0,0.7528396509832553,0.0,0.0,0.0,0.0,0.0,0.0,0.5666933707190065,0.13904540144477207,0.6666666666666667,0.0,0.4501515827792689,0.0,0.0,0.0,0.0,0.0,0.0,0.0,0.7666666666666666,0.0,0.0,0.6525514008735485,0.0,0.0,0.7435897435897436,0.0,0.8480260636259103,0.9322033898305084,0.8176596093878221,0.0,0.0,0.0,0.0,0.0,0.7948717948717949,0.4098360655737705,0.4741498216409038,0.0,0.0,0.5,0.0,0.0,0.0,0.0,0.0,0.8955223880597015,0.0,0.5087719298245614,0.8187766432041241,0.0,0.6145552560646901,0.0,0.6453367875647668,0.011605415860734936,0.9945411122483794,0.0,0.9112903225806451,0.4205949656750573,0.0,1.0,0.07314252674183286,0.0,1.0,0.0,0.8993598488823591,0.7636871508379888,1.0,0.0,0.0,0.0,0.2571428571428571,0.69374492282697,1.0,0.7879061371841155,1.0,1.0,0.0,0.0,0.75,1.0,0.09019607843137267,0.5,0.30904183535762486,1.0,1.0,0.8580441640378549,0.0,0.0,0.41509433962264153,0.0,0.8571428571428571,0.0,0.3918186298669294,0.625,0.33333333333333326,1.0,0.8095238095238095,1.0,0.8977295970546124,0.0,0.0,0.0,0.19354838709677402,1.0,0.9371027099364336,0.7857142857142857,0.0,0.574750830564784,0.9766918830505009,0.08299866131191436,0.15384615384615385,0.0,0.34258349705304525,0.6363636363636365,1.0,0.11917836078909905,0.0,1.0,0.0,0.0,1.0,0.8362978595116068,1.0,0.6052141527001862,1.0,0.5952380952380952,0.39184397163120555,0.673092556032981,1.0,1.0,0.0,1.0,0.8,0.0,0.44999999999999996,0.8823529411764706,0.41839762611275955,1.0,0.5,1.0,1.0,0.6559896189045212,1.0,0.2857142857142857,0.15147407658420875,0.37037037037037035,0.0,0.8823529411764706,0.48306734137796803,1.0,0.7627118644067796,0.7227868610988363,1.0,0.4371014492753623,0.6363636363636364,0.0,1.0,0.44999999999999996,0.0,0.625,0.0,1.0,0.2857142857142857,0.0,0.0,0.0,0.0,0.9526282669130708,1.0,0.21843478260869575,0.0,0.0,0.9576271186440678,0.0,0.9545454545454546,0.0,0.0,0.0,0.375,0.0,0.0,0.0,0.0,0.7399456649758946,0.0,0.0,0.0,0.0,0.0,0.0,0.8936478078425698,0.0,0.0,0.0,0.0,0.0,0.0,0.9266390772885772,0.4955367913148371,1.0,0.0,0.24887302779864773,0.0,0.0,0.0,0.0,0.0,0.0,0.0,0.703658832081415,0.0,0.0,0.7785359801488834,0.0,0.0,0.6947368421052632,0.0,0.8780903665814151,0.6923076923076923,0.9688443103142198,0.0,0.0,0.0,0.0,0.33333333333333326,0.7953305694959634,0.0,0.0,0.0,0.0,0.5454545454545454,0.0,0.0,0.0,0.0,0.0,1.0,0.0,1.0,0.9586776859504132,0.0,0.0,0.0,0.5845410628019323,0.4146868250539957,0.7692307692307692,0.0,0.7569039284325165,0.0,0.0,0.0,0.4083688844513026,0.5467144563918758,0.0,0.43619167717528373,0.648211456683065,1.0,0.9307958477508651,0.0,0.0,0.7254901960784315,0.0,0.1428571428571428,0.8610932475884244,0.17460846384538486,0.44217687074829926,0.4,0.0,0.0,0.5714285714285714,0.5208312618076962,0.3151064450277049,0.6,0.0,0.0,0.33333333333333337,0.41176470588235303,0.0,0.0,0.0,0.0,1.0,0.4536975349766822,0.0,0.0,0.5,0.6900726392251816,0.6704918032786885,0.0,0.23675675675675667,0.0,0.0,0.5,0.0,0.7894736842105263,0.6731439960139511,0.21504237288135586,0.33333333333333337,0.0,0.5651595744680851,1.0,0.03606965174129362,0.0,0.0033460803059273125,0.7142857142857142,0.0,0.0,0.01115760111576003,0.0,0.0,0.0,0.0,0.0,0.0,0.16139585605234463,0.7142857142857142,0.2213114754098361,0.30951254141031714,0.0,0.0,0.0,0.0,0.0,0.33333333333333337,0.0,1.0,0.0,0.0,0.0,0.0,0.0,0.0,0.015863859244303558,0.3846153846153846,0.0,0.0,0.7777777777777778,0.3922537041850793,0.0,0.38662486938349017,0.8734177215189873,0.0,0.19539869608826466,0.8822513812154696,0.9,0.0,0.5,0.0,0.0,0.0,0.0,0.0,0.0,0.5,0.0,0.0,0.0,0.0,0.8478031634446398,0.808361391694725,0.4482758620689654,0.0,0.0,0.5,0.0,0.0,0.0,0.0,0.0,0.1428571428571428,0.0,0.0,0.0,0.0,0.41389978871113786,0.0,0.0,0.0,0.0,0.0,0.0,0.8872875887287588,0.0,0.0,0.0,0.0,0.0,0.0,0.23307961324830306,0.0623444967512129,0.0,0.0,0.6718659413096136,m2
0.0,0.0,0.0,0.8339016766126741,0.0,0.0,0.0,0.0,0.0,0.7604253106294465,0.0,0.593064746844397,0.0,0.0,1.0,0.876845275722307,0.8888888888888888,0.0,0.0,0.0,0.7434881087202718,0.717948717948718,0.0,0.0,0.0,0.16751837905684042,0.0,0.0,0.2857142857142857,0.0,0.0,0.8850656261085491,0.0,0.0,0.0,0.8884663584114775,0.0,0.0,0.0,0.7023433385992628,0.6372541180233489,0.5769230769230769,0.8826247022305638,0.3776066453231809,0.8666666666666667,0.688099173553719,0.991349902534113,0.4462151394422311,0.33333333333333337,0.8454170350722074,0.3786182343532325,0.0,0.0,0.871985410665894,0.0,0.4402761495375799,0.5785752986403159,0.6272470115886486,0.0,0.9232720355104629,0.22016222479721914,0.5821138211382115,0.5596465390279823,0.1428571428571429,0.4,0.0,0.0,0.0,0.0,0.26209861860762973,0.0,0.31656681064511616,0.7179487179487178,1.0,0.0,0.0,0.0,0.3548387096774194,0.0,0.2857142857142857,0.005280528052805544,0.9006211180124224,0.6428571428571428,0.0,0.37809545768964725,0.7931292708040812,0.0,0.0,0.0,0.8787878787878788,0.33333333333333337,0.7222612359550562,0.5,0.2941176470588235,0.0,0.0,0.4488517745302715,0.6895422404168217,0.0,0.0,0.125,0.5804653015167104,0.0,0.5,0.9055892573178632,0.6329092451229856,0.75,0.0,0.0,0.6666666666666667,0.0,0.0,0.2424348434493614,0.33333333333333326,0.5106928999144568,0.5803631472763955,0.16945516945516959,0.875,0.6666666666666667,0.3438568353522138,0.0,0.0,0.6666666666666667,0.0,0.0,0.0,0.6000000000000001,1.0,0.9285714285714286,0.5,0.3191924641981968,0.0,0.4931714719271625,0.0,0.41666666666666663,0.5605320761070887,0.8333333333333334,0.5507052529182881,0.7968010343461306,0.18483829650976635,0.2819093739190591,0.6527058695296746,0.6432877813504823,0.36363636363636365,0.0,1.0,0.0,0.0,0.0,0.0,0.0,0.0,0.0,0.0,0.0,0.7780263157894737,0.0,0.6865437036152728,0.04678285938933302,0.3616574409274589,1.0,0.0,0.0,0.84,0.0,0.0,0.5178777393310268,0.206896551724138,0.0,0.7,0.019036009002250553,0.5048967852331889,0.0,0.0,0.0,0.0,0.0,0.0,0.0,0.5284156602712181,0.0,0.0,0.0,0.0,0.0,0.0,0.17692589386776758,0.09114275903791769,0.6666666666666667,0.5463182608907218,0.5685263638517867,0.0,0.0,0.0,0.7916666666666666,0.0,0.0,0.0,0.0,0.0,0.9432301598943817,0.0,0.6087819778541428,0.0,0.0,1.0,0.8480260636259103,0.9322033898305084,0.0,0.0,0.0,0.8548387096774194,0.7142857142857143,0.0,0.0,0.4098360655737705,0.0,0.0,0.0,0.0,0.0,0.0,0.6243309002433091,0.0,0.0,0.0,0.8711629538677426,0.0,0.0,0.0,0.957680250783699,0.717948717948718,0.6560415122312824,1.0,0.19597315436241625,0.3999999999999999,0.8979650329607337,1.0,1.0,1.0,0.9650187915582539,0.634536416684677,0.0,0.3735294117647058,0.8852777777777778,0.0,0.25343018563357556,0.7108559498956158,0.2730573710965867,0.0,1.0,0.7211796246648794,1.0,0.8517538054268696,1.0,1.0,0.0,0.05695570112135029,0.5,0.11111111111111116,0.0,0.0,0.8259013282732448,0.7,0.7142857142857143,0.4511596788581623,0.0,0.0,0.10227272727272718,0.0,0.5714285714285714,0.5689300411522634,0.8053822152886115,0.75,0.0,0.7345663265306123,0.6666666666666666,1.0,0.0,0.0,0.6825396825396826,1.0,0.7096774193548387,1.0,0.31618510688278145,0.0,0.0625,0.7556693489392831,0.72,0.0,0.15420560747663548,0.0,0.4060971019947309,0.0,1.0,0.5446410412853366,0.8974691758598313,1.0,0.0,0.0,1.0,0.32455315145813735,1.0,0.6397748592870544,0.33333333333333337,0.8789376158122297,0.0,0.6119818878439568,1.0,1.0,0.3451647953639986,0.0,0.0,1.0,0.44999999999999996,0.3529411764705882,0.41839762611275955,1.0,0.5,1.0,1.0,0.6111538955204723,0.021739130434782705,0.7857142857142857,0.15147407658420875,0.5555555555555556,0.4459373000639796,0.8823529411764706,0.7959094865100087,0.30605078336034575,0.7613086296110833,0.5325813942467181,0.9310040780337264,0.5258918296892982,0.6363636363636364,0.0,1.0,0.44999999999999996,0.0,0.47422680412371143,0.0,1.0,0.0,0.0,0.0,0.0,0.6617427835750103,0.0,0.8578813127019215,0.8976891171242346,0.5421708629418576,1.0,0.0,0.0,0.9545454545454546,0.0,0.0,0.0,0.375,0.0,1.0,0.5268940828198685,0.5404190495217641,0.0,0.0,0.0,0.0,0.0,0.0,0.0,0.5827424878213476,0.0,0.0,0.0,0.0,0.0,0.0,0.772287798801827,0.8521755855701829,1.0,0.46751321387134204,0.4245105421686748,0.0,0.0,0.0,0.8397873955960516,0.0,0.0,0.0,0.0,0.0,0.6267677964762581,0.0,0.48642779587404983,0.0,0.0,0.6666666666666667,0.894316163410302,1.0,0.0,0.0,0.0,0.8951559389515593,0.881578947368421,0.0,0.0,0.0,0.35620102471368287,0.0,0.0,0.0,0.0,0.0,0.919921875,0.0,0.0,0.0,0.5543407523102956,0.0,0.66775956284153,0.19999999999999996,0.35236457437661217,0.4867342957471713,0.5348516218081434,0.644514353126229,0.3076923076923076,1.0,0.7569039284325165,0.9231107205623902,0.6666666666666667,0.33333333333333337,0.8300874731803928,0.41194743130226996,0.0,0.0,0.5890077821011674,0.0,0.41788181120491175,0.1875797532964696,0.7069040382110291,0.0,0.923469387755102,0.1428571428571428,0.6010396361273554,0.2455608488523171,0.4444444444444444,0.4,0.0,0.0,0.0,0.0,0.3260378424173962,0.0,0.1121047588629831,0.5,0.33333333333333337,1.0,0.0,0.0,0.5,0.0,0.0,0.32310210763249436,0.0,0.0,0.5,0.0,0.489344262295082,0.0,0.5678612716763005,0.0,0.47121011893524634,0.0,0.5652709359605912,0.26315789473684215,0.0,0.02164502164502169,0.0,0.29639175257731953,0.549731182795699,0.0,0.0,0.0,0.8003875968992248,0.3766233766233765,0.0,0.7377049180327869,0.11747851002865328,0.0,0.0,0.33333333333333337,0.0,0.0,0.0,0.1628318584070796,0.4285714285714285,0.0,0.11683733422863862,0.5499999999999999,0.0,0.0,0.3009682625067239,0.0,0.0,0.0,1.0,0.2570977917981073,0.13966480446927354,0.0,0.0,0.5,0.5,0.0,0.0,0.5375527426160338,0.0,0.0,0.0,0.0,0.0,0.946812749003984,0.0,0.0,0.3482078853046594,0.6052631578947367,0.0,0.0,0.5,0.0,0.0,0.0,0.11714285714285722,0.0,0.0,0.0,0.0,0.0,0.9769372693726938,0.045038705137227186,0.4471637210286804,0.4482758620689654,0.6908166017958303,0.0,0.0,0.0,0.0,0.0,0.0,0.0,0.7,0.0,0.5714285714285714,0.39775317486160866,0.19674267100977194,0.0,0.0,0.0,0.0,0.0,0.0,0.0,0.6967181908170259,0.0,0.0,0.0,0.0,0.0,0.0,0.0,0.0,0.0,0.3178902003036387,0.5842592368457151,m2
0.0,0.706499193362526,0.0,0.0,0.0,0.0,0.0,0.0,0.0,0.0,0.0,0.6337311785997821,0.7039975181705371,0.0,0.5,0.0,0.8888888888888888,0.0,0.0,0.0,0.5488463426607757,0.446257197696737,1.0,0.0,0.0,0.0,0.5883335560604037,0.0,0.2857142857142857,0.0,0.0,0.0,0.0,0.0,0.0,0.0,0.0,0.0,0.7038890477552188,0.3041074249605056,0.5069935217903416,0.0,0.05355404089581306,0.38636363636363635,0.6440501043841336,0.46323161580790395,0.0,1.0,0.33333333333333337,0.0,0.2666786780603315,0.0,0.7028985507246377,0.6185822095756525,0.8232292917166867,0.0,0.5117427853366843,0.0,0.0,0.049011177987962284,0.6446578631452581,0.23224932249322494,0.8645066273932254,0.0,0.4,0.5,0.641933887024916,0.0,0.31482471549683044,0.22475270301357253,0.8571428571428571,0.0,0.6000000000000001,0.5714285714285714,0.7247075017205782,0.0,0.0,0.7741935483870968,0.29556650246305427,0.2857142857142857,0.801793010916631,0.8358429288455861,0.0,0.9166666666666666,0.7249294943267528,0.03565578934106106,0.0,0.10379641795173211,1.0,0.0,0.0,0.40161725067385456,0.0,0.2941176470588235,0.5833333333333333,0.0,0.5218345173422483,0.2700700917696367,0.8069963811821472,0.0,0.0,0.0,0.5,0.5,0.03955455485912507,0.6746584889880123,0.75,0.0,0.6,0.0,0.7759605690601546,1.0,0.0,0.33333333333333326,0.03562610229276919,0.9098856758574311,0.0,0.875,0.6666666666666667,0.3597628240485383,0.0,0.5,0.6666666666666667,1.0,0.0,0.0,0.7179487179487178,0.0,0.9285714285714286,0.5,0.08464171880533589,0.6998100063331223,0.380329457364341,0.4451236454570714,0.0,0.0,0.0,0.5509484435797665,0.0,0.0,0.0,0.4437610956124779,0.19161977491961424,0.4444444444444444,0.11111111111111116,1.0,0.3076923076923077,0.49786324786324787,0.0,0.9308617234468938,0.0,0.791044776119403,0.0,0.0,0.0,0.0,0.0,0.5344684513015951,0.2040984875858155,0.7120496632690869,1.0,0.0,0.5730134496065689,0.16000000000000003,0.0,0.9968833607134475,0.0,0.206896551724138,0.0,0.8,0.0,0.6322921950866005,0.0,0.0,0.0,0.0,0.0,0.0,0.5119991103098696,0.872623693598721,0.0,0.0,0.0,0.0,0.7,0.0,0.0,0.021060264836405107,0.6666666666666667,0.7475189833045057,0.5609939934572976,0.0,0.5741935483870968,0.0,0.0,0.0,0.0,0.0,0.0,0.0,0.0,0.0,0.7161290322580645,0.8214611872146118,0.0,1.0,0.0,0.7142857142857143,0.0,0.0,0.0,0.8580630830741892,0.7142857142857143,0.0,0.0,0.4098360655737705,0.0,0.6206896551724137,0.21212121212121204,0.0,0.0,0.0,0.0,0.0,0.0,0.0,0.0,0.0,0.0,0.7196606418295832,0.0,0.4472984942426924,0.0,0.06416772554002548,0.13567174056915932,0.7333333333333334,0.9473521213998142,0.0,1.0,1.0,0.0,0.0,0.0,0.5771428571428572,0.38082163921090095,0.7602040816326531,0.0,0.40654205607476623,0.0,0.06493506493506473,0.12959719789842372,0.9719350073855244,0.1725888324873096,0.956960322797579,0.5,0.5,1.0,0.827023426224048,0.5,0.0,0.015118790496760681,1.0,0.1408918406072106,1.0,0.11111111111111105,0.9490677580718508,0.0,0.0,0.625,0.48677884615384603,0.5714285714285714,0.8473118279569893,0.8053822152886115,0.0,1.0,0.9871159563924677,0.33333333333333326,1.0,0.38506248183667524,0.5,0.0,0.0,0.19354838709677402,0.0,0.8629604209563029,0.5636653024101865,0.0625,0.2724528301886795,0.19834710743801676,0.941747572815534,0.0,0.0,0.0,0.0,1.0,0.11917836078909905,0.8004276550249465,1.0,0.0,0.5,0.0,1.0,0.0,0.4516129032258065,0.33333333333333337,0.19736842105263175,0.5087585681645088,0.0,1.0,1.0,0.3451647953639986,0.0,0.8,1.0,0.9,0.3529411764705882,0.4229166666666667,0.7,0.5,1.0,1.0,0.0,1.0,0.7857142857142857,0.8210959885386819,0.0,0.0,0.0,0.7008797653958945,0.29279466888796346,0.0,0.8079373951928452,0.8220105289546252,0.905638665132336,0.6363636363636364,0.0,1.0,0.65,0.25,0.52,1.0,1.0,0.8095238095238095,0.0,0.0,0.0,0.0,0.5049921507064363,0.8679245283018868,1.0,0.8910435659020468,1.0,0.0,0.7485016956208748,0.13636363636363646,0.0,0.9889857058938711,0.8646723646723646,0.375,0.0,0.6666666666666666,0.8102853602285636,0.8192498870311794,0.0,0.0,0.0,0.0,0.0,0.0,0.40761297433475063,0.8387421890747834,0.0,0.0,0.0,0.0,0.5,0.0,0.0,0.8815098047592601,1.0,0.7523967155324363,0.4250125502008032,1.0,0.8798044878915796,0.0,0.0,0.0,0.0,0.0,0.0,0.0,0.0,0.0,0.85,0.5972278842233998,0.0,0.6666666666666667,0.0,0.6923076923076923,0.0,0.0,0.0,0.5447470817120623,0.0,0.33333333333333326,0.0,0.0,0.23708366115919222,0.5794261721483555,0.0,0.0,0.0,0.0,0.0,0.0,0.0,0.0,0.0,0.0,0.0,0.96,0.05932932072227015,0.4110233258088788,0.5286041189931352,0.22178529296106964,0.3076923076923076,0.29999999999999993,0.33193277310924374,0.4654696132596685,1.0,0.33333333333333337,0.0,0.5467144563918758,0.0,0.5082619339045287,0.11939911939911929,0.6923076923076923,0.0,0.7814371257485031,0.0,0.0,0.0,0.10000000000000009,0.19080068143100493,0.7999133824166306,0.0,0.6,0.0,0.15789473684210542,0.0,0.37075606276747486,0.5369068541300528,0.8,0.0,0.0,0.0,0.23529411764705876,0.0,0.0,1.0,0.0,0.0,0.8642172523961661,0.2857142857142857,0.0,0.5,0.5223042836041358,0.2850180505415162,0.0,0.14295908658420542,1.0,0.0,0.5,0.0,0.7095435684647302,0.6325224071702945,0.4545454545454546,0.0,0.8939068100358423,0.0,0.7407407407407407,0.03606965174129362,0.0,0.30497131931166344,0.16541353383458646,0.0,0.0,0.0746268656716419,0.0,0.0,1.0,0.0,0.5741496598639456,0.5,0.20707964601769913,0.4285714285714285,0.5059453032104637,0.2505547337278107,0.0,0.0,0.0,0.47850467289719634,0.0,0.0,0.0,0.0,0.16499999999999992,0.10089020771513357,0.5,0.0,0.5,0.5,0.2156739811912226,0.8666666666666667,0.0,0.32765331718709445,0.0,0.3198046994202014,0.0,0.0,0.0,0.0,0.002862595419847125,0.0,0.21052631578947356,0.0,0.5,0.5,0.29268292682926833,0.625,0.0,0.9147465437788018,0.0,0.5,0.0,0.0,0.0,0.0,0.04166666666666674,0.37799527505906183,0.2068965517241378,0.9521090654859007,0.5,0.0,0.35987950397753865,0.33333333333333326,0.0,0.9604962703607856,0.33333333333333326,0.1428571428571428,0.5,0.8571428571428571,0.49586248859142057,0.46745222014657284,0.0,0.0,0.0,0.0,0.0,0.0,0.9366544644278211,0.793031439730848,0.0,0.0,0.0,0.0,0.5555555555555556,0.0,0.2509543901948965,0.0,0.0,0.6322571893651656,0.588749807926433,m2
0.5714285714285714,0.0,0.0,0.0,0.0,0.75,0.0,0.0,0.0,0.0,0.0,0.0,0.0,0.0,0.0,0.0,0.0,0.0,0.0,0.7734947951237676,0.0,0.0,0.0,0.0,0.0,0.039616217889198446,0.0,0.6997643670637518,0.8571428571428572,1.0,0.0,0.0,0.8731914893617021,0.0,0.0,0.0,0.0,0.825154516345223,0.9689502919811993,0.2847280529900176,0.0,0.0,0.2591496426766766,0.0,0.0,0.6887165951831079,0.5177055244801996,0.0,0.33333333333333337,0.634278565471226,0.0,0.0,0.2632297712529873,0.0,0.0,0.0,0.35716604974348987,0.0,0.0,0.1489795918367347,0.6343101343101343,0.0,0.0,1.0,0.0,0.5,0.4361696276332435,0.0,0.0,0.0,0.1428571428571428,0.8180348608377845,0.558974358974359,0.5714285714285714,0.11642411642411654,0.0,0.0,0.0,0.29556650246305427,0.2857142857142857,0.5204123373967111,0.7988857938718663,0.0,0.18181818181818188,0.03026533996683245,0.0,0.0,0.46756318421408316,0.66,0.0,0.33333333333333337,0.6379915730337079,0.11111111111111116,0.2941176470588235,0.0,0.0,0.0,0.7135812692915757,0.5524156791248862,0.889743026575884,0.0,0.0,0.08319467554076543,0.33333333333333337,0.0,0.6942355889724312,0.75,0.0,0.19999999999999996,0.6666666666666667,0.5983130058132908,0.0,0.24342219898937112,0.0,0.5303324808184143,0.8992609879424349,0.6209987195902689,0.0,0.6666666666666667,0.0,0.0,0.625,0.6666666666666667,1.0,0.0,0.023573533351192055,0.558974358974359,0.0,0.0,0.0,0.7251496751730288,0.5723720084822781,0.0,0.19559384996388396,0.0,0.6519089442552428,0.8333333333333334,0.5507759990223633,0.0,0.0,0.0,0.0,0.6432877813504823,0.4444444444444444,0.7777777777777778,1.0,0.0,0.0,0.5625,0.37750294464075396,0.0,0.6666666666666667,0.0,0.0,0.0,0.0,0.7250433172287976,0.0,0.0,0.6554421768707483,1.0,0.9646781789638933,0.0,0.15999999999999992,0.0,0.0,0.5211798624972276,0.0,0.16666666666666663,0.0,0.0,0.7612957342934157,0.4753967753393461,0.0,0.0,0.0,0.0,0.0,0.0,0.0,0.0,0.0,0.0,0.0,0.0,0.0,0.5702551107567906,0.02261727845636674,0.0,0.0,0.6703940593772209,0.0,0.0,0.0,0.0,0.0,0.0,0.0,0.0,0.0,0.0,0.0,0.0,0.0,0.0,0.0,0.0,0.0,0.0,0.0,0.903640690667882,0.0,0.0,0.0,0.0,0.0,0.5803281447202358,0.0,0.6444444444444444,0.0,0.0,0.0,0.0,0.8655913978494624,0.0,0.0,0.0,0.0,0.801500223914017,1.0,0.0,0.0,0.0,0.6984269662921347,0.0,0.0,0.9043010752688172,0.4286033020972779,0.0,1.0,0.709164498409945,0.567270145544906,0.0,0.2659768715763845,0.0,0.0,0.0,0.22537878787878773,0.5601659751037344,0.06493506493506473,0.0,0.9259796806966618,0.0,0.17888365837256237,0.75,1.0,1.0,0.4703008770955923,0.5,0.0,0.0,0.0,0.9868297271872061,1.0,0.6666666666666667,0.0,0.0,0.0,0.0,0.48677884615384603,0.5714285714285714,0.7289135716765012,0.7960344297571473,0.0,0.09999999999999998,0.23864795918367343,0.1428571428571428,1.0,0.5627974509962086,0.5,0.0,1.0,0.6129032258064515,0.0,0.8629604209563029,0.0,0.0,0.5824,0.9275722723033882,0.0,0.9428571428571428,0.0,0.0,0.0,0.0,0.11917836078909905,0.9049405878674172,1.0,0.0,0.0,1.0,0.8343878954607978,0.0,0.6802973977695168,0.33333333333333337,0.8842478842478843,0.7965779467680608,0.8993148298687725,1.0,1.0,0.0,0.0,0.8,1.0,0.9,0.3529411764705882,0.21507607192254508,1.0,0.5,0.0,0.5,0.527137836782507,1.0,0.2857142857142857,0.12645322840279005,0.0,0.6364403205398566,0.8823529411764706,0.6989247311827957,0.3720430107526882,0.8209876543209877,0.807666517657577,0.0819754324392078,0.5258918296892982,0.6363636363636364,0.8571428571428572,1.0,0.0,0.0,0.0,1.0,1.0,0.0,0.0,0.0,0.0,0.0,0.7606167654684113,0.0,0.04450378282153977,0.08057198456341352,1.0,0.9576271186440678,0.0,0.13636363636363646,0.0,0.0,0.0,0.0,0.1724137931034483,0.0,0.0,0.9921528488570454,0.2946727597107891,0.0,0.0,0.0,0.0,0.0,0.0,0.0,0.0,0.0,0.0,0.0,0.0,0.0,0.9286348030706323,0.7154834726976822,0.0,0.0,0.7503864690370101,0.0,0.0,0.0,0.0,0.0,0.0,0.0,0.0,0.0,0.0,0.0,0.0,0.0,0.0,0.0,0.0,0.0,0.0,0.0,0.8905315675556696,0.0,0.0,0.0,0.0,0.262496166819994,0.0,0.0,0.8275089291967225,0.5454545454545454,0.75,0.0,0.0,0.865234375,0.0,0.0,0.0,0.0,0.9536489151873767,1.0,0.2564102564102564,0.1458885941644562,0.0,0.0,0.15384615384615385,0.0,0.7569039284325165,0.21616871704745155,0.0,0.33333333333333337,0.683116025746823,0.0,0.0,0.0,0.0,0.0,0.0,0.6314645806171231,0.0,0.0,0.2857142857142857,1.0,0.0,0.0,0.6134453781512604,0.0,0.0,0.6475343573160874,0.0,0.0,0.0,0.19999999999999996,0.577131906739061,0.0,0.0,0.41176470588235303,0.0,0.0,0.5,0.0,1.0,0.0,0.0,0.0,0.5,0.16755447941888635,0.0,0.0,0.051761322789359965,0.375,0.0,0.0,0.4441707717569786,0.0,0.03886397608370695,0.02164502164502169,0.33333333333333337,0.0,0.20916666666666672,0.23529411764705876,0.5497512437810945,0.625,0.31488494028546476,0.5714285714285714,0.25,0.0,0.4776119402985075,0.0,0.0,0.5,0.0,0.14383561643835607,0.5,0.24825662482566235,0.0,0.0,0.37653181131441993,0.75,0.0,0.0,0.0,0.0,0.33333333333333337,0.0,0.0,0.2570977917981073,0.32965517241379316,0.0,0.0,0.0,0.5,0.3060522696011003,0.3846153846153846,0.0,0.0,0.0,0.0,0.0,0.0,0.0,0.0,0.16840600428877772,0.0,0.9836065573770492,0.0,0.5,0.0,0.0,0.0,0.6714285714285714,0.122889305816135,0.0,1.0,0.0,0.0,0.0,0.0,0.0,0.6210268948655258,0.6666666666666667,0.0,1.0,0.5,0.0,0.33333333333333326,0.0,0.0,0.0,1.0,0.5,0.0,0.0,0.8038917892738491,0.48228235544929876,0.0,0.0,0.0,0.0,0.0,0.0,0.0,0.0,0.0,0.0,0.0,0.0,0.0,0.22853782830262637,0.265027012731875,0.0,0.0,0.5922853842561873,m2
0.5714285714285714,0.0,0.8354007633587786,0.0,0.0,0.6666666666666667,0.0,0.7777389684480149,0.0,0.0,0.0,0.0,0.7758078661539499,0.0,0.0,0.0,0.8888888888888888,0.0,0.7315225064207507,0.0,0.0,0.0,1.0,0.0,0.0,0.0,0.0,0.0,0.2857142857142857,0.0,0.0,0.0,0.0,0.0,0.0,0.0,0.0,0.0,0.0,0.0,0.0,0.1794871794871794,0.05355404089581306,0.0,0.0,0.9450676344440778,0.2707495279533698,0.0,0.0,0.0,0.0,0.0,0.6446776611694154,0.0,0.0,0.0,0.9003555104113763,0.0,0.0,0.0,0.6288723667905824,0.0,0.40353460972017663,0.0,0.4,1.0,0.16952016219869337,0.0,0.39661840093533585,0.0,0.0,0.2343143596377748,0.558974358974359,0.0,0.16666666666666663,0.0,0.0,0.3548387096774194,0.0,0.2857142857142857,0.41796970437332015,0.8358429288455861,0.6428571428571428,0.0,0.07499880193607145,0.3190230391539718,0.0,0.6141169342623447,0.0,0.0,0.33333333333333337,0.0,0.0,0.2941176470588235,0.0,1.0,0.4482758620689655,0.21208940060954973,0.0,0.0,0.125,0.0,0.8529411764705882,0.5,0.06867951982539078,0.6610497237569061,0.75,0.0,0.19999999999999996,0.6666666666666667,0.7717034521788342,1.0,0.2228364873485008,0.4444444444444444,0.18946624248851185,0.5792163543441227,0.6209987195902689,0.875,0.6666666666666667,0.5845961490372593,0.5,0.5,0.6666666666666667,0.29999999999999993,0.0,0.2095588235294117,0.558974358974359,0.25,0.0,0.0,0.019266542652139118,0.0,0.39144736842105254,0.5026781366661256,0.41666666666666663,0.5208162428219854,0.8333333333333334,0.10747374922791864,0.0,0.5497395187298437,0.46380487804878057,0.0,0.0,0.4444444444444444,0.11111111111111116,0.6666666666666667,0.3076923076923077,0.5090180360721444,0.7100515463917526,0.4097152428810721,0.0,0.0,0.0,0.0,0.0,0.0,0.9733105489394687,0.9913666304278315,0.07758130466570978,0.7124507577681208,0.33333333333333326,1.0,0.5791662645951945,1.0,0.0,0.0,0.505358882754141,0.206896551724138,0.07692307692307698,0.0,0.5686274509803921,0.5672879820756067,0.33551795109547,0.0,0.0,0.0,0.0,0.0,0.0,0.0,0.8138783484239396,0.0,0.0,0.0,0.0,0.0,0.8346760769691725,0.0,0.6666666666666667,0.5002546302500737,0.4710958404281196,0.0,0.0,0.6666666666666667,0.0,0.0,0.0,0.0,0.5212121212121212,0.0,0.0,0.0,0.0,0.8214611872146118,0.0,0.0,0.0,0.7142857142857143,0.0,0.8815840061514801,0.0,0.0,0.0,0.0,0.0,0.4098360655737705,0.0,0.0,0.0,0.0,0.0,0.0,0.0,0.0,0.0,0.0,0.0,0.0,0.21153846153846156,0.0,0.19435736677115978,0.0,0.3589325426241661,0.044395924308588186,0.0,0.0,0.9660782277604708,0.3383202099737532,0.0,1.0,0.0,0.6185663484933557,0.0,0.0,0.0,0.0,0.0,0.9964285714285714,0.0,0.0862068965517242,0.0,0.917140536149472,0.0,0.24232851985559567,0.5,1.0,0.0,0.0,0.5,1.0,0.0388768898488121,0.0,0.0,1.0,0.6666666666666667,0.9053627760252366,0.0,0.0,0.125,0.0,0.5714285714285714,0.7020968908170644,0.7793181818181818,0.625,0.0,0.0,0.5238095238095237,1.0,0.822875166002656,0.0,0.0,1.0,0.7096774193548387,1.0,0.9057005367388488,0.6904761904761905,0.8125,0.7457489878542509,0.4248753857108948,0.0,0.0,0.46475770925110127,0.0,0.6363636363636365,1.0,0.5564368517388651,1.0,1.0,0.0,0.5,1.0,0.8710493046776232,0.0,0.6622691292875988,0.6666666666666667,0.8842478842478843,0.0,0.8980500211954218,1.0,1.0,0.5880115900036219,1.0,0.8,1.0,0.44999999999999996,0.3529411764705882,0.6666666666666666,1.0,0.0,0.0,0.5,0.3575788402848422,0.6666666666666667,0.7857142857142857,0.830735343951203,0.5555555555555556,0.38547904191616755,0.8823529411764706,0.0,0.29279466888796346,0.2727272727272727,0.6361285053090118,0.09572864321608054,0.24084621643612703,0.6363636363636364,0.0,1.0,0.65,0.75,1.0,1.0,1.0,0.8095238095238095,0.0,0.0,0.0,0.0,0.8985871271585557,1.0,0.7581071342781648,0.8987228053363678,0.5,1.0,0.7235526292500751,0.8181818181818182,0.0,0.0,0.0,0.375,0.10526315789473684,0.0,0.0,0.8237281496352151,0.5684484803095551,0.0,0.0,0.0,0.0,0.0,0.0,0.0,0.8148148148148148,0.0,0.0,0.0,0.0,0.0,0.9685295484307016,0.8003208886146251,1.0,0.46761446611115864,0.21621787025703798,0.0,0.0,0.7583892617449665,0.0,0.0,0.0,0.0,0.3002064817308555,0.0,0.0,0.0,0.0,0.7815847988680009,0.0,0.0,0.0,0.6923076923076923,0.0,0.8911666907618909,0.0,0.0,0.27142857142857135,0.33333333333333326,0.0,0.0,0.3561741882016124,0.0,0.0,0.0,0.0,0.0,0.0,0.0,0.0,0.0,0.0,0.0,0.5753246753246752,0.19999999999999996,0.8942307692307693,0.0,0.03127572016460922,0.22178529296106964,0.15384615384615385,0.0,0.957983193277311,0.0,0.0,0.0,0.0,0.0,0.0,0.4390182819934886,0.0,0.0,0.0,0.4003421727972627,0.0,0.3088942307692307,0.2857142857142857,1.0,0.0,0.3403543965229019,0.0,0.4,0.0,0.134344528710726,0.0,0.5263763667753691,0.0,0.0,0.1121047588629831,0.0,0.0,0.8823529411764706,0.0,0.0,1.0,0.0,0.0,0.0,0.0,0.0,0.0,0.3962085308056873,0.4811381074168798,0.0,0.05958549222797904,0.4,0.0,0.0,0.38551258440761205,0.23029045643153523,0.03886397608370695,0.7654320987654321,1.0,0.29639175257731953,0.0,0.23529411764705876,0.0,0.0,0.31488494028546476,0.7142857142857142,0.0,0.6046511627906976,0.0,0.0,0.0,1.0,0.0,0.5411089866156789,0.5,0.16139585605234463,0.4285714285714285,0.02842809364548493,0.0,0.24,0.0,0.0,0.6931106471816284,0.0,0.0,0.0,0.0,0.2570977917981073,0.13379310344827577,0.0,0.6666666666666666,0.0,0.5,0.0,0.0,0.5434606011372869,0.37792125125034093,0.0,0.0,0.0,0.3829787234042553,0.0,0.7149921915668922,0.0,0.301746956061408,0.0,0.0,0.5,0.0,0.29268292682926833,0.4375,0.6931818181818181,0.23024523160762944,0.0,0.33333333333333326,0.0,0.0,0.0,0.0,0.8437389770723104,0.6043283833952076,0.22413793103448265,0.3926564083663503,0.0,0.0,0.35987950397753865,0.33333333333333326,0.0,0.0,0.0,0.0,0.0,0.0,0.0,0.7045168256253374,0.22701937134502914,0.0,0.0,0.0,0.0,0.0,0.0,0.0,0.7358490566037736,0.0,0.0,0.0,0.0,0.0,0.7856917743460449,0.03474322633770932,0.0,0.34549663013139087,0.6798673476797947,m2
0.0,0.0,0.0,0.0,0.0,0.0,0.0,0.0,0.8397198187062216,0.7211853798973589,0.0,0.0,0.7104824396278169,0.0,0.0,0.7380095923261392,0.0,0.0,0.0,0.6779645476772617,0.0,0.0,0.0,0.0,0.0,0.0,0.0,0.0,0.0,0.0,0.0,0.0,0.5803671294164089,0.0,0.0,0.0,0.0,0.21048432513609894,0.0,0.0,0.0,0.1794871794871794,0.26416733010060056,0.38636363636363635,0.9215686274509803,0.4643035446829755,0.1430921052631582,0.0,0.33333333333333337,0.26762928139691067,0.7972226315013997,0.0,0.0,0.7367376062542657,0.0,0.45354034344860017,0.42636273538156577,0.5162640620912182,0.39152981849611057,0.9140154772141015,0.0,0.23224932249322494,0.40353460972017663,0.5714285714285714,0.0,0.5,0.641933887024916,0.44444444444444453,0.6965130348696513,0.25918724479875566,0.0,0.7539417547764794,0.558974358974359,0.0,0.713375796178344,0.0,0.7966573816155988,0.3548387096774194,0.0,0.5714285714285714,0.0,0.9354037267080745,0.6428571428571428,0.0,0.020419685706219992,0.8724713119602507,0.0,0.0,0.0,1.0,0.33333333333333337,0.7388888888888889,0.33333333333333337,0.17391304347826086,0.584055459272097,1.0,0.0,0.5918166260436654,0.32612903225806444,0.0,0.0,0.4620661824051655,0.8693710457759584,0.5,0.5926518734085122,0.0,0.75,0.0,0.19999999999999996,0.6666666666666667,0.0,0.7777777777777778,0.08067607597142379,0.7777777777777778,0.0,0.9019739043158247,0.19291506615450282,0.0,0.6666666666666667,0.0,0.0,0.0,0.0,0.0,0.0,0.7372086793463702,0.558974358974359,0.75,0.8571428571428571,0.0,0.3165411412323921,0.6858013406459476,0.39144736842105254,0.7427073601162668,0.7222222222222222,0.9943803608399882,0.0,0.5598613346539558,0.5304015552725079,0.7769465809714466,0.9971174910642223,0.6615440907427734,0.0,0.36363636363636365,0.0,0.0,0.0,0.0,0.0,0.0,0.0,0.0,0.0,0.0,0.0,0.0,0.0,0.5955924024806905,0.2644359619913911,0.49209222353615456,1.0,0.0,0.0,0.76,0.0,0.8957244011261914,0.0,0.0,0.07692307692307698,0.0,0.3442735042735041,0.0,0.43298369278265225,0.0,0.0,0.0,0.0,0.0,0.0,0.740044629912127,0.0,0.0,0.0,0.0,0.0,0.0,0.5666933707190065,0.022247741053618486,0.6666666666666667,0.0,0.0,0.0,0.0,0.0,0.0,0.0,0.0,0.0,0.0,0.5,0.9432301598943817,0.0,0.0,0.8089275473140891,0.0,0.0,0.816337474305121,0.0,0.0,0.0,0.8760721679976338,0.0,0.0,0.0,0.0,0.4098360655737705,0.4214318349558922,0.0,0.0,1.0,0.33333333333333326,0.0,0.0,0.8655913978494624,0.0,0.0,0.0,0.0,0.19450778229404198,0.0,0.14367816091954033,0.0,0.24974093264248698,0.6824953445065176,0.14579552329098644,1.0,0.7314516129032258,0.45374449339207046,0.23076923076923073,0.0,0.2744170327813452,0.9341783928363763,0.0,0.3735294117647058,0.5778258184064237,0.0,0.7606837606837606,0.31263048016701445,0.7395871061209707,0.6233766233766234,1.0,0.00938477580813335,0.6696428571428572,0.0,0.75,1.0,1.0,0.827023426224048,0.75,0.0,0.5994180407371484,0.0,0.9951923076923077,1.0,0.0,0.929481733220051,0.0,0.6264185201997277,0.125,0.0,0.8571428571428571,0.2835272504592775,0.9405646359583952,0.625,0.33333333333333326,0.21881875105770865,0.8095238095238095,1.0,0.0,0.0,1.0,1.0,0.19354838709677402,1.0,0.32515831276161855,0.5636653024101865,0.6875,0.5969811320754717,0.9190891472868217,0.08299866131191436,0.0,0.0,0.5651644336175395,0.8181818181818182,1.0,0.980272523896685,0.0,1.0,0.0,0.0,1.0,0.4637369391518129,1.0,0.2869888475836433,1.0,0.0,0.9287341360234298,0.6462167689161554,1.0,1.0,0.0,0.0,0.0,0.0,0.44999999999999996,0.3529411764705882,0.9362549800796813,1.0,0.0,1.0,1.0,0.6589147286821705,1.0,0.7857142857142857,0.830735343951203,0.7777777777777778,1.0,0.0,0.7962170682278766,0.0,1.0,0.9818678104893741,0.9439725579875857,0.0,0.6363636363636364,0.0,0.0,0.44999999999999996,0.0,1.0,0.0,1.0,0.0,0.0,0.0,0.0,0.0,0.0,0.805408583186361,1.0,0.6301050351758033,1.0,0.0,0.0,0.8181818181818182,0.0,0.9171230251671422,0.8770894788593904,0.0,0.10526315789473684,0.0,0.0,0.0,0.5698623310284681,0.0,0.0,0.0,0.0,0.0,0.0,0.8936478078425698,0.0,0.0,0.0,0.0,0.0,0.0,0.9247932748021134,0.5190820120517972,1.0,0.0,0.3295774647887324,0.0,0.0,0.0,0.0,0.0,0.0,0.0,0.0,0.8547770700636943,0.7091041869522882,0.0,0.0,0.5503571658407878,0.0,0.0,0.6343799293923233,0.0,0.0,0.0,0.7946988239508088,0.0,0.0,0.0,0.0,0.0,0.0,0.0,0.0,0.5454545454545454,0.0,0.0,0.0,0.5023326753992463,0.0,0.0,0.0,0.0,0.6086021505376344,0.19999999999999996,0.0,0.0,0.0,0.0,0.3076923076923076,0.8181818181818181,0.33193277310924374,0.0,0.0,0.6666666666666667,0.37549473684210544,0.7748674098928455,0.0,0.0,0.9521502119927316,0.25,0.26363636363636367,0.7854104636324968,0.2927525883612996,0.0,0.8380952380952381,0.0,0.33095392602206364,0.43801652892561993,0.6434108527131783,0.0,0.0,0.1578947368421052,0.4285714285714285,0.44385185185185183,0.3347832608369582,0.0,0.577131906739061,0.0,0.33333333333333337,0.41176470588235303,0.0,0.6666666666666666,1.0,0.0,0.0,0.21858611285924068,1.0,0.0,0.5,0.18411214953271038,0.5851985559566786,0.0,0.5625717566016073,0.0,0.7993984962406016,0.0,0.0,0.0,0.0,0.21504237288135586,0.0,0.0,0.20916666666666672,1.0,0.3276157804459692,0.625,0.2450175849941384,0.0,0.0,0.8688524590163935,0.0,0.0,0.0,0.44444444444444453,0.0,0.0,0.0,0.0,0.7142857142857142,0.06408345752608058,0.36977441236788144,0.5499999999999999,0.0,0.0,0.0,0.0,0.0,0.0,1.0,0.0,0.6462395543175488,0.0,0.6666666666666666,0.0,0.0,0.0,0.8666666666666667,0.45806962025316456,0.36293045239702904,0.5555555555555556,0.9368421052631579,0.0,0.0,0.7281135728113572,0.8114285714285714,0.7383228133453562,0.0,0.0,0.0,0.0,0.5,0.0,0.0,0.0,0.0,0.0,0.0,0.0,0.0,0.0,0.0,0.0450387051372273,0.5631419597634477,0.2068965517241378,0.8654685681024447,0.33333333333333337,0.0,0.0,0.33333333333333326,0.0,0.8549844984935155,0.7387816154473756,0.0,0.0,0.0,0.0,0.0,0.22707822564680447,0.0,0.0,0.0,0.0,0.0,0.0,0.8807464724624489,0.0,0.0,0.0,0.0,0.5,0.0,0.23307961324830306,0.3518898013898094,0.0,0.0,0.0,m2
0.0,0.0,0.0,0.0,0.0,0.0,0.0,0.8503937007874016,0.8549923195084486,0.7500527574563872,0.0,0.6337311785997821,0.0,0.0,0.0,0.0,0.8888888888888888,0.5172998078639617,0.45484091560843243,0.0,0.0,0.0,0.0,0.7304464933181394,0.03986054318171495,0.006320525639194274,0.0,0.0,0.0,0.0,0.0,0.0,0.0,0.0,0.0,0.0,0.45081640780565513,0.9070383527003432,1.0,0.9197686351338744,0.0,0.0,0.3641088572872303,0.6314507535393515,0.0,0.6859710434348478,0.21376614145243455,1.0,0.0,0.634278565471226,0.17726667652714123,0.0,0.0,0.0,0.0,0.0,0.7258742719841207,0.0,0.0,0.0,0.21490467937608315,0.0,0.0,0.6666666666666667,0.8,0.5,0.23715927010587956,0.5555555555555556,0.6794265232974911,0.26380755022975033,0.1428571428571428,0.4371844589156363,0.558974358974359,0.5714285714285714,0.7227997227997228,0.0,0.0,0.19354838709677413,0.0,0.2857142857142857,0.5274889760912658,0.8706185567010309,0.6428571428571428,1.0,0.3311018878029188,0.9173457508731082,0.0,0.9646128226477935,0.10000000000000009,0.0,0.0,0.06882022471910121,1.0,0.6521739130434783,0.0,0.052631578947368474,0.0,0.6542344735968116,0.0,0.0,0.125,0.49203283437952683,0.0,0.6000000000000001,0.08598993288590606,0.5844499962147021,0.75,0.0,0.19999999999999996,0.0,0.0,0.7777777777777778,0.014105058365758372,0.0,0.5059288537549407,0.5881565741050518,0.6190476190476191,0.0,0.6666666666666667,0.0,0.0,0.875,0.0,1.0,0.5,0.0,0.558974358974359,0.75,0.9285714285714286,0.0,0.6322458133481754,0.47634069400630896,0.5678818353236957,0.0,0.7222222222222222,0.6510465011827409,0.0,0.03603047148445537,0.9407961962755198,0.3528837257119358,0.9084054585036904,0.6901916690636196,0.0,0.4444444444444444,0.11111111111111116,1.0,0.1923076923076923,0.0,0.0,0.0,0.0,0.0,0.0,0.817841445547778,0.9803921568627451,0.0,0.9495107077010353,0.904235964643944,0.18502202643171806,0.0,1.0,0.0,0.0,0.76,0.0,0.9968638497652582,0.5317100166021029,0.0,0.16666666666666663,0.0,0.9772371690646379,0.0,0.0,0.0,0.0,0.0,0.0,1.0,0.0,0.5071243964245641,0.0,0.0,0.0,0.0,0.7483870967741936,0.0,0.0,0.13270820493752944,0.0,0.5442625880911041,0.6695711198537153,0.0,0.0,0.0,0.0,0.0,0.0,0.0,0.7666666666666666,0.5,0.9432301598943817,0.0,0.7161290322580645,0.0,0.0,0.0,0.0,0.9322033898305084,0.7401790208565864,0.8632889895273139,0.0,0.0,0.0,0.0,0.7919441801458929,0.0,0.45414702720582156,0.0,0.0,0.5,0.33333333333333326,0.0,0.0,0.0,0.0,0.0,0.0,0.5087719298245614,0.8187766432041241,0.763290648040357,0.8628318584070797,0.0,0.0,0.0,0.7020330368487928,0.0,0.8979650329607337,0.0,1.0,1.0,0.6980891719745224,0.0,0.0,0.0,0.0,0.0,0.0,0.8707983193277311,0.0,0.0,0.2571428571428571,0.5769230769230769,0.0,0.0,0.75,1.0,1.0,0.4703008770955923,0.75,0.0,0.0,0.0,0.6545209176788125,1.0,0.11111111111111105,0.901458241272647,0.0,0.0,0.41509433962264153,0.0,0.5714285714285714,0.7312934896578019,0.9397944199706314,0.75,0.0,0.8052319191030995,0.8095238095238095,1.0,0.9776789260465486,0.5,0.0,0.0,0.19354838709677402,1.0,0.6882736701237873,0.07142857142857151,0.0625,0.5593803786574872,0.9260284810126582,0.0,0.0,0.0,0.5651644336175395,0.0,0.75,0.11917836078909905,0.36996336996337,1.0,0.0,0.5,0.0,0.22111010009099175,1.0,0.21682464454976313,0.33333333333333337,0.0,0.7969410999023755,0.891326943065019,1.0,1.0,0.0,0.0,1.0,0.0,0.9,0.8823529411764706,0.39842632331902716,1.0,1.0,1.0,1.0,0.8867074564647348,1.0,0.0,0.0,0.7777777777777778,0.5992920353982301,0.0,0.7937184955409073,1.0,0.7613086296110833,0.9835567028537077,0.9509723040659989,0.0,0.6363636363636364,0.0,1.0,0.0,0.25,0.52,0.0,1.0,0.0,0.0,0.7520414260107549,0.9888888888888889,0.0,0.9526282669130708,0.9590316573556797,0.6101985780828634,0.0,1.0,0.0,0.0,0.8181818181818182,0.0,0.992320819112628,0.0,0.0,0.1724137931034483,0.0,0.9732244707319483,0.0,0.0,0.0,0.0,0.0,0.0,1.0,0.0,0.5827424878213476,0.0,0.0,0.0,0.0,0.5,0.0,0.0,0.21206573189247124,0.0,0.4678430362356175,0.908839141472421,0.0,0.0,0.0,0.0,0.0,0.0,0.0,0.7152255639097744,0.824186046511628,0.6497765468622143,0.0,0.85,0.0,0.0,0.0,0.0,0.6923076923076923,0.16800793738286834,0.38784052931843505,0.0,0.0,0.0,0.0,0.792257016514755,0.25374732334047123,0.6694828469022017,0.0,0.0,0.5454545454545454,0.0,0.0,0.0,0.0,0.0,0.0,0.0,1.0,0.3589743589743589,0.8968609865470852,0.8021978021978022,0.0,0.0,0.5292961069602831,0.0,0.0,0.7569039284325165,0.39188102893890686,0.5555555555555556,0.0,0.6301071191582139,0.46790778222751384,0.0,0.43483202828997225,0.0,0.0,0.0,0.4078138718173837,0.0,0.0,0.0,0.0,0.0,0.0,1.0,0.8,0.0,0.6923076923076923,0.5714285714285714,0.3717948717948719,0.3241447554424651,0.19999999999999996,0.6892366656020441,0.0,0.0,0.41176470588235303,0.0,0.0,0.0,0.0,0.0,0.0,0.8571428571428571,0.0,0.0,0.0,0.6704918032786885,0.0,0.7509104151493081,0.375,0.0,0.5,0.0,0.20000000000000018,0.17389138016940708,0.0,0.0,0.1366366366366366,0.2046757829730923,0.23529411764705876,0.0,0.0,0.069932756964457,0.5714285714285714,0.25,0.0,0.816711590296496,0.0,0.0,0.0,0.0,0.05572380375529984,0.0,0.19999999999999996,0.0,0.0,0.1025806451612904,0.24,0.0,0.0,0.0,0.0,0.6666666666666667,0.0,0.0,0.0675,0.10089020771513357,0.0,0.6666666666666666,0.5,0.0,0.28063026351534925,0.26923076923076916,0.6623047699451245,0.5864951768488746,0.5555555555555556,0.8907441764584622,0.0,0.0,0.9780600461893765,0.0,0.793887007663518,0.2526603001364256,0.0,0.0,0.5,0.5,0.41463414634146345,0.26315789473684204,0.0,0.047235023041474644,0.0,1.0,0.0,0.4285714285714285,0.9166666666666666,0.0,0.8476425052779732,0.514005117919635,0.2068965517241378,0.0,0.5,0.0,0.0,0.33333333333333326,0.0,0.9575891882450548,0.0,0.0,0.5,0.0,0.9605937740843749,0.10404477232256415,0.0,0.0,0.0,0.0,0.0,0.9964996315401621,0.0,0.7059874249785654,0.0,0.0,0.0,0.0,0.5555555555555556,0.0,0.2478731631863883,0.5000384644972691,0.0,0.7580435489112772,0.6086377473363774,m2
0.0,0.0,0.0,0.0,0.0,0.0,0.0,0.0,0.0,0.0,0.0,0.0,0.0,0.0,1.0,0.0,0.0,0.0,0.0,0.0,0.8778062532034854,0.0,0.0,0.7498274331919929,0.0,0.0,0.0,0.0,0.0,0.0,0.0,0.884327120779996,0.0,0.0,0.0,0.0,0.0,0.1552432533383138,0.0,0.0,0.4187863199009241,0.5769230769230769,0.2591496426766766,0.0,0.8714285714285714,0.0,0.4079795645298625,0.0,0.0,0.28205128205128194,0.7565313188542651,0.0,0.0,0.4970192552920174,0.0,0.0,0.3573955662306467,0.0,0.15233362143474505,0.0,0.3689680772086117,0.5821138211382115,0.5653016719166466,1.0,0.4,0.0,0.0,0.33333333333333337,0.6794265232974911,0.0,0.5714285714285714,0.8196321582834053,0.558974358974359,0.5714285714285714,0.7192982456140351,0.0,0.0,0.0,0.29556650246305427,0.5714285714285714,0.4161736903092029,0.9498094027954257,0.6428571428571428,0.0,0.0,0.0,0.0,0.44641945040351416,0.5714285714285714,0.0,0.6666666666666667,0.40161725067385456,0.11111111111111116,1.0,0.0,0.5,0.9710843373493976,0.3463931307522238,0.9168975069252078,0.0,0.125,0.22639822241491436,0.5640599001663895,0.0,0.0,0.0,0.75,0.0,0.0,0.0,0.5400025358184354,0.7777777777777778,0.3443804034582132,0.4444444444444444,0.0,0.0,0.6190476190476191,0.0,0.6666666666666667,0.6291731735111636,0.0,0.875,0.0,0.75,0.5454545454545454,0.36543029417138695,0.558974358974359,0.0,0.9285714285714286,0.0,0.3191924641981968,0.6850842266462481,0.39144736842105254,0.0,0.0,0.6228720011774518,0.0,0.4309768478395444,0.4483849731359765,0.7769465809714466,0.36659108087679515,0.0,0.0,0.4444444444444444,0.11111111111111116,1.0,0.3076923076923077,1.0,0.22079037800687284,0.0,0.0,0.0,0.0,0.0,0.0,0.0,0.9654065849432001,0.0,0.20259048414895287,0.94721706864564,0.33333333333333326,0.9960182025028441,0.0,1.0,0.0,0.0,0.5211798624972276,0.0,0.0,0.7,0.02941176470588247,0.20569148292958195,0.4753967753393461,0.0,0.0,0.0,0.0,0.0,0.0,0.0,0.0,0.0,0.0,0.0,0.0,0.0,0.4944461122785949,0.0,0.6666666666666667,0.817391304347826,0.0,0.0,0.0,0.0,0.0,0.0,0.0,0.0,0.0,0.0,0.0,0.0,0.0,0.0,0.0,1.0,0.0,0.0,0.0,0.0,0.0,0.8861120429386112,0.0,0.0,0.7940379403794038,0.0,0.0,0.0,0.0,0.25,0.0,0.0,0.6223535204332841,0.0,0.0,0.0,0.0,0.0,0.12613458528951482,0.0,0.19435736677115978,0.46153846153846145,0.6560415122312824,0.6824953445065176,0.0,0.3999999999999999,0.0,0.4286033020972779,0.0,1.0,0.07314252674183286,0.9324561403508772,0.0,0.2659768715763845,0.5716649594200615,0.0,0.0,0.22537878787878773,0.0,0.0,0.0,0.7129485179407177,1.0,0.7879061371841155,1.0,0.5,0.0,0.02021305654192851,0.2500000000000001,0.9047619047619048,0.5149253731343284,1.0,0.9819734345351043,1.0,0.0,0.8986269354367513,0.0,0.0,1.0,0.5672043010752688,0.8571428571428571,0.718369259606373,0.790827517447657,0.625,0.0,0.0,0.1428571428571428,1.0,0.827735368956743,0.5,0.0,1.0,0.19354838709677402,0.0,0.9077617837990404,0.5377444292860392,0.0,0.9476510067114094,0.18893899833847594,0.9606060606060606,0.1542056074766356,0.46475770925110127,0.4033358605003792,0.6363636363636365,0.75,0.5564368517388651,0.0,1.0,0.0,0.0,0.0,0.8435771358328211,1.0,0.6802973977695168,0.6666666666666667,0.0,0.2456207159177457,0.8820418954647142,1.0,1.0,0.586686174103877,0.0,1.0,0.0,0.44999999999999996,0.8235294117647058,0.0,1.0,0.5,1.0,1.0,0.64251968503937,1.0,0.7857142857142857,0.8412371134020619,0.0,0.8332558139534884,0.0,0.5040530582166545,0.0,1.0,0.5627099466072628,0.1670611278870482,0.0,0.6363636363636364,0.0,1.0,0.65,0.875,0.3564356435643564,0.0,1.0,0.0,0.0,0.0,0.0,0.0,0.9029495950638682,0.0,0.0,0.6740565145292867,0.5,0.9576271186440678,0.0,0.9545454545454546,0.0,0.0,0.0,0.0,0.0,1.0,0.5772629817497255,0.0,0.3718973231807833,0.0,0.0,0.0,0.0,0.0,0.0,0.0,0.0,0.0,0.0,0.0,0.0,0.0,0.7898494313327131,0.8386487974207174,1.0,0.4841934240237924,0.0,1.0,0.0,0.0,0.0,0.0,0.0,0.0,0.0,0.0,0.0,0.0,0.0,0.0,0.0,0.6666666666666667,0.0,0.0,0.0,0.0,0.0,0.7919161676646707,0.0,0.0,0.6552164762477449,0.262496166819994,0.3882552778451832,0.0,0.0,0.0,0.0,0.0,0.9200885668276972,0.0,0.0,0.0,0.0,0.0,0.0,0.19999999999999996,0.0,0.0,0.4444893015744853,0.0,0.15384615384615385,0.6363636363636364,0.0,0.1746641074856048,0.0,0.0,0.421934312592837,0.7637635092180548,0.0,0.0,0.0,0.25,0.0,0.6230492196878752,0.0,0.43028846153846145,0.2857142857142857,0.1428571428571428,0.6226851851851851,0.17901029558286297,0.49693251533742333,0.6,0.0,0.08591331269349867,0.5714285714285714,0.4602212602212602,0.0,0.3999999999999999,0.577131906739061,0.0,0.0,0.41176470588235303,0.0,0.0,0.2857142857142857,0.0,0.0,0.0,0.0,0.0,0.0,0.38568019093078754,0.0,0.0,0.1938405797101448,0.375,0.0,0.5,0.0,0.0,0.6731439960139511,0.7584745762711864,0.33333333333333337,0.0,0.4654166666666667,0.0,0.0,0.0,0.0,0.12337662337662325,0.25,0.34426229508196726,0.0,0.0,0.0,0.0,0.0,0.1742059672762274,0.0,0.1628318584070797,0.4285714285714285,0.31845238095238104,0.30919765166340496,0.75,0.0,0.0,0.671866594943518,0.0,0.6666666666666667,0.0,0.0,0.16561514195583604,1.0,0.0,0.0,0.5,0.0,0.0,0.26923076923076916,0.5414225941422595,0.0,0.44444444444444453,0.0,0.0,0.3829787234042553,0.7290703922622246,0.49586776859504145,0.0,0.026125401929260272,0.17333333333333356,0.0,0.5,0.5,0.29268292682926833,0.9375,0.3784090909090909,0.047235023041474644,0.0,0.0,0.0,0.0,0.0,0.0,0.7019774011299436,0.848186968838527,0.0,0.8684555303602922,0.0,0.5,0.0,0.0,0.0,0.0,0.0,0.0,0.0,0.5714285714285714,0.5103328023421019,0.6992833876221498,0.48589341692789956,0.0,0.0,0.0,0.0,0.0,0.0,0.0,0.0,0.0,0.0,0.0,0.5,0.0,0.0,0.029656807767487914,0.0,0.3165799548444094,0.0,m2
0.0,0.0,0.0,0.8409074745750658,0.0,0.0,0.0,0.0,0.0,0.0,0.0,0.0,0.0,0.0,0.0,0.0,0.0,0.0,0.0,0.0,0.0,0.4813404417364813,0.33333333333333326,0.0,0.0,0.2028341967491708,0.0,0.7202272667352159,0.0,0.0,0.0,0.0,0.0,0.0,0.7777777777777778,0.0,0.6976744186046512,0.1510137497086924,0.0,0.7023433385992628,0.5891317807305805,0.1794871794871794,0.2591496426766766,0.0,0.3571428571428572,0.8519008264462811,0.40423201107011053,0.0,0.0,0.28531199051430267,0.0,0.0,0.5217391304347827,0.8367820301532076,0.7724829810103906,0.44758191971341277,0.727216367017979,0.47687318655060595,0.882960413080895,0.1489795918367347,0.5049566294919455,0.12146118721461197,0.8662466682820451,0.1428571428571429,0.0,0.0,0.16952016219869337,0.44444444444444453,0.0,0.24389351385966518,0.5714285714285714,0.43737647317180295,0.558974358974359,1.0,0.7247075017205782,0.0,0.0,0.0,0.0,0.5714285714285714,0.0,0.9639751552795031,0.0,1.0,0.8780671951679879,0.3448899608079591,0.0,0.0,0.75,0.0,0.33333333333333337,0.0,0.33333333333333337,0.6521739130434783,0.9106145251396648,0.0,0.0,0.0,0.36797326040717104,0.15411806291975982,0.0,0.282220989220038,0.0,1.0,0.0,0.6798986486486486,0.75,0.0,0.19999999999999996,0.0,0.007138694638694654,0.0,0.35847526358475246,0.4444444444444444,0.5989863152559554,0.8839645447219984,0.6190476190476191,0.875,0.6666666666666667,0.33888629404743364,0.0,0.875,0.0,0.75,0.5454545454545454,0.09976247030878882,0.558974358974359,0.25,0.0,0.0,0.0,0.5781502310819089,0.0,0.0,0.0,0.8918866833686645,0.8333333333333334,0.10146998775010208,0.5449711175526036,0.38820988304709725,0.733079672546985,0.0,0.0,0.36363636363636365,0.0,0.0,1.0,0.0,0.6047098402018503,0.22248427672955973,0.0,0.0,0.0,0.0,0.0,0.0,0.4421004356798901,0.9926924326079896,0.28901405399550495,0.8772958223560406,0.0,0.0,0.33834701913880194,0.0,0.0,0.0,0.0,0.206896551724138,0.0,0.8,0.7479057264316079,0.07402672864613591,0.37607829160787276,0.0,0.0,0.0,0.0,0.0,0.0,0.0,0.812436481349042,0.0,0.0,0.0,0.0,0.0,0.3510794823289193,0.132056345642674,0.6666666666666667,0.9341118712860459,0.5803988261971456,0.0,0.0,0.0,0.7916666666666666,0.0,0.0,0.0,0.0,0.0,0.0,0.0,0.0,0.0,0.0,0.0,0.0,0.0,0.0,0.0,0.0,0.0,0.7142857142857143,0.0,0.0,0.4098360655737705,0.5727964966175365,0.0,0.6444444444444444,0.0,0.0,0.0,0.0,0.0,0.0,0.84,0.0,0.5087719298245614,0.19450778229404198,0.0,0.957680250783699,0.6882196634189548,0.3589325426241661,0.6073464217859404,0.0,0.0,0.4798943351922511,0.4082904361961528,1.0,1.0,0.1896032144650931,0.5755935628202352,1.0,0.8029411764705883,0.9258313998453209,0.7210648148148149,0.5392028033289531,0.8713052576510594,0.7395871061209707,0.6233766233766234,0.0,0.0,0.1725888324873096,0.956960322797579,1.0,1.0,0.0,0.0,0.75,0.0,0.17753623188405776,1.0,0.0,1.0,0.1428571428571429,0.9011086474501109,0.0,0.0,0.0,0.0,0.8571428571428571,0.27134076940587315,1.0,0.0,1.0,1.0,0.4347826086956522,1.0,0.0,0.0,0.0,1.0,0.0,1.0,0.6177276642392922,0.3571428571428571,0.0,0.5740432612312811,0.4248753857108948,0.2799352750809063,0.0,0.0,0.46912650602409633,0.0,0.75,0.12316890881913312,0.8972691807542262,1.0,0.0,0.5,0.0,0.4408344733242133,1.0,0.24579439252336455,0.6666666666666667,0.6213486213486215,0.6631205673758865,0.8991074274784826,1.0,1.0,1.0,0.0,1.0,0.0,0.9,0.8235294117647058,0.31945743685687555,1.0,0.0,0.0,1.0,0.0,1.0,0.2857142857142857,0.15147407658420875,0.0,1.0,0.8823529411764706,0.5570817383472191,0.8965424095083738,0.8116926355040618,0.6727576010311624,0.1670611278870482,0.0,0.6363636363636364,0.0,0.0,0.44999999999999996,0.0,0.0,1.0,1.0,0.0,0.0,0.0,0.0,0.0,0.28298908162783,1.0,0.6756883972699459,0.6203484022656833,0.0,0.0,0.4402682781061158,0.9545454545454546,0.0,0.0,0.9139710942876806,0.375,0.0,0.6666666666666666,0.0,0.0,0.2675802622939778,0.0,0.0,0.0,0.0,0.0,0.0,0.0,0.8148148148148148,0.0,0.0,0.0,0.0,0.0,0.7821854279253383,0.9031887707862671,1.0,0.9420832006791893,0.4245105421686748,1.0,0.0,0.0,0.5789611067606371,0.0,0.0,0.0,0.0,0.0,0.0,0.0,0.0,0.0,0.0,0.0,0.0,0.0,0.0,0.0,0.0,0.0,0.0,0.0,0.0,0.0,0.0,0.0,0.8286011801457828,0.5454545454545454,0.0,0.0,0.0,0.0,0.0,0.9,0.0,0.5,0.0,0.4625,0.35067171891147075,0.4902458056964495,0.34023464458247066,0.0,0.15384615384615385,1.0,0.8700894593543368,0.0,0.75,0.0,0.421934312592837,0.0,0.0,0.4737704918032788,0.5890077821011674,0.6923076923076923,0.4151888974556669,0.3331924783435454,0.2132493840678894,1.0,0.2857142857142857,0.8571428571428572,0.2944915254237287,0.7329790767186981,0.4444444444444444,0.0,0.0,0.134344528710726,0.4285714285714285,0.0,0.34324876057159515,0.3999999999999999,0.6892366656020441,0.0,0.33333333333333337,0.0,0.0,0.0,0.5,0.0,0.0,0.23664274322169065,0.5,0.0,0.5,0.6900726392251817,0.3996265172735761,0.0,0.5625717566016073,0.8,0.0,0.0,0.08087027914614131,0.15789473684210542,0.17389138016940708,0.0,0.33333333333333337,0.0,0.0,1.0,0.8333333333333333,0.0,0.0,0.1986062717770034,0.25,0.8333333333333334,0.029668411867364797,0.0,0.0,0.33333333333333337,0.0,0.0,0.0,0.8826086956521739,0.4285714285714285,0.23996655518394638,0.37653181131441993,0.24,0.0,0.0,0.27849661121380176,0.0,0.6666666666666667,0.0,0.0,0.16561514195583604,0.32965517241379316,0.0,0.6666666666666666,0.0,0.0,0.12201667784913262,0.26923076923076916,0.0,0.0,0.0,0.4412650602409639,0.0,0.3829787234042553,0.38786489987047934,0.0,0.16840600428877772,0.0,0.17333333333333356,0.0,0.0,0.5,1.0,0.0,0.7715909090909091,0.0,0.0,0.0,0.0,0.0,0.0,0.0,0.44272445820433437,0.6825725560437715,0.0,0.0,0.0,1.0,0.13672788956481075,0.0,0.0,0.0,0.8715679190751445,0.0,0.0,0.8571428571428571,0.6122622950819672,0.0,0.4879672771447464,0.0,0.0,0.0,0.0,0.0,0.0,0.0,0.7358490566037736,0.0,0.0,0.0,0.0,0.0,0.0,0.0,0.0,0.8914736275037954,0.5882142715323828,m2
0.5714285714285714,0.706499193362526,0.0,0.8761390125026489,0.0,0.0,0.0,0.7777389684480149,0.0,0.6804461264632451,0.0,0.0,0.7298008686998336,0.8161413562559694,0.0,0.7410786896977977,0.8888888888888888,0.6234142607174105,0.0,0.0,0.0,0.4813404417364813,0.0,0.0,0.0,0.0,0.0,0.0,0.2857142857142857,0.0,0.0,0.0,0.0,0.0,0.0,0.0,0.0,0.6047666335650447,0.060606060606060885,0.28755252100840334,0.612316076294278,0.5769230769230769,0.0,0.9625513776830568,0.8333333333333334,0.4689871329594194,0.39167916041979023,1.0,0.0,0.6265841438255231,0.2790619679067128,0.0,0.0,0.3314102715049333,0.8179542981501633,0.47137014314928427,0.9143940762145566,0.0,0.38930457746478864,0.1447543160690571,0.5911504424778761,0.77466251298027,0.0,0.0,0.4,0.5,0.16952016219869337,0.0,0.0,0.21871261067240955,0.5714285714285714,0.4371844589156363,0.7179487179487178,0.0,0.11642411642411654,0.0,0.0,0.0,0.0,0.8571428571428572,0.9303736633425448,0.2857142857142857,0.6428571428571428,0.0,0.36839685531699684,0.0006880959402341125,0.0,0.0,0.0,0.49945858148348676,0.33333333333333337,0.9578651685393258,0.0,0.368421052631579,0.0,1.0,0.4488517745302715,0.0,0.0,0.15177923021060302,0.0,0.8598081023454158,0.20952735392631183,0.33333333333333337,0.0,0.6492931695072004,0.75,0.0,0.0,0.6666666666666667,0.45229202037351446,0.0,0.032182438192668195,0.0,0.02827854365500193,0.0,0.19291506615450282,0.875,0.6666666666666667,0.6074570171931227,0.0,0.625,0.6666666666666667,1.0,1.0,0.0,0.6000000000000001,0.0,0.8571428571428571,0.0,0.3165411412323921,0.0,0.3978819969742815,0.7269382675972516,0.0,0.0,0.8333333333333334,0.0,0.0,0.1096502108657903,0.3652173913043478,0.3595511284831673,0.8221463022508039,0.36363636363636365,0.11111111111111116,0.5,0.3076923076923077,0.0,0.7110445205479452,0.9186320754716981,0.0,0.0,0.0,0.0,0.0,0.0,0.0,0.8756632359521831,0.07758130466570978,0.3616574409274589,0.33333333333333326,0.9676277187658068,0.5730134496065689,0.0,0.0,0.0,0.5095570561977796,0.0,0.5714285714285714,0.0,0.567687777986594,0.9284158619272653,0.0,0.0,0.0,0.0,0.0,0.0,0.0,0.0,0.818314758602353,0.0,0.0,0.9558166473605825,0.7103448275862069,0.9707434880110402,0.17687210734858327,0.0,0.0,0.5515010601387818,0.7038944672782662,0.0,0.5741935483870968,0.0,0.7916666666666666,0.0,0.0,0.0,0.7666666666666666,0.0,0.7326787512588117,0.0,0.0,0.8089275473140891,0.4736842105263158,0.0,0.8241454173938956,0.7142857142857143,0.8427225130890053,0.0,0.0,0.0,1.0,0.0,0.0,0.4098360655737705,0.0,0.0,0.0,0.0,0.0,0.0,0.0,0.0,0.0,0.0,0.0,0.0,0.13265306122448983,0.8607751172549988,0.0,0.6882196634189548,0.6560415122312824,0.6533700137551581,0.9902676399026764,0.3999999999999999,0.7676634899769964,0.8666201117318436,1.0,1.0,0.6544450025113009,0.0,0.0,0.3735294117647058,0.49467649467649477,0.7555865921787709,0.8358974358974359,1.0,0.0,0.8,0.0,0.9442105263157895,0.8527918781725888,0.1887043189368771,0.5,0.5,1.0,0.0,0.5,0.33333333333333326,0.015118790496760681,1.0,0.0,0.7,0.6666666666666667,0.0,0.0,0.0,1.0,0.0,1.0,0.9587929915639195,0.0,1.0,0.0,0.6268600489734413,0.0,1.0,0.3979710144927534,0.0,0.7674418604651163,1.0,0.967741935483871,1.0,0.627226572584115,0.07142857142857151,0.8125,0.7233115468409586,0.19834710743801676,0.0,0.5454545454545454,0.0,1.0,0.2727272727272728,0.0,0.11917836078909905,0.7873671044402752,1.0,0.0,0.0,1.0,0.7212475633528265,1.0,0.0,0.33333333333333337,0.0,0.005331302361005319,0.6462167689161554,1.0,1.0,0.5697806354009076,0.0,0.8,1.0,0.9,0.8823529411764706,0.5703517587939699,1.0,0.5,1.0,1.0,0.607206142941524,0.6666666666666667,0.7857142857142857,0.7656726533378515,0.0,0.0,0.8823529411764706,0.0,0.29279466888796346,0.22089552238805954,0.5320570534995025,0.7798804780876494,0.9402129402129402,0.6363636363636364,0.0,1.0,0.65,0.0,1.0,1.0,1.0,0.8656716417910448,0.0,0.0,0.0,0.0,0.0,0.9758691481842965,1.0,0.5455297535448371,0.5,0.9576271186440678,0.7495335659745015,0.0,0.0,0.0,0.0,0.0,0.6428571428571428,0.0,0.0,0.9649251004749726,0.0,0.0,0.0,0.0,0.0,0.0,0.0,0.0,0.8148148148148148,0.0,0.0,0.9361158432708688,0.5,0.9941107184923439,0.663952884115711,0.7777311022427595,0.0,0.4678430362356175,0.5842806594895731,0.0,0.7539267015706806,0.0,0.608889934148636,0.0,0.0,0.0,0.2338726623240175,0.0,0.7048334384496302,0.0,0.0,0.6324329672504205,0.5198487712665408,0.0,0.6382162282989345,1.0,0.9714169048591261,0.0,0.0,0.0,0.0,0.0,0.0,0.0,0.3561741882016124,0.0,0.0,0.0,0.0,0.0,0.0,0.0,0.0,0.0,0.0,0.0,0.0,0.0,0.05932932072227015,0.5354742345033607,0.5348516218081434,0.0,0.7692307692307692,1.0,0.28616852146263905,0.0,1.0,0.0,0.6377416719615141,0.5467144563918758,0.0,0.0,0.02931379080612939,0.6923076923076923,0.41092327698309505,0.5521665965502736,0.0,0.25,0.2857142857142857,1.0,0.8538922155688623,0.0,0.0,0.6,0.0,0.1187010078387456,0.0,0.0,0.31729200652528555,0.3999999999999999,0.6892366656020441,0.5,0.0,1.0,0.0,0.0,0.0,0.0,0.5,0.8661805281828932,0.0,0.0,0.0,0.0,0.20836065573770501,0.0,0.0,0.4,0.4236,0.0,0.6559934318555007,0.23029045643153523,0.17389138016940708,0.0,1.0,0.29639175257731953,0.0,0.23529411764705876,0.3276157804459692,0.625,0.44013981939994173,0.5714285714285714,0.25,0.8333333333333334,0.18594594594594582,0.0,0.0,0.33333333333333337,0.0,0.057103064066852616,0.0,0.0,0.0,0.06408345752608058,0.1466098686545968,0.0,0.0,0.0,0.6923857868020304,0.0,0.33333333333333337,0.0,0.0,0.0,0.0,0.0,0.0,0.0,0.0,0.0,0.0,0.5563349408154319,0.8627499080093217,0.44444444444444453,0.34687004754358153,0.0,0.6020230205790025,0.0,0.1552042160737812,0.0,0.6926330150068212,1.0,0.0,0.5,0.0,0.29268292682926833,0.0,0.6931818181818181,0.8942857142857142,0.0,0.75,0.0,0.0,0.0,0.0,0.04166666666666674,0.0,0.22413793103448265,0.0,1.0,0.5,0.35987950397753865,0.0,0.0,0.0,0.0,0.0,0.0,0.0,0.0,0.986279419128693,0.0,0.0,0.0,0.0,0.0,0.0,0.0,0.0,0.7878787878787878,0.0,0.0,0.9202882233731141,1.0,0.8861209964412812,0.0,0.019876427173695532,0.0,0.31612109278858,0.9033996191920868,m2
0.0,0.706499193362526,0.0,0.6852497593325491,0.0,0.6666666666666667,0.0,0.0,0.8525621816002398,0.0,0.0,0.0,0.0,0.0,0.0,0.0,0.0,0.0,0.6614783212215236,0.0,0.0,0.0,0.33333333333333326,0.0,0.040955719868060125,0.16751837905684042,0.7014608920491273,0.0,0.2857142857142857,0.0,0.0,0.0,0.0,0.0,0.0,0.0,0.0,0.825154516345223,0.1333333333333332,0.790960972017673,0.0,0.3846153846153846,0.8826247022305638,0.6314507535393515,0.0,0.6861799434558458,0.26328161730136335,0.0,0.0,0.0,0.30235050631975746,0.0,0.43905769887333557,0.4261035102389382,0.0,0.0,0.5779655323876702,0.0,0.434961106309421,0.5547329455314649,0.8849616538846282,0.6120162932790224,0.8328083353525564,1.0,0.0,0.0,0.0,0.22222222222222232,0.904300007637669,0.5703216505991531,0.1428571428571428,0.0,0.558974358974359,1.0,0.11642411642411654,0.0,0.7966573816155988,0.0,0.0,0.2857142857142857,0.0872126319234231,0.0,0.0,1.0,0.0851992677087734,0.7945131791285638,0.0,0.4623209012359182,1.0,0.0,0.6666666666666667,0.0,0.11111111111111116,0.2941176470588235,0.0,1.0,0.44896681277395123,0.28114883685914305,0.8069963811821472,0.0,0.125,0.5016535485151135,0.08319467554076543,0.5,0.017154478733751755,0.669090909090909,0.75,0.0,1.0,0.6666666666666667,0.5752716671084019,0.7777777777777778,0.0,0.33333333333333326,0.5750448028673836,0.0,0.5302445302445302,0.0,0.6666666666666667,0.35619100499722356,0.0,0.0,0.6666666666666667,0.0,0.5454545454545454,0.09355015530787525,0.558974358974359,1.0,0.0,0.0,0.0,0.48957969495866804,0.8161533626649906,0.7193399026475127,0.7222222222222222,0.6161755122728261,0.8333333333333334,0.10191476219888806,0.0,0.04027439699048463,0.9,0.48151844935282373,0.19161977491961413,0.4444444444444444,0.11111111111111116,0.0,0.1923076923076923,0.35887611749680726,0.0,0.9308617234468938,0.0,0.0,0.0,0.0,0.0,0.6962421270659847,0.0,0.8860557545902373,0.20409848758581528,0.5273021001615508,0.0,0.9434395635946023,0.33834701913880194,0.84,0.0,0.9045889249468456,0.0,0.0,0.07692307692307698,0.7,0.9139938080495356,0.7916761305255415,0.49594093808003814,0.0,0.0,0.0,0.0,0.0,0.5998731956574886,0.6715633568087738,0.0,0.0,0.0,0.0,0.0,0.8919174711338255,0.7638615808100668,0.3925504789682527,0.6666666666666667,0.0,0.6502089905994266,0.0,0.5741935483870968,0.0,0.7916666666666666,0.0,0.7859195402298851,0.0,0.0,1.0,0.0,0.0,0.0,0.0,0.0,0.0,0.0,0.0,0.0,0.8478489744055182,0.0,0.0,0.0,0.0,0.0,0.0,0.0,0.6206896551724137,0.0,0.0,0.33333333333333326,0.0,0.0,0.0,0.0,0.0,0.0,0.0,0.7551020408163265,0.7392739273927393,0.7030812324929973,0.0,0.7174203113417346,1.0,0.803763440860215,0.0,0.8958759871307399,0.4189944134078213,0.23076923076923073,1.0,0.0,0.613749555318392,0.0,0.5771428571428572,0.4435023041474655,0.0,0.0,0.7108559498956158,0.0,0.024390243902438935,0.7376644736842106,0.9542915185373286,0.5766423357664234,0.9354404841963685,0.75,1.0,0.0,0.05695570112135029,0.0,1.0,1.0,0.0,0.13123236124176862,1.0,0.7777777777777778,0.0,0.0,0.5959510754955715,0.0,0.0,0.5714285714285714,0.0,0.0,0.0,0.0,0.0,0.6666666666666666,1.0,0.5630997500201596,0.5,0.0,1.0,0.0,0.0,0.8629604209563029,0.31135531135531125,0.8125,0.7582811101163832,0.6848352713178295,0.9210174029451138,0.0,0.0,0.5638401559454191,0.0,0.9166666666666666,0.11917836078909905,0.8986666666666667,1.0,0.0,0.5,1.0,0.8304111245465539,1.0,0.2685671417854465,0.33333333333333337,0.19736842105263175,0.41091797935904395,0.3763477088948789,1.0,1.0,0.0,0.0,0.0,1.0,0.44999999999999996,0.8235294117647058,0.30386178861788615,1.0,0.5,0.0,1.0,0.0,1.0,0.9571428571428572,0.8305343511450382,0.7777777777777778,0.4459373000639796,0.8823529411764706,0.5544747081712063,0.3720430107526882,0.8535353535353536,0.4481949256734099,0.7798804780876494,0.6476810414971522,0.6363636363636364,0.0,0.0,0.0,0.75,0.7039473684210527,1.0,1.0,0.0,0.0,0.0,0.0,0.7883035282745288,0.0,0.9817054883534939,1.0,0.06360313432668985,0.0,0.9576271186440678,0.2877659159302395,0.9545454545454546,0.0,0.9629978745032807,0.8042813455657493,0.0,0.10526315789473684,1.0,0.8807723199379112,0.8200359928014397,0.2620412754456405,0.0,0.0,0.0,0.0,0.0,0.4381613633832102,0.15198548679701673,0.0,0.0,0.0,0.0,0.0,0.9311291328758577,0.9612858877042108,0.0,1.0,0.0,0.908839141472421,0.0,0.8798044878915796,0.0,0.517101596148974,0.0,0.7142857142857143,0.0,0.0,0.6787504820671039,0.0,0.0,0.0,0.0,0.0,0.0,0.0,0.0,0.0,0.6570538318748342,0.0,0.0,0.16000000000000003,0.0,0.0,0.262496166819994,0.3864077669902912,0.9015846538782318,0.5433168316831684,0.0,0.0,0.0,0.0,0.0,0.0,0.0,0.0,0.0,0.36329070169374345,0.9144736842105263,0.0,0.0,0.6626506024096386,0.609366391184573,0.0,0.0,0.7569039284325165,0.6096570397111913,0.0,0.0,0.0,0.3600912448403214,0.0,0.5082619339045287,0.11738609112709808,0.0,0.0,0.28070562293274537,0.0,0.25,0.0,1.0,0.5891255605381166,0.6884755895051478,0.803921568627451,0.0,0.0,0.08910103420843296,0.5714285714285714,0.9135191846522781,0.4337999416739575,0.19999999999999996,0.0,0.0,0.33333333333333337,0.41176470588235303,0.0,1.0,0.5,0.0,1.0,0.216295427901524,0.0,0.0,0.0,0.4353293413173652,0.489344262295082,0.0,0.042971595047341715,1.0,0.0,0.5,0.08087027914614131,0.0,0.01522070015220689,0.0,1.0,0.48951048951048937,0.0,1.0,0.0,1.0,0.23390620448587252,0.16541353383458646,0.25,0.0,0.4776119402985075,0.0,0.0,0.8333333333333334,0.0,0.11837121212121204,0.0,0.0,0.4285714285714285,0.44285714285714284,0.0,0.88,0.0,0.0,0.04943710230053855,0.0,0.0,0.0,0.0,0.144144144144144,0.34124629080118685,0.0,0.0,0.0,0.0,0.0,0.3846153846153846,0.8903274942878904,0.48336909871244627,1.0,0.0,0.0,0.38662486938349017,0.0,0.10622222222222222,0.9456946503166689,0.6573847409220727,0.9,0.0,0.5,0.5,0.41463414634146345,0.4375,0.0,0.8942857142857142,0.0,0.0,0.0,0.0,0.0,0.9537953795379538,0.04166666666666674,0.4345234899328859,0.2068965517241378,0.0337004887300314,0.0,0.5,0.16929199599243017,0.0,0.0,0.8552819007231012,0.7905443434911956,0.0,0.0,0.5714285714285714,0.8724774444479867,0.5083233453189506,0.4889585563541826,0.0,0.0,0.0,0.0,0.0,0.9360762436076244,0.3596692873838546,0.0,0.0,0.0,0.0,0.0,0.8452012383900929,0.8571074175142644,0.671477307232036,0.0,0.0,0.5862134112549751,m2
0.0,0.0,0.0,0.0,0.0,0.0,0.0,0.0,0.0,0.7210401295436359,0.0,0.5912076806467912,0.7160775037598377,0.0,0.0,0.0,0.0,0.0,0.0,0.0,0.8244593152943458,0.0,0.25,0.0,0.0,0.0,0.0,0.0,0.0,0.0,0.0,0.0,0.0,0.0,0.0,0.0,0.42666666666666664,0.8966845458799813,0.0,0.7846963175514108,0.0,0.1794871794871794,0.0,0.6458423466297483,0.6440972222222222,0.0,0.49304737804725274,0.4462151394422311,0.33333333333333337,0.28531199051430267,0.0,0.0,0.2632297712529873,0.45340046784960353,0.7490058479532165,0.4399478657543173,0.3875770957264333,0.0,0.10690959092471652,0.0,0.48026315789473684,0.23224932249322494,0.0,0.0,0.4,0.5,0.0,0.0,0.0,0.5646736649931537,0.0,0.0,0.6000000000000001,1.0,0.64,0.8333333333333334,0.0,0.0,0.0,0.2857142857142857,0.08554376657824947,0.2912746725696366,0.6428571428571428,1.0,0.8110106020815095,0.9173869680851063,0.0,0.0,1.0,0.0,0.0,0.0,0.0,0.2941176470588235,0.0,1.0,0.0,0.5745887401655256,0.0,0.4693204310534418,0.125,0.9319251611882442,0.2084115659031167,0.5,0.0,0.6590759075907591,0.75,0.0,0.19999999999999996,0.6666666666666667,0.708128078817734,0.0,0.8791324121042504,0.4444444444444444,0.0,0.5803631472763955,1.0,0.0,0.6666666666666667,0.0,0.0,0.0,0.0,1.0,0.5454545454545454,0.09355015530787525,0.7179487179487178,0.0,0.0,0.5,0.0,0.6947668499287314,0.51,0.0,0.0,0.6727234184306956,0.8333333333333334,0.9573140900195695,0.50717017208413,0.18483829650976635,0.4140604258482451,0.9707340999509511,0.04721549636803879,0.36363636363636365,0.0,0.5,0.8269230769230769,0.0,0.0,0.7061574434918161,0.0,0.0,0.0,0.0,0.0,0.0,0.4421004356798901,0.5944196680137174,0.1964093827807627,0.0,1.0,0.9646781789638933,0.0,0.76,0.0,0.899242958574317,0.0,0.206896551724138,0.16666666666666663,0.0,0.6784980212903028,0.43760156673194717,0.8947653207896668,0.0,0.0,0.0,0.0,0.0,0.0,0.740044629912127,0.0,0.0,0.0,1.0,0.0,0.0,0.0,0.07644759772377352,0.0,0.7242897592564996,0.573039949213259,0.0,0.0,0.0,0.0,0.0,0.0,0.0,0.0,0.0,0.9432301598943817,0.0,0.6065624757017338,0.8214611872146118,0.0,0.0,0.0,0.0,0.0,0.0,0.0,0.8861120429386112,0.0,0.0,0.0,0.4098360655737705,0.0,0.0,0.0,0.0,0.0,0.0,0.0,0.0,0.0,0.0,0.0,0.5087719298245614,0.7563451776649746,0.0,0.7030812324929973,0.0,0.24974093264248698,0.0,0.7180883242589232,0.7333333333333334,0.0,0.35529061102831594,1.0,1.0,0.07314252674183286,0.5358762646819397,0.0,0.3735294117647058,0.22148209825145704,0.7622448979591837,0.43971631205673756,0.314151190164792,0.0,0.0,0.2571428571428571,0.9318681318681319,0.6696428571428572,0.17888365837256237,0.5,1.0,1.0,0.05695570112135029,0.5,0.0,0.8,0.0,0.14632983794089605,1.0,0.7142857142857143,0.0,1.0,0.0,0.0,0.0,0.5714285714285714,0.0,0.32232920678587795,0.75,0.0,0.9388483098352302,1.0,1.0,0.0,0.5,0.0,0.0,0.0,0.0,0.32515831276161855,0.0,0.9375,0.5969811320754717,0.6987432675044883,0.0,0.3193473193473193,0.16666666666666663,1.0,0.2727272727272728,1.0,0.5564368517388651,0.8974691758598313,1.0,0.0,0.0,1.0,0.8383428107229894,0.0,1.0,0.6666666666666667,0.0,0.0,0.9798208819861693,1.0,1.0,0.0,0.0,0.0,0.0,0.9,0.8235294117647058,0.2794263105835805,0.7,0.5,0.0,1.0,0.0,1.0,0.7857142857142857,0.12645322840279005,0.0,0.38847305389221554,0.8823529411764706,1.0,0.9362007168458781,0.7627118644067796,0.7527315158587037,1.0,0.0,0.6363636363636364,0.0,1.0,0.8,0.0,0.52,1.0,1.0,0.0,0.0,0.0,0.0,0.0,0.37038689172289085,0.09542314335060453,0.8106241067174845,0.0,1.0,0.9576271186440678,0.0,0.8181818181818182,0.0,0.9678476232785429,0.7325655790147153,0.375,0.1724137931034483,0.0,0.7143074766924624,0.5466391306485715,0.95520647017653,0.0,0.0,0.0,0.0,0.0,0.0,0.8936478078425698,0.0,0.0,0.0,1.0,0.0,0.0,0.0,0.8532297977643144,0.0,0.7590444911992611,0.4263085399449037,0.0,0.0,0.0,0.0,0.0,0.0,0.0,0.0,0.0,0.7052559257986946,0.0,0.838012958963283,0.6330417187407011,0.0,0.0,0.0,0.0,0.0,0.0,0.0,0.7958078602620087,0.0,0.33333333333333326,0.0,0.0,0.35620102471368287,0.0,0.0,0.5454545454545454,0.0,0.0,0.0,0.0,0.0,0.0,0.0,1.0,0.35232067510548526,0.0,0.0,0.0,0.34023464458247066,0.4146868250539957,0.0,0.29999999999999993,0.0,0.21616871704745155,0.6666666666666667,0.33333333333333337,0.421934312592837,0.0,0.0,0.0,0.1424285357113092,1.0,0.30952380952380953,0.796756996890271,0.0,0.4736842105263157,0.0,1.0,0.27478753541076506,0.0,0.0,0.4,0.0,0.08910103420843296,0.0,0.0,0.40045184975995496,0.0,0.0,0.0,0.33333333333333337,0.0,0.6666666666666667,0.0,0.5,0.0,0.0,0.0,0.0,0.0,0.0,0.4316976127320954,0.6704918032786885,0.0,0.0,0.5,0.0,0.5,0.08087027914614131,0.7095435684647302,0.0,0.02164502164502169,1.0,0.0,0.2046757829730923,0.0,0.6666666666666667,0.0,0.4040697674418605,0.0,0.0,0.7758620689655173,0.10729023383768921,0.0,0.0,0.5,0.0,0.23923444976076558,0.5,0.7716814159292036,0.4285714285714285,0.31845238095238104,0.11683733422863862,1.0,0.0,0.0,0.0,0.0,0.0,0.0,0.0,0.144144144144144,0.2901234567901232,0.5,0.0,0.0,0.5,0.0,0.8666666666666667,0.0,0.0,0.0,0.0,0.0,0.7854406130268199,0.3684262948207172,0.0,0.18508287292817693,0.9298438262567106,0.0,0.0,0.0,0.0,0.8780487804878049,0.0,0.0,0.43849372384937235,0.0,0.0,0.0,0.0,0.0,0.0,0.0,0.0,0.2068965517241378,0.0,0.0,0.5,0.0,0.33333333333333326,0.0,0.8587851926122574,0.33333333333333326,0.0,0.5,0.0,0.6899606614001983,0.19674267100977194,0.8061472589647527,0.0,0.0,0.0,0.0,0.0,0.0,0.8872875887287588,0.0,0.0,0.0,0.9898770788141721,0.0,0.0,0.2478731631863883,0.041753331792620085,0.0,0.8513931888544891,0.5887498079264328,m2
0.0,0.0,0.0,0.0,0.75,0.9421296296296297,0.0,0.7777389684480149,0.0,0.6890917827967324,0.0,0.5988818360129113,0.7761246280413093,0.0,0.0,0.0,0.8888888888888888,0.6209774687805258,0.0,0.0,0.7201193170129603,0.0,0.33333333333333326,0.0,0.0064415786403991815,0.20330962800875285,0.0,0.0,0.2857142857142857,0.0,0.0,0.8854916774878999,0.0,0.0,0.0,0.0,0.360116873630387,0.0,0.8866258367753881,0.0,0.6123160762942779,0.8461538461538461,0.3641088572872303,0.38636363636363635,0.5714285714285714,0.0,0.0,0.0,0.6666666666666667,0.301642579371989,0.3786182343532325,0.0,0.7028985507246377,0.0,0.6867088607594938,0.5587575496117343,0.5504472879628581,0.4879007600244605,0.45299145299145305,0.8259325044404973,0.3689680772086117,0.23224932249322494,0.8645066273932254,0.0,0.4,0.0,0.1252956383037237,0.0,0.0,0.0,0.5714285714285714,0.4201819685690654,0.558974358974359,0.0,0.6666666666666667,0.0,0.7354758961681088,0.19354838709677413,0.0,0.2857142857142857,0.9304530453045304,0.963151207115629,0.6428571428571428,0.0,0.0,0.8857324570701717,0.0,0.12760780974393282,0.8,0.0,0.0,0.40161725067385456,0.11111111111111116,0.0,0.8044692737430168,0.5,0.0,0.28924746674350477,0.32065040650406496,0.5559163059163059,0.125,0.4494634727942771,0.8693710457759584,0.5,0.5318923375934979,0.0,0.75,0.0,0.19999999999999996,0.0,0.570613261388399,0.7777777777777778,0.26526214986832675,0.4444444444444444,0.0,0.0,0.3134920634920636,0.0,0.6666666666666667,0.5823950331474272,0.5,0.5,0.0,1.0,0.2727272727272726,0.7158779462817467,0.558974358974359,0.0,0.9285714285714286,0.0,0.7776898734177216,0.5723720084822781,0.5286654135338346,0.0,0.41666666666666663,0.4633911368015414,0.8333333333333334,0.5581280178284016,0.4940671716833144,0.0,0.0,0.9132046529464399,0.05147577314395069,0.36363636363636365,0.0,0.0,0.0,0.5827232796486091,0.21687763713080155,0.6226226226226226,0.0,0.0,0.0,0.0,0.0,0.611692978422657,0.4010992882813049,0.6259029597903215,0.0,0.4915810834400094,1.0,0.0,0.23197594004310196,0.76,0.0,0.0,0.0,0.206896551724138,0.0,0.0,0.029411764705882137,0.5655330531142531,0.4387515270621979,0.0,0.0,0.0,0.0,0.0,0.0,0.0,0.9492341164318836,0.0,0.0,0.9377399683806369,0.4206349206349206,0.0,0.17692589386776758,0.0,0.0,0.0,0.0,0.0,0.0,0.0,0.0,0.65,0.875,0.0,0.5212121212121212,0.0,0.7326787512588117,0.0,0.626212899543379,0.8214611872146118,0.0,0.0,0.0,0.7142857142857143,0.8427225130890053,0.0,0.0,0.8580630830741892,0.0,0.0,0.0,0.0,0.4831678861599167,0.0,0.0,0.25,0.0,0.0,0.5992477854208937,0.0,0.0,0.0,0.0,0.5087719298245614,0.1396103896103894,0.8597692862292718,0.19435736677115978,0.7124786324786325,0.9184581171237954,0.0,0.0,0.7333333333333334,0.0,0.18360655737704912,0.23076923076923073,1.0,0.20012646221941188,0.6245554931686318,0.0,0.3735294117647058,0.0,0.7253743104806936,0.5447858070099525,0.7088673816374575,0.43889479277364507,0.6233766233766234,0.85,0.7329462989840348,0.1725888324873096,0.9586296056884293,0.0,1.0,0.0,0.0,0.5,0.33333333333333326,0.22959183673469374,1.0,0.0,1.0,0.1428571428571429,0.0,0.0,0.6226522481502561,0.5,0.0,0.5714285714285714,0.8532235939643348,1.0,0.625,0.0,0.1435684647302905,0.8095238095238095,1.0,0.44209852847088926,0.0,0.0,0.0,0.19354838709677402,0.0,0.6669526424159232,0.6212795875322241,0.0,0.5824,0.18893899833847594,0.2799352750809063,0.6875,0.46475770925110127,0.5639781685870224,0.8181818181818182,0.9166666666666666,0.980272523896685,0.23684210526315808,1.0,0.0,0.5,0.0,0.7371340523882897,1.0,0.18791946308724827,0.6666666666666667,0.0,0.005331302361005319,0.42337164750957845,1.0,1.0,0.5697806354009076,1.0,0.8,0.0,0.9,0.5882352941176471,0.9325396825396826,1.0,0.5,1.0,1.0,0.7807983482450104,1.0,0.0,0.15147407658420875,0.5555555555555556,0.7103293413173652,0.8823529411764706,0.6989247311827957,0.9102457309454395,0.0,0.8048492791612057,0.9698492462311558,0.0,0.6363636363636364,0.0,0.0,0.44999999999999996,0.25,0.3913043478260869,0.9318181818181818,1.0,0.8656716417910448,0.0,0.0,0.0,0.764373232799246,0.30843251456064813,0.07728842832469796,0.6243938828795226,0.6299929551325267,1.0,0.0,0.2893631274223649,0.8181818181818182,0.0,0.0,0.8320384757676655,0.375,0.0,0.0,0.5261586618679244,0.8212085366454729,0.5657586937750215,0.0,0.0,0.0,0.0,0.0,0.0,0.0,0.9259259259259259,0.0,0.0,0.7124183006535947,0.5,0.0,0.7662329766536965,0.8026972573648194,0.0,0.0,0.0,1.0,0.0,0.0,0.0,1.0,0.7142857142857143,0.0,0.2864335408275357,0.0,0.7048334384496302,0.0,0.48642779587404983,0.6669272399278413,0.0,0.0,0.0,1.0,0.9714169048591261,0.0,0.0,0.703336339044184,0.16000000000000003,0.0,0.0,0.262496166819994,0.0,0.0,0.0,0.0,0.0,0.0,0.6596293311845286,0.0,0.0,0.0,0.0,0.5,0.0,0.30000000000000004,0.9097222222222222,0.4867342957471713,0.8457811869196609,0.5477880939377391,0.7692307692307692,0.0,0.0,0.4200351493848856,0.0,0.6666666666666667,0.4245052631578947,0.41194743130226996,0.0,0.47295266716754325,0.08199438918643198,0.0,0.5384615384615385,0.19373159444678167,0.5699831365935919,1.0,0.7806122448979592,0.1428571428571428,0.27514124293785314,0.799043062200957,0.9079754601226994,0.4,0.0,0.12765957446808518,0.0,0.0,0.0,0.3999999999999999,0.6892366656020441,0.0,0.33333333333333337,0.0,0.0,1.0,0.0,0.0,0.0,0.8137193203272498,0.5,0.0,0.0,0.14699853587115674,0.6150341685649203,0.0,0.0,0.8,0.0,0.5,0.0,0.5633333333333335,0.6940024479804162,0.060381355932203506,0.33333333333333337,0.0,0.4654166666666667,0.0,0.8010291595197255,0.0,0.22516749198951358,0.13636363636363613,0.25,0.8688524590163935,0.0,0.0,0.0,0.0,0.0,0.3563458856345887,0.0,0.5221238938053097,0.4285714285714285,0.31845238095238104,0.0,0.5,0.0,0.0,0.6839186691312384,0.0,0.0,0.0,0.0,0.061514195583596276,0.6206896551724137,0.0,0.0,0.5,0.0,0.92010412494994,0.8666666666666667,0.5734632683658172,0.0,0.0,0.5204949729311679,0.0,0.0,0.3493393490170803,0.0,0.1303488207880239,0.8391836734693878,0.0,0.0,0.0,0.5,0.0,0.625,0.3784090909090909,0.46703733121525026,0.0,0.33333333333333326,0.0,0.0,0.0,0.6268082486919052,0.0,0.4699345698372357,0.22413793103448265,0.8644318793753365,0.6666666666666667,0.0,0.13672788956481075,0.33333333333333326,0.0,0.0,0.8742733188720173,0.7,0.0,0.0,0.4983906795412303,0.5189576547231272,0.22368863740633138,0.0,0.0,0.0,0.0,0.0,0.0,0.0,0.9545454545454546,0.0,0.0,0.9196364161015727,0.0,0.0,0.0,0.019876427173695532,0.0,0.0,0.0,m2
0.0,0.0,0.0,0.0,0.0,0.75,0.0,0.0,0.0,0.0,0.0,0.0,0.0,0.0,0.0,0.0,0.0,0.6532795179483075,0.0,0.0,0.7996096291476903,0.7245949926362297,0.0,0.0,0.0,0.2270208344434379,0.7165351467326084,0.0,0.0,0.0,0.0,0.0,0.0,0.0,0.0,0.0,0.0,0.8580814717477004,0.8901899186063116,0.0,0.0,0.3846153846153846,0.2591496426766766,0.0,0.9090909090909091,0.4679338842975207,0.09637366968860861,0.0,0.0,0.0,0.0,0.0,0.0,0.49734775475094384,0.8213730569948187,0.0,0.35716604974348987,0.0,0.15233362143474505,0.04973357015985802,0.6263940520446096,0.8617886178861789,0.5653016719166466,1.0,0.4,0.5,0.0,0.0,0.7581904470300062,0.5637178666178757,0.0,0.322342793544797,0.38636363636363635,0.5714285714285714,0.7247075017205782,0.0,0.0,0.0,0.0,0.5714285714285714,0.003970920642678233,0.37229987293519695,0.0,0.0,0.883392729864576,0.7394530421878313,0.0,0.04399417888727186,0.0,0.9809236947791165,0.0,0.0,0.0,0.17391304347826086,0.8752166377816291,1.0,0.6729354047424367,0.6988832832605861,0.9179580674567,0.6441868633649455,0.0,0.9060469765117442,0.0,0.0,0.06867951982539078,0.0,0.75,0.0,0.19999999999999996,0.6666666666666667,0.5792547274749722,0.7777777777777778,0.24342219898937112,0.33333333333333326,0.5954321252412611,0.9489685124864278,0.532650448143406,0.0,0.6666666666666667,0.36848355788525333,0.0,0.0,0.6666666666666667,0.75,1.0,0.0,0.38636363636363635,1.0,0.8571428571428571,0.0,0.5013131335055239,0.6857338478775052,0.9191870312121946,0.0,0.0,0.0,0.8333333333333334,0.558019216555802,0.9407961962755198,0.7769465809714466,0.0,0.5781634736652453,0.8748733535967579,0.4444444444444444,0.11111111111111116,1.0,0.3076923076923077,0.5827232796486091,0.7151898734177216,0.2879091516366067,0.0,0.0,0.0,0.0,0.0,0.6223440270836691,0.7348730118122393,0.0,0.6914485747624604,0.9472527472527472,0.0,1.0,0.0,0.0,0.0,0.0,0.0,0.206896551724138,0.0,0.0,0.3665855636658556,0.06835909287880959,0.48288397964708607,0.0,0.0,0.0,0.0,0.0,0.5622875624522716,0.7052332149774048,0.0,0.0,0.0,0.0,0.0,0.0,0.7076167603036411,0.1390796102925982,0.6666666666666667,0.0,0.8392471751328914,0.0,0.0,0.0,0.0,0.0,0.0,0.0,0.0,0.0,0.0,0.0,0.0,0.0,0.0,0.0,0.0,0.0,0.8427225130890053,0.0,0.0,0.8861120429386112,0.8,0.0,0.0,0.0,0.6549099715005848,0.6666666666666667,0.21212121212121204,0.25,0.0,0.0,0.0,0.0,0.0,0.0,0.0,0.0,0.8025039123630673,0.909610630407911,0.19435736677115978,0.0,0.7174203113417346,0.6801125703564728,0.0,0.7333333333333334,0.7951612903225806,0.0,0.0,1.0,0.0,0.5763273539370364,0.0,0.19999999999999996,0.5737807746589305,0.7760284408329101,0.0,0.22537878787878773,0.0,0.6,0.12959719789842372,0.9259796806966618,1.0,0.8493611297915266,1.0,1.0,1.0,0.02021305654192851,0.5,1.0,1.0,0.0,0.8259013282732448,0.6437499999999999,0.6666666666666667,0.854104636324968,0.0,0.0,1.0,0.0,0.8571428571428571,0.0,0.4220061864781264,0.0,1.0,1.0,0.6666666666666666,1.0,0.0,0.0,1.0,0.0,0.7096774193548387,0.5,0.32063223257126716,0.9081400636653024,0.6875,0.09579100145137898,0.0,0.15100671140939603,0.9813084112149533,0.6296296296296295,1.0,0.4545454545454546,0.75,0.5564368517388651,0.0,1.0,0.0,0.5,1.0,0.7406269207129687,1.0,0.6397748592870544,0.33333333333333337,0.7365657813465103,0.5087585681645088,0.2776572668112799,1.0,1.0,0.3658365485794459,0.0,0.0,1.0,0.44999999999999996,0.8823529411764706,0.4492753623188406,0.6437499999999999,0.5,1.0,1.0,0.9028422509976383,1.0,0.7571428571428571,0.8327904451682953,0.0,0.0,0.8823529411764706,0.7959094865100087,1.0,1.0,0.0,0.9440137109279361,0.918429003021148,0.6363636363636364,0.0,1.0,0.65,0.25,1.0,0.5681818181818181,1.0,0.0,0.0,0.0,0.0,0.6470458065943794,0.5379211854528143,0.0,0.6832183908045977,0.6779914459434201,0.0,0.9915254237288136,0.0,0.0,0.0,0.0,0.9084556254367575,0.375,0.0,0.0,0.025463390196957425,0.0,0.2946727597107891,0.0,0.0,0.0,0.0,0.0,0.5633751275976965,0.5152053506113492,0.0,0.0,0.0,0.0,0.0,0.0,0.9287436326165571,0.8506769674977565,1.0,0.0,0.8883032128514057,0.0,0.0,0.0,0.0,0.0,0.0,0.0,0.0,0.0,0.0,0.0,0.0,0.0,0.0,0.0,0.0,0.0,0.969081512376462,0.0,0.0,0.8951559389515593,0.8478260869565217,0.0,0.0,0.262496166819994,0.0,0.8738916256157636,0.0,0.0,0.0,0.0,0.0,0.0,0.0,0.0,0.0,0.0,0.9361430395913155,0.32799999999999996,0.0,0.17365269461077848,0.0,0.0,0.15384615384615385,0.0,0.625,0.0,0.0,0.0,0.0,0.0,0.0,0.0,0.0,0.0,0.0,0.6370050960407683,0.0,0.4374999999999999,0.0,1.0,0.8526234567901234,0.17901029558286297,0.4444444444444444,0.4,0.0,0.0,0.0,0.4836916776363902,0.37573033707865167,0.0,0.1121047588629831,0.5,0.0,0.41176470588235303,0.0,0.0,0.5,0.0,0.0,0.33279613215149084,0.0,0.0,0.5,0.6900726392251817,0.4162141194724591,0.0,0.5678612716763005,0.0,0.9864685004436557,0.5,0.3627992633517495,0.20000000000000018,0.0,0.0,0.0,0.5691756272401434,0.8383333333333334,1.0,0.5986277873070327,0.0,0.40600775193798455,0.1986062717770034,0.25,0.34426229508196726,0.0,0.0,0.0,0.33333333333333337,0.0,0.4456207892204044,0.0,0.24825662482566235,0.4285714285714285,0.620715350223547,0.3613913043478262,0.5,0.0,0.0,0.29427792915531337,0.0,0.0,0.0,0.0,0.0,0.13966480446927354,0.5,0.0,0.0,0.0,0.10637694851204549,0.26923076923076916,1.0,0.0,0.0,0.3378351539225424,0.0,0.0,0.8634114863411486,0.49881396136902745,0.5921100917431193,0.0,0.20000000000000007,0.0,0.5,0.5,0.29268292682926833,0.625,0.6931818181818181,0.0,0.0,0.0,0.0,0.0,0.0,0.6268082486919052,0.0,0.8028005657708628,1.0,0.869340857673047,0.0,1.0,0.0,0.0,0.0,0.0,0.8715679190751445,0.0,0.0,0.0,0.0,0.65078310393925,0.48228235544929876,0.0,0.0,0.0,0.0,0.0,0.9408729305525694,0.6967181908170259,0.0,0.0,0.0,0.0,0.0,0.0,0.23307961324830306,0.0,0.0,0.0,0.8097208434261207,m2
0.0,0.7057535565668955,0.0,0.6860862142552283,0.0,0.0,0.828125,0.0,0.0,0.0,0.0,0.0,0.0,0.0,0.0,0.0,0.0,0.0,0.7373676896694459,0.0,0.0,0.0,0.0,0.7498274331919929,0.0,0.0,0.0,0.0,0.2857142857142857,0.0,0.0,0.6278834479967624,0.0,0.0,0.0,0.8564580734125682,0.45081640780565513,0.0,0.20000000000000007,0.790960972017673,0.6372106041824943,0.0,0.2591496426766766,0.6314507535393515,0.6572690217391305,0.46933728981206735,0.0,0.0,0.33333333333333337,0.0,0.7965481558134377,0.0,0.3112033195020746,0.8696332376374956,0.0,0.0,0.0,0.0,0.3894189071986124,0.559150169000483,0.9119842829076621,0.8177189409368635,0.40353460972017663,0.0,0.4,0.0,0.16952016219869337,0.22222222222222232,0.0,0.2723447077120118,0.1428571428571428,0.6776907880295602,0.6000000000000001,1.0,0.7227997227997228,0.0,0.7966573816155988,0.19354838709677413,0.0,0.2857142857142857,0.5270972227902984,0.2704290091930541,0.6428571428571428,1.0,0.8913966583587187,0.9301889153008883,0.0,0.8851863386276342,1.0,0.0,0.0,0.9578651685393258,0.5,0.9130434782608695,0.0,0.0,0.5157620041753653,0.24505112404034857,0.0,0.3787812362998686,0.125,0.24659369005886633,0.20952735392631183,0.5,0.0,0.0,0.75,0.0,0.19999999999999996,0.0,0.0,0.7777777777777778,0.15115714516912127,0.33333333333333326,0.0,0.0,0.0,0.0,0.6666666666666667,0.6291731735111636,0.0,0.5,0.0,1.0,1.0,0.19218891916439595,0.7179487179487178,0.0,0.8571428571428571,0.5,0.6740715143736322,0.6102540574640134,0.0,0.0,0.9166666666666666,0.9101147535993669,0.0,0.036030471484455484,0.0,0.7769465809714466,0.733079672546985,0.0,0.0,0.4444444444444444,0.0,0.7916666666666666,0.1923076923076923,0.6563126252505012,0.0,0.37750294464075396,0.0,0.0,0.0,0.0,0.0,0.0,0.0,0.9170334653071155,0.24612763726903408,0.0,1.0,0.0,0.0,0.16000000000000003,0.0,0.0,0.5227448810182624,0.206896551724138,0.0,0.7,0.6784980212903028,0.0,0.0,0.0,0.0,0.0,0.0,0.0,0.0,0.5109143972336793,0.9540890058176159,0.0,0.0,0.0,0.0,0.0,0.7966135758428378,0.34251377556859985,0.0,0.7503395543035364,0.09259950829365471,0.0,0.5741935483870968,0.0,0.7916666666666666,0.0,0.0,0.8839285714285714,0.0,0.0,0.0,0.0,0.0,0.0,0.0,0.0,0.0,0.0,0.0,0.8632889895273139,0.0,0.0,0.0,0.0,0.7919441801458929,0.4098360655737705,0.0,0.0,0.0,0.0,0.33333333333333326,0.0,0.8278728606356969,0.0,0.0,0.0,0.8653364132304516,0.5087719298245614,0.0,0.6070460704607046,0.6172566371681417,0.6882196634189548,0.0,0.6801125703564728,0.7070976341219594,0.7333333333333334,0.7853253081112066,0.0,0.23076923076923073,0.0,0.0,0.93098479936604,1.0,0.2659768715763845,1.0,0.0,0.0,0.0,0.0,1.0,0.745724907063197,0.9593077642656689,1.0,0.0,0.5,0.5,0.0,0.0,0.0,0.0,0.2387096774193549,0.0,0.9496707431796801,1.0,0.7142857142857143,0.9232827832292596,0.0,0.5934204976803037,0.41509433962264153,0.5129032258064515,0.5714285714285714,0.7210973220117569,0.3907162619120812,0.625,0.0,1.0,1.0,1.0,0.9025078622691718,0.5,0.0,0.0,0.967741935483871,1.0,0.8687345712139101,0.07142857142857151,0.0625,0.30149501661129585,0.5490833826138379,0.0,0.49425287356321845,0.0,0.39584596725288057,0.2727272727272728,1.0,0.5564368517388651,0.0,1.0,0.0,0.0,0.0,0.22111010009099175,1.0,0.7083021690351533,0.33333333333333337,0.0,0.41002277904328,0.0,1.0,1.0,0.5697806354009077,0.0,0.8,0.0,0.9,0.8823529411764706,0.7749752720079128,0.7,0.5,1.0,1.0,0.8914912540764898,1.0,0.2857142857142857,0.0,0.962962962962963,1.0,0.0,0.7975735789710178,0.3720430107526882,1.0,0.7529261996534531,0.11043017088980556,0.0,0.6363636363636364,0.0,1.0,0.0,0.75,0.22972972972972971,1.0,1.0,0.0,0.0,0.0,0.0,0.0,0.0,0.9789288034902071,1.0,0.0,1.0,0.0,0.0,0.13636363636363646,0.0,0.0,0.0,0.375,0.0,1.0,0.623632088461457,0.0,0.0,0.0,0.0,0.0,0.0,0.0,0.0,0.5827424878213476,0.9259259259259259,0.0,0.0,0.0,0.0,0.0,0.9580708988475539,0.0,0.0,0.7227583292244841,0.11550888529886927,0.0,0.8101670814077497,0.0,0.6071893921974401,0.0,0.0,1.0,0.0,0.0,0.0,0.0,0.0,0.0,0.0,0.0,0.0,0.0,0.0,0.7455279610976033,0.0,0.0,0.0,0.0,0.6320406657374764,0.0,0.3555982519590115,0.0,0.0,0.0,0.0,0.0,0.9200241740531829,0.0,0.0,0.0,0.5841703981604744,1.0,0.6122233930453109,1.0,0.0,0.5354742345033607,0.0,0.0,0.0,0.29999999999999993,0.31271878646441076,0.5944533762057878,0.0,0.6666666666666667,0.0,0.774060395394308,0.0,0.0,0.6829974390379691,0.0,0.0,0.0,0.0,0.0,0.0,1.0,0.8253068932955618,0.33922025991336224,0.0,0.6,0.0,0.0,0.5714285714285714,0.0,0.19874599008457283,0.19999999999999996,0.5282657297987863,0.0,0.33333333333333337,0.41176470588235303,0.0,1.0,0.0,0.0,0.0,0.0,0.0,0.0,0.0,0.6966824644549763,0.6704918032786885,0.0,0.23767798466593637,0.5,0.0,0.5,0.6559934318555007,0.26315789473684215,0.03886397608370695,0.0,0.0,0.5773115773115773,0.0,0.23529411764705876,0.03606965174129362,1.0,0.0,0.0,0.0,0.6046511627906976,0.01115760111576003,0.0,0.0,0.5,0.0,0.0,0.0,0.1628318584070797,0.4285714285714285,0.31845238095238104,0.0,0.56,0.0,0.0,0.671866594943518,0.0,0.0,0.0,0.0,0.0,0.0,0.5,0.0,0.0,0.5,0.28063026351534925,0.26923076923076916,0.0,0.6318413472191448,0.7777777777777778,0.5287569573283859,0.0,0.0,0.0,0.8076448828606658,0.16840600428877772,0.0,0.0,0.0,0.0,0.0,0.41463414634146345,0.7368421052631579,0.0,0.0,0.0,0.0,0.0,0.0,0.0,0.0,0.04604569420035154,0.5143799102132436,0.0,0.0,0.5,0.0,0.0,0.33333333333333326,0.0,0.0,0.0,0.7,0.0,0.5714285714285714,0.6873600979113323,0.0,0.0,0.0,0.0,0.0,0.0,0.0,0.0,0.7059874249785654,0.9433962264150944,0.0,0.0,0.0,0.0,0.0,0.4079379289764249,0.671477307232036,0.0,0.8576815871454337,0.6654365459217089,m2
0.0,0.0,0.0,0.0,0.0,0.95,0.0,0.0,0.0,0.0,0.0,0.0,0.7761246280413093,0.0,0.0,0.0,0.0,0.5146681369659867,0.45586249412869884,0.5709131943850769,0.0,0.0,0.25,0.0,0.040669298983753155,0.2028341967491708,0.0,0.0,0.0,0.0,0.0,0.628045491324283,0.0,0.0,0.0,0.0,0.45081640780565513,0.7246223419609352,0.08823529411764697,0.7195620630523678,0.612316076294278,0.5769230769230769,0.9239153973868476,0.33749429136854936,0.6122448979591837,0.462962962962963,0.3211694877995164,1.0,0.33333333333333337,0.0,0.2629770193945551,0.0,0.0,0.33397440300386927,0.0,0.0,0.5787926455040099,0.5236864771748492,0.3894189071986124,0.0,0.6418088060293534,0.19636067354698528,0.40353460972017663,0.33333333333333337,0.0,1.0,0.0,0.0,0.7676823231767682,0.5908111988513998,0.5714285714285714,0.0,0.558974358974359,1.0,0.0,0.0,0.0,0.19354838709677413,0.16455696202531644,0.8571428571428572,0.0,1.0,0.6428571428571428,1.0,0.0,9.925558312640081e-05,0.0,0.6351489652035479,0.625,0.8787878787878788,0.33333333333333337,0.0869565217391306,1.0,0.0,0.584055459272097,1.0,0.27651356993736953,0.0,0.6458845208845208,0.5538160469667319,0.125,0.8816185795814838,0.8693710457759584,0.33333333333333337,0.0,0.6492931695072004,0.75,0.0,0.19999999999999996,0.6666666666666667,0.7649397731259502,1.0,0.1514267185473409,0.0,0.0,0.0,0.0,0.875,0.6666666666666667,0.35730574324324327,0.5,0.875,0.0,0.29999999999999993,0.0,0.0,0.558974358974359,0.25,0.0,0.5,0.5342955419167734,0.0,0.51,0.0,0.0,0.0,0.0,0.10269497754185397,0.0,0.0,0.9084054585036904,0.0,0.026929260450160752,0.4444444444444444,0.0,1.0,0.3076923076923077,0.36936936936936937,0.21595836947094538,0.8780918727915195,0.0,0.0,0.0,0.0,0.0,0.0,0.8900711718694948,0.9945827852954946,0.2461276372690342,0.3616574409274589,0.9436619718309859,0.9922971114167813,0.0,0.84,0.0,1.0,0.0,0.0,0.16666666666666663,0.7,0.0,0.48432441642528534,0.0,0.0,0.0,0.0,0.0,0.0,0.0,0.0,0.0,0.0,0.0,0.0,0.0,0.0,0.0,0.6469536576974919,0.0,0.7480849065928634,0.5595619228178117,0.0,0.0,0.0,0.0,0.0,0.8318452380952381,0.0,0.0,0.0,0.0,0.0,0.0,0.8214611872146118,0.0,0.0,0.0,0.0,0.7148376192200894,0.734395097223273,0.7549846625766872,0.0,0.0,0.0,0.0,0.0,0.5469100440457211,0.0,0.0,0.25,0.0,0.0,0.6243309002433091,0.0,0.0,0.0,0.0,0.5087719298245614,0.7563451776649746,0.7377351530800442,1.0,0.6882196634189548,0.6560415122312824,1.0,0.19372630127542223,0.7333333333333334,0.7853253081112066,0.49440802159660624,1.0,1.0,0.0,0.0,1.0,0.2659768715763845,0.3671401712972635,0.0,0.0,0.7088673816374575,0.7374727668845316,0.6233766233766234,0.8285714285714285,0.7301387137452711,0.7368421052631579,0.2887773722627738,0.5,1.0,1.0,0.05695570112135029,0.5,1.0,0.8425096030729833,1.0,0.1408918406072106,1.0,0.7142857142857143,0.39117732982763653,0.0,0.0,0.5,0.4267241379310345,1.0,0.0,0.3431763766959298,0.75,1.0,0.23864795918367343,0.33333333333333326,1.0,0.7704545454545455,0.5,0.6825396825396826,1.0,0.19354838709677402,1.0,0.6177276642392922,0.7857142857142857,0.8125,0.0,0.0,0.4077669902912622,0.33333333333333337,0.3460884353741498,1.0,0.8181818181818182,0.0,0.47777777777777786,0.7503052503052503,1.0,0.0,0.5,1.0,0.8782657031684269,0.0,0.7560137457044673,0.33333333333333337,0.0,0.005331302361005319,0.0,1.0,1.0,0.3451647953639986,1.0,1.0,0.0,0.44999999999999996,0.3529411764705882,0.41839762611275955,1.0,0.0,0.0,1.0,0.8929425084916341,0.6666666666666667,0.7857142857142857,0.12645322840279005,0.0,0.0,0.0,0.5040530582166545,0.2803889789303079,0.0,0.9595117143073774,0.0988647635842611,0.0,0.6363636363636364,0.0,0.0,0.65,0.75,0.3711340206185567,0.5,1.0,0.0,0.0,0.0,0.0,0.0,0.8269697972302311,0.9736614853195165,0.8344943550324285,0.5417200081811364,0.9558823529411765,0.9576271186440678,0.0,0.9545454545454546,0.0,0.9948831656148729,0.7156549520766773,0.0,0.1724137931034483,1.0,0.5261985852763951,0.5466391306485715,0.0,0.0,0.0,0.0,0.0,0.0,0.0,0.0,0.0,0.0,0.0,0.0,0.0,0.0,0.0,0.9878002086111515,0.0,0.752395685617292,0.4245105421686748,1.0,0.0,0.0,0.0,0.0,0.7142857142857143,0.0,0.0,0.0,0.0,0.0,0.0,0.7858113617830932,0.0,0.0,0.0,0.0,0.17113854595336087,0.5503519956491525,0.7053155510178035,0.0,0.0,0.33333333333333326,0.0,0.25374732334047123,0.7058599695585996,0.0,0.0,0.0,0.0,0.0,0.674245939675174,0.0,0.0,0.0,0.0,1.0,0.3335763762304047,0.0,0.35236457437661217,0.4867342957471713,0.5348516218081434,0.9252850963429021,0.3076923076923076,0.0,0.31271878646441076,0.0,1.0,0.33333333333333337,0.0,0.5467144563918758,0.0,0.0,0.014014325755216661,0.0,0.0,0.19373159444678167,0.2927525883612996,0.0,0.0,0.0,0.2636625119846596,0.33922025991336224,0.0,0.0,0.0,0.0,0.0,0.531610030012586,0.45049504950495034,0.3999999999999999,0.0,0.0,0.33333333333333337,1.0,0.0,0.0,0.0,0.0,0.5,0.2094994087504929,0.0,0.0,0.5,0.13943870014771043,0.20836065573770501,0.0,0.0,0.375,0.4655329486790162,0.0,0.0,0.0,0.17389138016940708,0.42500000000000004,1.0,0.5691756272401434,0.0,1.0,0.8010291595197255,0.0,0.4222431668237512,0.13636363636363613,0.25,0.0,0.12929848693259982,0.0,0.0,0.33333333333333337,0.0,0.596455351056578,0.5,0.12041884816753934,0.0,0.4090368608799049,0.0,0.56,0.0,0.0,0.3009682625067239,0.0,0.6666666666666667,0.0,1.0,0.2570977917981073,0.0,0.0,0.6666666666666666,0.0,0.5,0.10637694851204549,0.0,0.5430894308943088,0.0,0.0,0.29309462915601014,0.0,0.3829787234042553,0.0,0.716787838730998,0.7759637665894249,0.0,0.19999999999999996,0.0,0.0,0.5,0.29268292682926833,1.0,0.3784090909090909,0.8294930875576036,0.0,0.0,0.0,0.0,0.0,0.0,0.6530612244897959,0.010672043010752641,0.0,0.1290548204158789,0.5,0.5,0.0,0.0,0.0,0.9804194183756227,0.7387816154473756,0.0,0.5,0.5714285714285714,0.16212149708482215,0.19674267100977194,0.0,0.0,0.0,0.0,0.0,0.0,0.0,0.0,0.0,0.0,0.0,0.0,0.0,0.0,0.2478731631863883,0.5085393623942746,0.0,0.6673100120627261,0.5943985678812728,m2
0.0,0.0,0.0,0.0,0.0,0.6666666666666667,0.0,0.0,0.0,0.0,0.0,0.5988818360129113,0.0,0.0,0.0,0.0,0.0,0.0,0.0,0.6619952200890904,0.7474427446365528,0.7571022727272727,0.25,0.7306257770410278,0.04064909089732227,0.0,0.0,0.0,0.0,0.0,0.8441762854144805,0.0,0.83596104623866,0.0,0.0,0.0,0.45081640780565513,0.513245870830171,0.0,0.7899990670771526,0.0,0.3846153846153846,0.9239153973868476,0.33749429136854936,0.6558993539612377,0.0,0.6837696702064276,0.4462151394422311,0.0,0.6292394224311619,0.2958228967143066,0.0,0.2632297712529875,0.34484119155652004,0.8262439807383628,0.7915281850765722,0.0,0.5283152097161419,0.5483870967741936,0.8183673469387756,0.6031195840554593,0.0,0.0,0.33333333333333337,0.8,1.0,0.16952016219869337,0.22222222222222232,0.32217604835663016,0.21871261067240966,0.5714285714285714,0.0,0.7179487179487178,0.0,0.0,0.0,0.0,0.0,0.0,0.2857142857142857,0.08745807085003665,0.7340727366520505,0.6428571428571428,1.0,0.0,0.0,0.0,0.8927150854449027,0.8,0.5631868131868132,0.0,0.7222612359550562,0.0,0.2941176470588235,0.0,0.0,0.0,0.18289604782464308,0.0,0.0,0.0,0.0,0.5124674358020097,0.0,0.0,0.0,0.75,0.0,0.0,0.0,0.6092510559390132,0.7777777777777778,0.14922952149229518,0.33333333333333326,0.17208774583963693,0.5826235093696763,0.8394892359645421,0.0,0.6666666666666667,0.3815455215930509,0.0,0.625,0.6666666666666667,0.29999999999999993,1.0,0.20239043824701186,0.6000000000000001,0.0,0.8571428571428571,0.5,0.9135064060420441,0.57364384797564,0.0,0.0,0.4722222222222222,0.6590165259202392,0.8333333333333334,0.10397553516819558,0.42122494942964994,0.18483829650976635,0.733079672546985,0.0,0.03325964630225087,0.36363636363636365,0.0,0.6666666666666667,0.3076923076923077,0.0,0.2195121951219512,0.0,0.0,0.6666666666666667,0.0,0.0,0.0,0.6230685311911137,0.40115541778216135,0.9915609176720636,0.28920652968407357,0.0,0.33333333333333326,0.0,0.8728790991106038,0.0,0.0,0.9968965871806617,0.5163487738419619,0.0,0.0,0.0,0.0,0.45862495631558564,0.0,0.0,0.0,0.0,0.0,0.0,0.0,0.0,0.0,0.0,0.0,0.0,0.517241379310345,0.9914977945406891,0.4827218856115586,0.022775150045709514,0.6666666666666667,0.0,0.0,0.0,0.0,0.0,0.0,0.0,0.0,0.0,0.0,0.0,0.0,0.0,0.7189150943396226,0.0,0.0,0.0,0.0,0.0,0.0,0.0,0.8911118583277292,0.8861120429386112,0.7142857142857143,0.0,0.7919441801458929,0.0,0.0,0.0,0.0,0.25,0.33333333333333326,0.6961668545659527,0.0,0.8655913978494624,0.0,0.0,0.0,0.5087719298245614,0.8451776649746193,0.0,0.6145552560646901,0.0,0.7174203113417346,1.0,0.251779935275081,0.7333333333333334,0.0,0.49440802159660624,1.0,1.0,0.6834583779921402,0.6335861321776814,1.0,0.25,0.3712773684756667,0.6923076923076923,0.9701492537313433,0.0,0.7395871061209707,0.6948051948051948,0.85,0.937246963562753,0.0,0.2029734970911441,0.5,1.0,0.0,0.0,0.0,0.0,0.5223463687150838,0.5,0.13123236124176862,0.7,0.0,0.21310080816673738,0.0,0.0,0.0,1.0,0.5714285714285714,0.2013189864630338,0.8023715415019763,0.625,1.0,0.1413969335604771,0.1428571428571428,1.0,0.9025078622691718,0.0,0.873015873015873,0.0,0.7096774193548387,1.0,0.8409626508605299,0.3571428571428571,0.0,0.5593803786574871,0.5490833826138379,0.0,0.0,0.0,0.0,0.6363636363636365,0.75,0.11917836078909905,0.0,1.0,0.0,0.0,0.0,0.8054846938775511,1.0,0.6622691292875988,0.33333333333333337,0.8842478842478843,0.5822922324823465,0.9725931947509,1.0,1.0,0.3451647953639986,0.0,0.8,1.0,0.44999999999999996,0.5882352941176471,0.8068475452196382,1.0,0.5,1.0,1.0,1.0,1.0,0.2857142857142857,0.0,0.37037037037037035,0.6364403205398566,0.8823529411764706,0.5671609245529874,0.0,0.7613086296110833,0.7227868610988363,0.0988647635842611,0.0,0.6363636363636364,0.0,1.0,0.65,0.0,0.5138888888888888,0.0,1.0,0.0,0.0,0.0,0.0,0.669374779229954,0.37038689172289085,0.977994227994228,0.8358742258218199,0.0,0.5,0.0,0.9272818810424713,0.0,0.0,0.9923247484223094,0.0,0.0,0.0,0.0,0.0,0.5506338371526085,0.0,0.0,0.0,0.0,0.0,0.0,0.0,0.0,0.0,0.0,0.0,0.0,0.5,0.9956454121306376,0.9222600518806745,0.6311805125093969,1.0,0.0,0.3258161316722742,1.0,0.0,0.0,0.0,0.0,0.0,0.0,0.0,0.0,0.0,0.0,0.4742268041237113,0.0,0.0,0.0,0.0,0.0,0.0,0.0,0.8885197927788983,0.710037844656695,0.881578947368421,0.33333333333333326,0.7782270292125745,0.262496166819994,0.0,0.0,0.0,0.0,0.0,0.8676743569345001,0.0,0.5,0.0,0.0,0.0,0.16666666666666663,0.9543568464730291,0.0,0.0,0.0,0.5845410628019323,0.9338322174084286,0.3076923076923076,0.29999999999999993,0.0,0.0,0.6666666666666667,0.0,0.5142722710163111,0.3657322221019591,0.0,0.0,0.13063777307963353,1.0,0.625674633770239,0.0,0.41691934505761075,1.0,0.7806122448979592,0.10000000000000009,0.0,0.0,0.0,0.8,0.0,0.0,0.5714285714285714,0.445063140101422,0.3388561053109398,0.6,0.0,0.5,0.33333333333333337,0.0,0.0,0.0,0.2857142857142857,0.0,0.0,0.20871107607410333,0.2857142857142857,0.0,0.5,0.18411214953271038,0.0,0.0,0.013847675568743889,0.75,0.4028028028028029,0.5,0.5853858784893268,0.20000000000000018,0.0,0.0,1.0,0.0,0.0,0.0,0.0,0.625,0.31488494028546476,0.7142857142857142,0.25,0.0,0.0,0.0,0.0,0.0,0.0,0.36206896551724144,0.0,0.16139585605234463,0.4285714285714285,0.0,0.0,0.72,0.0,0.0,0.29427792915531337,0.0,0.33333333333333337,0.0,1.0,0.0,0.15694444444444422,0.0,0.0,0.0,0.5,0.6841119550515036,0.26923076923076916,0.0,0.5797127150203937,0.7777777777777778,0.0,0.0,0.38662486938349017,0.29220023282887087,0.0,0.11566565674567819,0.0,0.0,0.0,0.0,0.0,0.29268292682926833,0.0,0.3784090909090909,0.0,0.0,0.0,0.0,0.0,0.0,0.5967741935483871,0.0,0.80625,0.0,0.0,1.0,0.0,0.7998441500612268,0.0,0.0,0.9468196037539103,0.0,0.0,0.0,0.0,0.0,0.46205699111428866,0.0,0.0,0.0,0.0,0.0,0.0,0.0,0.0,0.0,0.0,0.0,0.0,0.0,0.8861209964412812,0.24538918412003752,0.29190286362140205,0.0,0.0,0.0,m2
0.0,0.0,0.0,0.0,0.0,0.0,0.0,0.0,0.0,0.0,0.0,0.0,0.0,0.0,0.0,0.0,0.0,0.0,0.0,0.7607454796199816,0.0,0.0,0.25,0.0,0.106123492128399,0.0,0.0,0.0,0.0,0.0,0.0,0.0,0.0,0.0,0.0,0.0,0.45081640780565513,0.8231772638477535,0.0,0.0,0.6372541180233489,0.3846153846153846,0.0,0.43038850912866666,0.9146341463414634,0.4689871329594194,0.15606282850507247,0.33333333333333326,0.6666666666666667,0.30565815983881794,0.01742408079083968,0.0,0.0,0.871985410665894,0.0,0.0,0.0,0.4568314267213469,0.45299145299145305,0.0,0.9814159292035398,0.23224932249322494,0.5596465390279823,0.0,0.4,0.0,0.1252956383037237,0.0,0.6794265232974911,0.0,0.1428571428571428,0.8196321582834053,0.7179487179487178,1.0,0.7227997227997228,0.8333333333333334,0.0,0.19354838709677413,0.0,0.5714285714285714,0.0,0.29689440993788796,0.0,1.0,0.37809545768964725,0.3348958733574119,0.0,0.0,0.0,0.0,0.0,0.9578651685393258,0.33333333333333337,0.2941176470588235,0.0,0.0,0.0,0.5672137109605855,1.0,0.6437549096622153,0.0,0.0,0.5124674358020097,0.5,0.0,0.0,0.75,0.0,0.0,0.6666666666666667,0.4591836734693878,0.0,0.2424348434493614,0.4444444444444444,0.0,0.0,0.6209987195902689,0.875,0.6666666666666667,0.6455628813628732,0.5,0.625,0.0,0.75,0.5454545454545454,0.201859229747676,0.6000000000000001,0.75,0.8571428571428571,0.0,0.0,0.6850842266462482,0.0,0.19348141997093615,0.0,0.6123724744948988,0.8333333333333334,0.5524868630086766,0.5449711175526036,0.18483829650976635,0.9971174910642223,0.6218698057167771,0.0,0.4444444444444444,0.11111111111111116,0.0,0.3076923076923077,1.0,0.22345890410958913,0.0,0.0,0.0,0.0,0.0,0.0,0.0,0.0,0.0,0.6912770334130205,0.3596829604181784,1.0,0.9924303865909705,0.0,0.76,0.0,0.0,0.529071706503613,0.0,0.0,0.0,0.5128782195548887,0.454086107615452,0.0,0.0,0.0,0.0,0.0,1.0,0.0,0.5071243964245641,0.9491021262531674,0.0,0.0,0.0,0.7483870967741936,0.0,0.17692589386776758,0.022625225497286294,0.0,0.8651595592852657,0.6576360657727078,0.0,0.0,0.0,0.0,0.0,0.7678571428571429,0.0,0.0,0.0,0.0,0.0,0.0,0.0,0.0,0.0,0.0,0.0,0.0,0.0,0.8721991253172074,0.0,0.0,0.0,0.0,0.8681318681318682,0.6143936028431808,0.0,0.0,0.0,0.33333333333333326,0.0,0.0,0.0,0.0,0.0,0.0,0.5087719298245614,0.8018994413407821,0.0,0.19435736677115978,0.717948717948718,0.7174203113417346,0.0,0.40619793402199267,1.0,0.7917709202112871,0.19704433497536955,0.0,1.0,0.07314252674183286,0.5763273539370364,0.0,0.2659768715763845,0.8602424365895895,0.0,0.0,0.0,0.3865997850232892,1.0,0.2571428571428571,0.1885612153708669,0.6696428571428572,0.8493611297915266,0.5,0.5,0.0,0.0,0.5,0.0,0.0,0.0,0.9819734345351043,0.7,1.0,0.9232827832292596,0.8333333333333334,0.0,0.5,0.0,0.8571428571428571,0.2013189864630338,0.3431763766959298,0.0,0.0,0.7345663265306123,0.5238095238095237,1.0,0.0,0.0,0.0,0.0,0.967741935483871,1.0,0.31618510688278145,0.0,0.0,0.5824,0.9260792430514488,0.941747572815534,1.0,0.6296296296296295,0.0,0.6363636363636365,1.0,0.11917836078909905,0.0,1.0,0.0,0.0,1.0,0.7845719661335842,1.0,0.7083021690351533,0.6666666666666667,0.0,0.41091797935904395,0.8989515545914678,1.0,1.0,0.5697806354009077,1.0,0.8,0.0,0.44999999999999996,0.8235294117647058,0.7861230329041488,1.0,1.0,1.0,1.0,0.0,1.0,0.2857142857142857,0.15147407658420875,0.0,0.31285988483685223,0.8823529411764706,0.7959094865100087,0.9102457309454395,0.7613086296110833,0.9779631297094924,0.9310040780337264,0.590621403912543,0.6363636363636364,0.0,0.0,0.65,0.875,0.3948717948717948,0.0,1.0,0.8656716417910448,0.0,0.0,0.0,0.0,0.0,0.0,1.0,0.5422747803981207,1.0,0.9576271186440678,0.0,0.8181818181818182,0.0,0.0,0.0,0.0,0.0,0.0,0.0,0.8489633065066158,0.0,0.0,0.0,0.0,0.0,1.0,0.0,0.5827424878213476,0.9259259259259259,0.0,0.0,0.0,0.5,0.0,0.772287798801827,0.6957811341372985,0.0,0.48447734903946715,0.7498409813721036,0.0,0.0,0.0,0.0,0.0,0.7142857142857143,0.0,0.0,0.0,0.0,0.0,0.0,0.0,0.0,0.0,0.0,0.0,0.0,0.0,0.793973283628456,0.0,0.0,0.33333333333333326,0.0,0.0,0.0,0.0,0.0,0.0,0.0,0.0,0.0,0.0,0.0,0.0,0.0,1.0,0.9612220916568743,0.19999999999999996,0.0,0.44031830238726777,0.5845410628019323,0.22178529296106964,0.7692307692307692,0.75,0.31271878646441076,0.0,0.0,0.6666666666666667,0.421934312592837,0.0,0.0,0.0,0.5890077821011674,0.0,0.0,0.0,0.3737950731881471,1.0,0.0,0.8571428571428572,0.35471406491499224,0.17460846384538486,0.0,0.6,0.0,0.3900928792569659,0.0,0.37075606276747486,0.0,0.19999999999999996,0.577131906739061,0.5,0.33333333333333337,0.0,0.6666666666666667,0.0,0.0,0.0,1.0,0.20871107607410333,0.0,0.0,0.0,0.0,0.4276030368763557,0.0,0.5678612716763005,0.0,0.0,0.5,0.6559934318555007,0.15789473684210542,0.0,0.02164502164502169,0.33333333333333337,0.0,0.549731182795699,1.0,0.5986277873070327,0.625,0.31096131301289565,0.7142857142857142,0.0,0.4098360655737705,0.0,0.0,0.0,0.0,0.0,0.057103064066852616,0.0,0.24825662482566235,0.4285714285714285,0.06408345752608058,0.0,0.75,0.0,0.0,0.671866594943518,0.0,0.33333333333333337,0.0,1.0,0.16561514195583604,0.0,0.0,0.6666666666666666,0.0,0.0,0.09012753897024095,0.26923076923076916,0.0,0.0,0.0,0.8751283631135757,0.0,0.0,0.36798564736369976,0.0,0.8218012866333095,0.3884492857876889,0.0,0.0,0.5,0.5,0.29268292682926833,1.0,0.3784090909090909,0.047235023041474644,0.0,0.0,0.0,0.0,0.0,0.0,0.045038705137227186,0.8392351653047054,1.0,0.7033432770663561,0.0,0.5,0.0,0.33333333333333326,0.0,0.0,0.0,1.0,0.0,0.0,0.0,0.4872441827866555,0.0,0.0,0.0,0.0,0.0,0.9965156794425087,0.0,0.697845546957973,1.0,0.0,0.0,0.0,0.5555555555555556,0.0,0.0,0.33186464575255537,0.0,0.3178902003036387,0.5922853842561873,m2
0.0,0.7065637065637065,0.0,0.0,0.0,0.0,0.7857142857142857,0.0,0.0,0.6898251222621835,0.0,0.5988818360129113,0.7842623471494362,0.0,0.0,0.0,0.8888888888888888,0.0,0.0,0.0,0.0,0.0,0.0,0.0,0.0,0.0,0.7806113832122952,0.0,0.0,0.77227200843437,0.0,0.8840868352917746,0.0,0.0,0.7838427947598253,0.0,0.0,0.0,0.7311152363272883,0.0,0.0,0.1794871794871794,0.0,0.9772727272727273,0.6558993539612377,0.0,0.22778819537458705,0.0,0.33333333333333337,0.6220912998369645,0.404312244255587,0.0,0.7028985507246377,0.9307068581332013,0.0,0.0,0.576962457337884,0.620576900618942,0.0,0.022099447513812098,0.3537794299876085,0.0,0.0,0.33333333333333337,0.4,0.0,0.0,0.33333333333333337,0.39661840093533585,0.26830414854859563,0.1428571428571428,0.7510432473444613,0.6000000000000001,1.0,0.7611464968152867,0.8333333333333334,0.995982694684796,0.7741935483870968,0.16455696202531644,0.2857142857142857,0.4283828382838283,0.3199762540813297,0.6428571428571428,1.0,0.3341056086494836,0.07928388746803072,0.0,0.6191013236778061,0.0,0.46461538461538454,0.33333333333333337,0.75,1.0,0.7647058823529411,0.875,0.2666666666666666,0.0,0.6551792961213492,0.5291095890410958,0.11211901306240935,0.125,0.44921832591466726,0.0,0.5,0.5926518734085122,0.6329092451229854,0.75,0.0,0.0,0.6666666666666667,0.0,0.0,0.3437874072300695,0.0,0.16842900302114794,0.20467258966765378,0.0,0.875,0.6666666666666667,0.8910906142306912,0.0,0.5,0.6666666666666667,0.75,0.0,0.7086397058823529,0.7179487179487178,0.75,0.8571428571428571,0.0,0.0,0.7005593288054335,0.46190476190476193,0.0,0.7222222222222222,0.6230141271936256,0.8333333333333334,0.4046193327630452,0.5103864578634185,0.18483829650976635,0.2137692549512733,0.9045059288537549,0.1971391155434674,0.4444444444444444,0.0,0.0,0.0,0.5,0.20263157894736838,0.0,0.0,0.0,0.0,0.0,0.0,0.0,0.9896027212630768,0.0,0.0,0.7084598184537472,1.0,0.0,0.6325388205525699,0.76,0.0,1.0,0.0,0.206896551724138,0.0,0.0,0.3442735042735041,0.34002994156565414,0.43876148616348865,0.0,0.0,0.0,0.0,0.0,0.0,0.740044629912127,0.0,0.0,0.0,0.0,0.0,0.0,0.0,0.08843799273071828,0.0,0.7031167459059695,0.0,0.0,0.5741935483870968,0.0,0.0,0.0,0.625,0.0,0.0,0.0,0.6362799263351748,0.0,0.7146275946275946,0.913323782234957,0.0,0.0,0.0,0.9322033898305084,0.0,0.0,0.0,0.0,0.0,0.0,0.0,0.0,0.0,0.6206896551724137,0.0,0.0,0.9166666666666666,0.0,0.600216951826833,0.0,0.0,0.7954545454545454,0.0,0.0,0.21185462936256128,0.8548915587455141,0.15250965250965254,0.0,0.24974093264248698,0.6276901004304161,1.0,0.7333333333333334,0.01867816091954022,0.28954378954378956,0.0,1.0,0.6151636990235496,0.7008227374719521,0.0,0.2574558734023127,0.8113830079736046,0.0,0.0,0.9230769230769231,0.26872088857040477,0.06493506493506473,0.2571428571428571,0.6794871794871795,0.0,0.0,0.5,1.0,0.0,0.05695570112135029,0.2500000000000001,1.0,0.5318066157760815,0.0,0.668421052631579,1.0,1.0,0.8939929328621908,1.0,1.0,0.625,0.5672043010752688,0.5714285714285714,0.7020968908170644,0.3431763766959298,0.625,0.0,0.5935464772054471,0.0,1.0,0.8199423815620999,0.0,0.6124031007751938,1.0,0.19354838709677402,1.0,0.9371027099364336,0.9081400636653024,0.0625,0.5824,0.7676566009483403,0.0,0.0,0.16666666666666663,0.5649546827794562,0.8181818181818182,0.9166666666666666,0.980272523896685,0.8029556650246306,1.0,0.0,0.0,1.0,0.5695606694560671,1.0,0.8333333333333334,0.33333333333333337,0.8809523809523809,0.2456207159177457,0.0,1.0,1.0,0.93589258698941,0.0,0.8,1.0,0.44999999999999996,0.3529411764705882,0.9325396825396826,0.7,1.0,1.0,1.0,0.0,1.0,0.0,0.15147407658420875,0.7777777777777778,0.38547904191616755,0.8823529411764706,0.5040530582166545,0.9102457309454395,0.7627118644067796,0.5672060830571262,1.0,0.905638665132336,0.6363636363636364,0.0,0.0,0.44999999999999996,0.25,0.10810810810810811,0.0,1.0,0.8095238095238095,0.0,0.0,0.0,0.0,0.9689991880244009,0.18518518518518523,0.43141964929137633,0.8912578183495814,1.0,0.0,0.7903935957304871,0.8181818181818182,0.0,0.9926556092784136,0.735897435897436,0.375,0.0,0.0,0.0,0.8585266121464004,0.5698110272960573,0.0,0.0,0.0,0.0,0.0,0.0,0.8936478078425698,0.0,0.0,0.0,0.0,0.0,0.0,0.0,0.8622733476311172,0.0,0.4841934240237924,0.0,0.0,0.7966804979253113,0.0,0.0,0.0,0.7142857142857143,0.9838709677419355,0.0,0.0,0.7052559257986946,0.0,0.4739187965735775,0.6111043909519778,0.0,0.0,0.0,0.6923076923076923,0.0,0.0,0.0,0.0,0.27142857142857135,0.0,0.0,0.25374732334047123,0.0,0.8840486867392697,0.0,0.0,0.75,0.0,0.9082608695652173,0.0,0.0,1.0,0.0,0.0,0.5615384615384615,0.0,0.0,0.1458885941644562,0.03127572016460922,0.0,0.7692307692307692,0.29999999999999993,0.0,0.21616871704745155,0.0,0.33333333333333337,0.679056719558166,0.4307692307692309,0.0,0.47542011537496864,0.37181082762912265,0.0,0.0,0.8663239074550129,0.6818993216708318,0.0,0.0,0.0,0.0,0.0,0.0,0.4,0.0,0.0,0.5714285714285714,0.5328523328523329,0.7034482758620689,0.19999999999999996,0.577131906739061,0.0,0.33333333333333337,0.8823529411764706,0.6666666666666667,1.0,1.0,0.0,0.0,0.0,0.0,0.0,0.0,0.0,0.42816901408450714,0.0,0.062178072111846894,0.4,0.7519531249999999,0.0,0.0,0.0,0.6731439960139511,0.45656779661016955,0.0,0.0,0.20916666666666672,0.23529411764705876,0.0,0.0,0.23390620448587252,0.0,0.25,1.0,0.10729023383768921,0.0,0.0,1.0,0.0,0.04364569961489073,0.0,0.24825662482566235,0.0,0.0,0.4742010652463382,0.0,0.0,0.0,0.9665970772442589,0.0,0.0,0.0,1.0,0.2570977917981073,0.6472222222222221,0.5,0.6666666666666666,0.0,0.0,0.16452905811623242,0.26923076923076916,0.4951923076923077,0.0,1.0,0.0,0.0,0.3829787234042553,0.38786489987047934,0.0,0.0,0.843619765826553,0.20000000000000007,0.0,0.0,0.5,0.0,0.0,0.32777777777777783,0.0,0.0,0.33333333333333326,0.0,0.0,0.0,0.0,0.8476425052779732,0.8573118688469177,0.6666666666666667,0.9516516092603049,0.6666666666666667,0.0,0.9424635332252836,0.33333333333333326,0.0,0.9879112894410257,0.3366228070175439,0.7,0.0,0.0,0.0,0.46673525377229075,0.22701937134502914,0.0,0.0,0.0,0.0,0.0,0.0,0.5243301717310256,0.0,0.0,0.0,0.0,0.5,0.0,0.2613719928563927,0.20493101108346534,0.0,0.35784509100571293,0.0,m2
0.0,0.0,0.0,0.8826680672268907,0.0,0.0,0.0,0.0,0.8542607648298706,0.0,0.0,0.0,0.0,0.0,0.0,0.0,0.8888888888888888,0.0,0.0,0.0,0.0,0.0,0.0,0.0,0.0,0.16933165648580673,0.0,0.0,0.8571428571428572,0.0,0.8449905482041588,0.884327120779996,0.0,0.0,0.0,0.0,0.45081640780565513,0.8868871825162433,1.0,0.2813880706921943,0.6084667771028899,0.1794871794871794,0.2591496426766766,0.9625513776830568,0.6541353383458648,0.8515341471461564,0.21864181671710714,0.0,0.0,0.0,0.3786182343532325,0.0,0.43905769887333557,0.3602241999892555,0.0,0.9032426097148066,0.0,0.538101243019276,0.45299145299145305,0.0,0.9754959159859977,0.19636067354698528,0.0,0.1428571428571429,0.0,1.0,0.16952016219869337,0.33333333333333337,0.0,0.29504666188083273,0.0,0.31656681064511616,0.38636363636363635,0.0,0.11782518926359264,0.0,0.7354758961681088,0.7741935483870968,0.16455696202531644,0.5714285714285714,0.08745807085003665,0.978021978021978,0.0,1.0,0.0,0.0,0.0,0.4631733862687386,0.0,0.0,0.33333333333333337,0.6379915730337079,0.0,0.2941176470588235,0.8753358409457281,1.0,0.8622129436325678,0.6540276485444637,0.3727382388419783,0.0,0.0,0.0,0.5124674358020097,0.5,0.6210673644495832,0.6495709570957096,0.75,0.0,0.0,0.6666666666666667,0.6092510559390132,0.7777777777777778,0.0,0.11111111111111105,0.6020460358056265,0.9086882453151618,1.0,0.0,0.6666666666666667,0.2694003527336858,0.5,0.0,0.0,0.29999999999999993,1.0,0.19218891916439595,0.38636363636363635,0.75,0.8571428571428571,0.5,0.6406548300878196,0.0,0.46190476190476193,0.5351963048498847,0.7222222222222222,0.6680865305625704,0.8333333333333334,0.0,0.5449711175526036,0.13923171860536887,0.733079672546985,0.30526593638643273,0.19071543408360148,0.4444444444444444,0.11111111111111116,0.8333333333333334,0.1923076923076923,1.0,0.5625,0.37750294464075396,0.0,0.6666666666666667,0.0,0.9035507055255176,0.9803921568627451,0.0,0.5027659574468085,0.9951988619524628,0.07474319929799211,0.0,0.33333333333333326,0.0,0.0,0.16000000000000003,0.0,0.0,0.0,0.0,0.5714285714285714,0.7,0.9144399791391846,0.45622610272379693,0.0,0.0,0.0,0.0,0.0,0.9996353425956314,0.0,0.0,0.0,0.0,0.0,0.9670932358318098,0.6911764705882353,0.0,0.4827218856115586,0.0,0.0,0.0,0.5544319980518689,0.0,0.0,0.0,0.7916666666666666,0.0,0.0,0.0,0.0,0.5945945945945946,0.0,0.0,0.0,0.0,0.0,0.0,0.0,0.9322033898305084,0.0,0.0,0.0,0.0,0.0,0.0,0.0,0.4098360655737705,0.0,0.0,0.0,1.0,0.0,0.6902332361516035,0.6011189085733916,0.0,0.0,0.0,0.0,0.5087719298245614,0.7563451776649746,1.0,0.0,0.717948717948718,0.3589325426241661,0.6612821807168098,0.994614607876136,0.7333333333333334,0.5485812553740326,0.19704433497536955,0.23076923076923073,1.0,0.0,0.6571428571428571,0.0,0.25,0.31991051454138675,0.0,0.9209157127991675,0.0,0.7374727668845316,0.6233766233766234,0.2571428571428571,0.04421052631578959,0.6696428571428572,0.17888365837256237,1.0,1.0,0.0,0.0,0.2500000000000001,0.33333333333333326,0.0043010752688174,0.0,0.8146754468485419,0.6437499999999999,0.0,0.0,0.0,0.6226522481502561,0.6886792452830188,0.4267241379310345,0.8571428571428571,0.0,1.0,0.0,1.0,0.37458782149923064,0.1428571428571428,1.0,0.5630997500201596,0.0,0.0,1.0,0.6129032258064515,1.0,0.32515831276161855,0.3571428571428571,0.8125,0.9268502581755593,0.72,0.08299866131191436,0.0,0.0,0.0,0.6363636363636365,0.9166666666666666,0.0,0.7733333333333333,1.0,0.0,0.0,1.0,0.8017359524897213,1.0,0.2869888475836433,0.0,0.6927536231884058,0.5087585681645088,0.9707884639188018,1.0,1.0,0.3451647953639986,1.0,0.0,0.0,0.44999999999999996,0.5882352941176471,0.8584558823529411,0.6437499999999999,1.0,1.0,1.0,0.8903936798778463,0.0,0.0,0.7656726533378515,0.7777777777777778,0.6364403205398566,0.8823529411764706,0.0,0.9362007168458781,0.7613086296110833,0.7227868610988363,0.0,0.6476810414971522,0.6363636363636364,0.0,1.0,0.0,0.875,0.21739130434782616,1.0,1.0,0.0,0.0,0.7689754036517278,0.9888888888888889,0.0,0.0,0.999057651532999,0.9182403433476395,0.0,0.5,0.0,0.0,0.13636363636363646,0.0,0.0,0.8320384757676655,0.0,0.6428571428571428,1.0,0.874537041356084,0.5403669266146771,0.0,0.0,0.0,0.0,0.0,1.0,0.0,0.0,0.0,0.0,0.0,0.7124183006535947,0.5,0.0,0.9241552484330823,0.7845244846550519,0.0,0.0,0.4443087445041525,1.0,0.0,0.0,0.8664911620910116,0.0,0.0,0.0,0.0,0.6828182294394971,0.0,0.0,0.0,0.0,0.0,0.0,0.0,1.0,0.0,0.0,0.0,0.0,0.0,0.0,0.0,0.0,0.3561741882016124,0.0,0.0,0.5454545454545454,0.0,0.8676743569345001,0.919921875,0.0,0.0,0.0,0.0,1.0,0.34774839170836314,1.0,0.05932932072227015,0.49416854778028585,0.34023464458247066,0.0,0.7692307692307692,0.29999999999999993,0.8700894593543368,0.6096570397111913,0.0,0.0,0.0,0.41194743130226996,0.0,0.47295266716754325,0.1424285357113092,0.0,0.9638386648122392,0.0,0.5544147843942505,1.0,0.0,0.8571428571428572,0.33826366559485543,0.0,0.4444444444444444,0.0,0.0,0.0,0.5714285714285714,0.0,0.38629142078983214,0.0,0.1121047588629831,0.5,0.33333333333333337,0.41176470588235303,0.0,1.0,1.0,0.0,1.0,0.216295427901524,0.5,0.0,0.5,0.17251184834123234,0.0,0.0,0.2818294190358469,0.0,0.0,0.0,0.4367816091954022,0.0,0.0,0.0,1.0,1.0,0.1714554875176636,1.0,0.0,0.625,0.31488494028546476,0.18796992481203012,0.25,0.24418604651162779,0.12929848693259982,0.0,0.0,0.0,0.0,0.33018867924528306,0.0,0.0,0.2857142857142857,0.39047619047619064,0.37653181131441993,0.72,0.0,0.0,0.17709213863060025,0.0,0.0,0.0,1.0,0.061514195583596276,0.13379310344827577,0.5,0.6666666666666666,0.0,0.5,0.18113642918950112,0.0,0.650632911392405,0.8274416310424202,0.5555555555555556,0.0,0.0,0.5733194009056078,0.3653287959163247,0.0,0.19539869608826466,0.6926330150068212,0.9,0.0,0.5,0.5,0.41463414634146345,1.0,0.9,0.0,0.0,1.0,0.0,0.8933747412008282,0.9166666666666666,0.0,0.045038705137227186,0.8058832464179029,0.4482758620689654,0.0,1.0,0.0,0.0,0.33333333333333326,0.0,0.0,0.8742733188720173,0.0,0.0,0.5714285714285714,0.8499441983158037,0.18271407644160365,0.0,0.0,0.0,0.0,0.0,0.994533527696793,0.0,0.0,0.0,0.0,0.0,0.9105691056910569,0.5555555555555556,0.0,0.2633204633204632,0.0,0.0,0.0,0.5887590560388076,m2
0.0,0.0,0.0,0.0,0.0,0.0,0.0,0.0,0.0,0.0,0.0,0.593064746844397,0.0,0.0,0.0,0.9159474671669794,0.0,0.0,0.0,0.0,0.0,0.0,0.0,0.7498274331919929,0.05604716572912172,0.0,0.6157187040733512,0.0,0.0,0.0,0.8013997362815701,0.0,0.0,0.0,0.0,0.0,0.0,0.0,0.0,0.0,0.873292840051537,0.0,0.2591496426766766,0.0,0.9568965517241379,0.0,0.16380371530886262,0.0,0.33333333333333337,0.0,0.26016319393851084,0.0,0.6446776611694154,0.5053076590754799,0.0,0.492832002747017,0.7463313051117691,0.4651162790697675,0.39152981849611057,0.0,0.6575672420714573,0.5531746031746032,0.40353460972017663,0.5714285714285714,0.0,0.0,0.1252956383037237,0.44444444444444453,0.0,0.0,0.5714285714285714,0.32387609649122806,0.6000000000000001,1.0,0.7227997227997228,0.0,0.0,0.19354838709677413,0.2666666666666666,0.8571428571428572,0.42536037136574634,0.9006211180124224,0.6428571428571428,1.0,0.0021711954733861782,0.0,0.0,0.17326907252850565,0.5714285714285714,0.0,0.33333333333333337,0.3125,1.0,0.6521739130434783,0.0,0.0,0.0,0.1440168965744837,0.9367533380182713,0.12020460358056284,0.125,0.24167409104407944,0.8693710457759584,0.5,0.5628910636932456,0.6810184351167957,0.75,0.0,0.19999999999999996,0.0,0.0,0.7777777777777778,0.30103200979534706,0.0,0.0,0.0,0.16945516945516959,0.0,0.6666666666666667,0.2390770216857171,0.0,0.5,0.0,0.75,1.0,0.11080835603996375,0.7179487179487178,0.75,0.9285714285714286,0.0,0.4954473220804879,0.829214038556599,0.0,0.0,0.41666666666666663,0.0,0.8333333333333334,0.42695384615384613,0.0,0.7054590315616326,0.42182751755213244,0.0,0.0,0.36363636363636365,0.7777777777777778,0.0,0.1923076923076923,0.9004329004329005,0.8205128205128205,0.37750294464075396,0.0,0.0,0.0,0.0,0.0,0.0,0.0,0.0,0.0,0.4856288223186388,1.0,1.0,0.0,0.15999999999999992,0.0,1.0,0.5382480293105363,0.206896551724138,0.0,0.0,0.001585081585081527,0.0,0.0,0.0,0.0,0.0,0.0,0.0,0.0,0.0,0.0,0.0,0.0,0.9558166473605825,0.0,0.9797352067008916,0.0,0.2481503607370984,0.0,0.8685184162571098,0.16084899971860833,0.0,0.0,0.0,0.0,0.0,0.8318452380952381,0.0,0.0,0.0,0.0,0.0,0.7189150943396226,0.0,0.0,0.0,0.9137700534759359,0.0,0.0,0.0,0.0,0.0,0.0,0.0,0.7940379403794038,0.8681318681318682,0.0,0.6666666666666667,0.0,0.0,0.33333333333333326,0.6907441016333938,0.0,0.0,0.0,0.0,0.0,0.0,0.0,0.0,0.15250965250965254,0.8974358974358975,0.0,0.6702127659574468,0.0,0.7333333333333334,0.0,0.4189944134078213,0.0,0.0,0.0,0.634536416684677,1.0,0.0,0.787037037037037,0.0,0.5392028033289531,0.8758021895054737,0.38674828952106577,0.6000000000000001,0.0,0.7517426273458445,0.7920277296360485,0.0,0.75,1.0,0.0,0.0,0.75,0.0,0.04301075268817223,1.0,0.8259013282732448,1.0,0.7777777777777778,0.9490445859872612,0.0,0.0,0.5,0.48677884615384603,1.0,0.7211465451784358,0.790827517447657,1.0,1.0,0.0,0.1428571428571428,1.0,0.45940594059405937,0.5,0.0,1.0,0.6129032258064515,1.0,0.6579907695610174,0.0,0.0625,0.4768756423432683,0.0,0.2799352750809063,0.0,0.46475770925110127,0.39584596725288057,0.8181818181818182,0.9166666666666666,0.980272523896685,0.7733333333333333,1.0,0.0,0.0,0.0,0.20515222482435602,1.0,0.0,0.33333333333333337,0.357348703170029,0.41002277904328,0.583,1.0,1.0,0.3451647953639986,0.0,0.8,0.0,0.44999999999999996,0.5882352941176471,0.30724637681159406,0.7,1.0,1.0,1.0,0.8914912540764898,1.0,0.2857142857142857,0.0,0.5555555555555556,0.0,0.8823529411764706,0.5570817383472191,0.2803889789303079,1.0,0.7532972667161699,0.1670611278870482,0.0,0.6363636363636364,0.8571428571428572,0.0,0.0,0.75,0.22666666666666668,0.5681818181818181,1.0,0.0,0.0,0.0,0.0,0.0,0.0,0.0,1.0,0.6432931525841485,1.0,1.0,0.0,0.13636363636363646,0.0,0.9948941819202982,0.0,0.375,0.0,0.0,0.8212677182241807,0.2654050311562429,0.0,0.0,0.0,0.0,0.0,0.0,0.0,0.0,0.0,0.0,0.0,0.9850199733688415,0.0,0.9937527241028621,0.0,0.0,0.0,0.41602295299050973,0.09195820081781025,1.0,0.0,0.0,0.0,0.0,0.7142857142857143,0.0,0.0,0.0,0.0,0.0,0.4739187965735775,0.0,0.0,0.0,0.8883455582722086,0.0,0.0,0.0,0.0,0.0,0.0,0.0,0.8007796746874579,0.0,0.229805524977722,0.5847083430165001,0.0,0.0,0.0,0.8686716791979949,0.0,0.0,0.0,0.0,0.0,0.0,0.648890479599141,0.19999999999999996,0.0,0.793800539083558,0.01534113847396057,0.0,0.15384615384615385,0.0,0.75,0.0,0.0,0.6666666666666667,0.0,0.3390168290522586,0.0,0.3704856787048567,0.0,0.25,0.41092327698309505,0.3395461912479739,0.3737950731881471,0.0,0.2857142857142857,0.0,0.3541666666666665,0.33922025991336224,0.7959183673469388,0.0,0.0,0.12765957446808518,0.4285714285714285,0.0,0.0,0.3999999999999999,0.1121047588629831,0.0,0.33333333333333337,0.41176470588235303,0.0,0.0,0.368421052631579,0.0,0.5,0.0,0.0,0.0,0.5,0.3962085308056873,0.0,0.0,0.03588681849551423,0.375,0.0,0.0,0.3327194597912829,0.0,0.17389138016940708,0.0,0.0,0.0,0.4331715924128805,0.0,0.3276157804459692,1.0,0.0,0.0,0.25,0.8688524590163934,0.18828451882845176,0.0,0.0,0.44444444444444453,0.0,0.0,0.0,0.5185840707964602,0.0,0.4090368608799049,0.0,0.5499999999999999,0.0,0.0,0.17709213863060025,0.0,0.0,0.0,1.0,0.061514195583596276,0.3222222222222221,0.5,0.6666666666666666,0.5,0.0,0.10637694851204549,0.26923076923076916,0.0,0.6106418918918919,0.0,0.28788748564867983,0.0,0.3829787234042553,0.703971119133574,0.8020603384841796,0.0,0.026125401929260272,0.17333333333333356,0.0,0.5,0.5,0.41463414634146345,0.4736842105263157,0.9,0.0,0.0,0.0,0.0,0.0,0.0,0.0,0.0450387051372273,0.848186968838527,1.0,0.866681110750009,0.5,1.0,0.0,0.33333333333333326,0.0,0.9854147675478578,0.0,0.7,0.0,0.0,0.4871715322805821,0.0,0.0,0.0,0.0,0.0,0.0,0.0,0.0,0.0,0.0,0.0,0.0,0.9105691056910569,0.0,1.0,0.0,0.7790092739199277,0.0,0.3067619571192962,0.8332318643750292,m2
0.5714285714285714,0.0,0.0,0.6836821870995301,0.0,0.0,0.0,0.0,0.0,0.0,0.0,0.0,0.7110729529509886,0.0,0.0,0.7492617238256487,0.0,0.5313406070765498,0.46505922961697943,0.0,0.0,0.0,1.0,0.0,0.0,0.0,0.0,0.029322268326417822,0.0,0.0,0.0,0.0,0.0,0.0,0.0,0.0,0.360116873630387,0.9023102310231023,1.0,0.27264150943396226,0.5073569482288829,0.3846153846153846,0.05355404089581306,0.47054346171411177,0.6618777146675575,0.0,0.18386208894683476,0.0,0.33333333333333337,0.8445234919223358,0.7964428339003107,0.0,0.0,0.8684493197057483,0.0,0.0,0.5505872364511107,0.0,0.3871466431095407,0.913160733549083,0.8461771844660193,0.0,0.0,0.0,0.0,0.0,0.0,0.33333333333333337,0.4378675628198274,0.26902753314174455,0.0,0.41490683229813674,0.6000000000000001,0.0,0.7321428571428571,0.0,0.0,0.3548387096774194,0.0,0.2857142857142857,0.5154626523766669,0.7158190646562739,0.6428571428571428,1.0,0.33943991221792846,0.25222589671839224,0.0,0.4698051056821301,0.0,0.0,0.33333333333333337,0.06882022471910121,0.5,0.17391304347826086,0.0,1.0,0.2808390732623669,0.0,0.31282894736842115,0.3752740026304252,0.0,0.24272630764524905,0.8693710457759584,0.5,0.0748848795953797,0.6813432385093918,0.75,0.0,0.0,0.0,0.0,0.0,0.0,0.7777777777777778,0.1659142212189617,0.0,0.6209987195902689,0.0,0.6666666666666667,0.36883209087681923,0.5,0.5,0.6666666666666667,0.75,1.0,0.0,0.7179487179487178,0.0,0.0,0.0,0.6461363308371951,0.4687271705535263,0.5286654135338346,0.03828370630663991,0.7222222222222222,0.6725631768953069,0.8333333333333334,0.0,0.4623745999011837,0.0,0.7329565117083863,0.6399935305177606,0.7295890410958905,0.4444444444444444,0.7777777777777778,0.8333333333333334,0.0,0.7054108216432866,0.0,0.437191760951552,0.0,0.34553990610328644,0.0,0.0,0.0,0.9335797678386244,0.8977953942411636,0.9936912939857002,0.0,0.0,1.0,0.0,0.5556013912757698,0.0,0.0,0.0,0.5052494858750947,0.0,0.0,0.7,0.0,0.0,0.28889923276941365,0.0,0.0,0.0,0.0,0.0,0.7658833087700647,0.0,0.0,0.0,0.0,0.0,0.0,0.0,0.7966135758428378,0.2683995930629959,0.6666666666666667,0.7257874842503149,0.0,0.0,0.0,0.0,0.7916666666666666,0.0,0.8191340782122905,0.0,0.0,0.0,0.0,0.0,0.0,0.8089275473140891,0.0,0.0,0.8241454173938956,0.0,0.7148376192200894,0.8815840061514801,0.0,0.0,0.0,0.0,0.0,0.4098360655737705,0.0,0.0,0.21212121212121204,0.25,0.33333333333333326,0.0,0.0,0.0,0.0,0.0,0.0,0.5087719298245614,0.8187766432041241,1.0,0.0,0.46153846153846145,0.7174203113417346,0.07945205479452067,0.49948293691830414,0.7333333333333334,0.0,0.0,0.0,1.0,0.960080413555428,0.9308652666522336,0.0,0.0,0.8994126284875184,0.0,0.0,0.7088673816374575,0.0,0.6948051948051948,0.9679276315789473,0.9461103867883529,0.0,0.0,0.5,1.0,0.0,0.05695570112135029,0.2500000000000001,1.0,0.23542116630669574,0.0,0.0,1.0,0.0,0.991701244813278,0.0,0.0,0.23113207547169812,0.0,0.5714285714285714,0.7463388724485924,0.7960344297571473,0.625,1.0,0.5935464772054471,0.0,1.0,0.5630997500201596,0.0,0.0,1.0,0.19354838709677402,1.0,0.32515831276161855,0.07142857142857151,0.8125,0.0,0.12840646651270204,0.08299866131191436,0.49425287356321845,0.0,0.39584596725288057,0.8181818181818182,0.9166666666666666,0.5564368517388651,0.684729064039409,1.0,0.0,0.0,0.0,0.3889585947302383,0.0,0.2471416007036058,1.0,0.8842478842478843,0.41002277904328,0.8993148298687725,1.0,1.0,0.31618759455370626,1.0,0.8,1.0,0.9,0.8823529411764706,0.401105651105651,0.7,0.5,0.0,1.0,0.8884772370486655,1.0,0.0,0.1504664970313826,0.7777777777777778,0.7887972841901068,0.8823529411764706,0.0,0.0,0.0,0.7086458744571653,0.9439725579875857,0.4371014492753623,0.6363636363636364,0.8571428571428572,1.0,0.44999999999999996,0.875,0.5846153846153846,1.0,1.0,0.7906976744186047,0.0,0.0,0.0,0.9690934572545549,0.854220600769482,0.9875430691757222,0.3476272155517439,0.0,1.0,0.0,0.7540013673895132,0.0,0.0,0.0,0.0,0.0,0.0,1.0,0.0,0.0,0.5657586937750215,0.0,0.0,0.0,0.0,0.0,0.7347577109908772,0.0,0.0,0.0,0.0,0.0,0.0,0.0,0.951479530824619,0.0,1.0,0.7227583292244841,0.3258161316722742,0.0,0.0,0.0,0.5231318918252941,0.0,0.7142857142857143,0.0,0.0,0.0,0.0,0.0,0.0,0.6310756486782799,0.0,0.0,0.6343799293923233,0.0,0.15755375593409648,0.5499775453903895,0.0,0.0,0.27142857142857135,0.33333333333333326,0.0,0.0,0.3555982519590115,0.0,0.0,0.0,0.0,0.0,0.0,0.0,0.0,0.0,0.0,0.5,0.953187250996016,1.0,0.06058446186742672,0.3930940304330863,0.6626506024096386,0.25244236029699085,0.7692307692307692,0.29999999999999993,0.0,0.39188102893890686,0.0,0.33333333333333337,0.8054575830703545,0.774060395394308,0.0,0.43619167717528373,0.6483873656138011,0.0,0.0,0.28072870939420547,0.0,0.25,0.7806122448979592,1.0,0.0,0.0,0.0,0.0,0.0,0.08910103420843296,0.5714285714285714,0.5304541493173236,0.20142036869144764,0.0,0.6892366656020441,0.0,0.33333333333333337,0.9411764705882353,0.0,0.0,1.0,0.0,0.0,0.0,0.0,0.0,0.5,0.0,0.36409836065573764,0.0,0.0,0.4,0.0,0.0,0.0,0.34024896265560167,0.0,0.0,1.0,0.1134421134421133,0.4880319148936171,0.0,0.03606965174129362,0.0,0.0,0.0,0.25,0.6046511627906976,0.18828451882845176,0.0,0.0,0.0,0.0,0.0,0.5,0.0,0.7142857142857142,0.0,0.13531928379020752,0.24,0.0,0.0,0.24416243654822334,0.0,0.0,0.0,0.0,0.0,0.0,0.5,0.0,0.0,0.0,0.13570761083999583,0.3846153846153846,0.6471774193548385,0.0,0.5555555555555556,0.0,0.0,0.5733194009056078,0.695626183122447,0.4247619047619047,0.16840600428877772,0.2526603001364256,0.9,0.0,0.5,0.0,0.0,0.7368421052631579,0.0,0.23024523160762944,0.0,0.6923076923076923,0.0,0.0,0.0,0.8805786395814097,0.6467276565798734,0.809554367201426,0.4482758620689654,0.0088503712558331,0.33333333333333337,0.0,0.3884281420460871,0.0,0.0,0.0,0.0,0.0,0.0,0.5714285714285714,0.0,0.0,0.16021734618795147,0.0,0.0,0.0,0.0,0.0,0.9327929753461668,0.0,0.0,0.0,0.0,0.0,0.5,0.0,0.4086879432624113,0.671477307232036,0.0,0.8639586410635155,0.0,m2
0.0,0.0,0.0,0.8757371301067842,0.75,0.6666666666666667,0.0,0.0,0.0,0.7013050382817143,0.0,0.0,0.0,0.0,0.0,0.8918811487627943,0.0,0.0,0.0,0.0,0.7201193170129603,0.0,0.0,0.0,0.0,0.16933165648580673,0.0,0.0,0.0,0.0,0.0,0.0,0.83596104623866,0.0,0.0,0.0,0.45081640780565513,0.06653513098761388,0.07070707070707072,0.0,0.5073569482288829,0.5769230769230769,0.05355404089581306,0.0,0.0,0.6887165951831079,0.9777305282005372,0.0,0.33333333333333337,0.28205128205128194,0.27968113100459224,0.0,0.0,0.3368056347017391,0.0,0.492832002747017,0.9113644421414351,0.4875111507582516,0.39457937346004934,0.0,0.23362831858407052,0.4937533948940793,0.5596465390279823,0.0,0.4,1.0,0.16952016219869337,0.0,0.6807706837929732,0.26395939086294395,0.5714285714285714,0.0,0.7179487179487178,0.5714285714285714,0.7247075017205782,0.0,0.7354758961681088,0.7741935483870968,1.0,0.5714285714285714,0.4211221122112212,0.0,0.6428571428571428,0.0,0.764134518464217,0.0,0.0,0.5499665651237091,0.66,0.0,0.33333333333333337,0.4595687331536389,1.0,0.7647058823529411,1.0,1.0,0.0,0.22856187663676386,0.0,0.15177923021060302,0.125,0.40587408217466026,0.5124674358020097,0.5,0.06867951982539078,0.5906875105059674,0.75,0.0,0.19999999999999996,0.6666666666666667,0.5308921890942069,0.7777777777777778,0.3420209356975006,0.0,0.40475319926873854,0.5792163543441227,0.0,0.0,0.6666666666666667,0.5845961490372593,0.5,0.625,0.0,0.29999999999999993,0.9090909090909091,0.1918256130790188,0.6000000000000001,0.0,0.0,0.0,0.0,0.3890880748246297,0.0,0.0,0.4722222222222222,0.630066676260373,0.8333333333333334,0.0,0.0,0.18483829650976635,0.2137692549512733,0.0,0.6432877813504823,0.36363636363636365,0.11111111111111116,0.8333333333333334,0.0,0.5827232796486091,0.21687763713080155,0.37750294464075396,0.0,0.6666666666666667,0.0,0.0,0.0,0.0,0.0,0.9913699418270153,0.0778310187065161,0.49209222353615456,0.33333333333333326,0.9960182025028441,0.6918259954120797,0.0,0.0,0.0,0.5173397717295874,0.0,0.0,0.0,0.3442735042735041,0.4382610116858707,0.0,0.0,0.0,0.0,0.0,0.9995794886582083,0.0,0.0,0.0,0.0,0.0,0.9377399683806369,0.0,0.0,0.0,0.0893480447257885,0.6666666666666667,0.0,0.0,0.0,0.0,0.0,0.7916666666666666,0.65,0.0,0.0,0.0,0.0,0.7326787512588117,0.0,0.0,0.0,0.0,0.0,0.8480260636259103,0.0,0.0,0.0,0.0,0.8548387096774194,0.0,0.0,0.0,0.4098360655737705,0.0,0.0,0.0,0.0,0.0,0.0,0.0,0.8655913978494624,0.0,0.0,0.0,0.5087719298245614,0.12944162436548223,0.8629071463296063,0.1310592459605029,0.46153846153846145,0.6560415122312824,0.015078821110349527,0.3091397849462365,0.0,0.9010286349735891,1.0,0.23076923076923073,1.0,0.1896032144650931,0.0,1.0,0.3735294117647058,0.49467649467649477,0.0,0.835820895522388,1.0,0.40619340818544003,0.6233766233766234,0.0,0.6621052631578948,0.5583756345177664,0.8552036199095023,0.5,1.0,0.0,0.0,0.5,1.0,0.015118790496760681,1.0,0.1408918406072106,0.7,0.6666666666666667,0.9232827832292596,0.0,0.6226522481502561,0.625,1.0,0.8571428571428571,0.7020968908170644,0.32353901403852425,0.625,0.0,0.9321906197023921,0.1428571428571428,1.0,0.8200575815738964,0.5,0.0,1.0,0.0,1.0,0.899075215782984,0.7857142857142857,0.6875,0.5593803786574872,0.0,0.0,0.0,0.3460884353741498,0.5639781685870224,0.6363636363636365,1.0,0.5564368517388651,0.45590994371482185,1.0,0.0,0.0,1.0,0.8629629629629629,1.0,0.0,0.33333333333333337,0.9579579579579579,0.0,0.0,1.0,1.0,0.5880115900036219,1.0,0.8,0.0,0.44999999999999996,0.3529411764705882,0.8605527638190955,1.0,0.5,0.0,0.5,0.0,0.8260869565217391,0.2857142857142857,0.15147407658420875,0.37037037037037035,0.6364403205398566,0.8823529411764706,0.0,0.2803889789303079,0.7613086296110833,0.5708744537732606,0.0988647635842611,0.9473023839397742,0.6363636363636364,0.0,1.0,0.44999999999999996,0.25,0.5138888888888888,0.5681818181818181,1.0,0.0,0.0,0.0,0.0,0.0,0.0,0.999057651532999,1.0,0.6304688268359295,0.5,0.9576271186440678,0.850297176820208,0.0,0.0,0.0,0.0,0.0,0.0,0.0,0.0,0.5631320906657824,0.0,0.0,0.0,0.0,0.0,1.0,0.0,0.0,0.0,0.0,0.0,0.9728464419475655,0.0,0.0,0.0,0.7887385305960789,1.0,0.0,0.0,1.0,0.0,0.0,0.6095962551199532,1.0,0.0,0.0,0.0,0.0,0.7048334384496302,0.0,0.0,0.0,0.0,0.0,0.8833955223880596,0.0,0.0,0.0,0.0,0.703336339044184,0.21363636363636362,0.33333333333333326,0.0,0.0,0.3561741882016124,0.0,0.0,0.0,0.0,0.0,0.0,0.501257183908046,0.0,0.0,0.0,0.16666666666666663,0.0,0.0,0.0,0.3930940304330863,0.4444893015744853,0.24852304056715258,0.3076923076923076,0.09090909090909083,0.5798319327731092,0.9122257053291536,0.0,0.33333333333333337,0.3828170660432495,0.5467144563918758,0.0,0.0,0.0,0.25,0.41788181120491175,0.5499787324542748,0.5699831365935919,1.0,0.2857142857142857,0.1428571428571428,0.5532296650717704,0.17460846384538486,0.0,0.4,0.0,0.40866873065015485,0.0,0.7543815723585378,0.37508432651225543,0.3999999999999999,0.0,0.5,0.0,0.41176470588235303,0.0,0.6666666666666666,1.0,0.0,1.0,0.0,0.0,0.0,0.0,0.5887850467289719,0.0,0.0,0.062178072111846894,0.0,0.0,0.0,0.7730263157894737,0.0,0.6308203991130821,0.21504237288135586,1.0,0.0,0.4550164861045689,0.23529411764705876,0.3276157804459692,0.0,0.26845637583892623,0.7142857142857142,0.0,0.0,0.81292984869326,0.0,0.0,0.44444444444444453,0.0,0.3708248125426039,0.0,0.49509269356597607,0.0,0.698956780923994,0.0,0.56,0.0,0.0,0.6923857868020304,0.0,0.33333333333333337,0.0,1.0,0.2570977917981073,0.13379310344827577,0.0,0.0,0.0,0.5,0.16452905811623242,0.26923076923076916,0.0,0.0,1.0,0.0,0.0,0.6020230205790025,0.0,0.0,0.0,0.06622758873033296,0.6,0.0,0.5,0.5,0.0,0.0,0.3784090909090909,0.122889305816135,0.0,0.0,0.0,0.0,0.0,0.0,0.0450387051372273,0.016335588054434025,0.22413793103448265,0.1561319450843086,1.0,0.5,0.46844291062236787,0.0,0.0,0.0,0.0,0.0,0.0,0.0,0.0,0.4647971957936905,0.0,0.0,0.0,0.0,0.0,0.994533527696793,0.0,0.0,0.0,0.0,0.0,0.9092810954735642,0.5,0.0,0.271326530612245,0.26884082460290637,0.0,0.0,0.0,m2
0.0,0.0,0.0,0.0,0.9,0.6666666666666667,0.0,0.0,0.0,0.0,0.0,0.0,0.7321623390792058,0.0,0.0,0.0,0.0,0.0,0.0,0.0,0.0,0.0,0.0,0.0,0.0,0.20330962800875285,0.0,0.0,0.0,0.0,0.8026796589524969,0.0,0.0,0.0,0.0,0.0,0.0,0.20907640322883414,0.0,0.7195620630523678,0.5835998836871183,0.0,0.039880358923230386,0.6314507535393515,0.0,0.688099173553719,0.8339123568890643,0.5,0.0,0.0,0.2666786780603315,0.0,0.0,0.32719982087972466,0.0,0.4179834462001505,0.5780636495143625,0.5025727466288148,0.31467793030623026,0.8183673469387756,0.7647058823529412,0.77466251298027,0.8662466682820451,0.1428571428571429,0.8,0.0,0.23715927010587956,0.44444444444444453,0.4910069581199946,0.5703216505991531,0.0,0.0,0.6000000000000001,0.5714285714285714,0.11642411642411654,0.8333333333333334,0.0,0.0,0.0,0.5714285714285714,0.9310050067163268,0.2857142857142857,0.6428571428571428,0.0,0.2958377054914306,0.79940951719347,0.0,0.09526650755767707,0.0,0.0,0.6666666666666667,0.7222612359550562,0.11111111111111116,0.17391304347826086,0.0,0.5,0.0,0.6346139610629951,0.0,0.0,0.0,0.2439947827977249,0.8858569051580699,0.5,0.0,0.0,0.75,0.0,0.19999999999999996,0.6666666666666667,0.7874523600117268,1.0,0.011516626115166018,0.11111111111111105,0.40898791540785484,0.0,1.0,0.875,0.6666666666666667,0.3174296745725317,0.0,0.625,0.0,1.0,1.0,0.7158779462817468,0.7179487179487178,1.0,0.0,0.0,0.0,0.0,0.3978819969742815,0.0,0.41666666666666663,0.8898163606010017,0.0,0.03896907216494838,0.0,0.3528837257119358,0.2819093739190591,0.6882696852842394,0.7395109395109394,0.36363636363636365,0.11111111111111116,0.6666666666666666,0.0,0.0,0.7049825174825175,0.22248427672955973,0.0,0.0,0.0,0.0,0.0,0.0,0.4010992882813049,0.8848306665912817,0.2040984875858155,0.8772958223560406,0.971830985915493,0.0,0.6391937583770244,0.16000000000000003,0.0,0.0,0.0,0.0,0.0,0.0,0.0,0.0,0.48864537410003495,0.0,0.0,0.0,0.0,0.0,0.0,0.8563393339290919,0.0,0.0,0.0,0.0,0.0,0.9051038366772264,0.3510794823289193,0.8563120388044145,0.6666666666666667,0.5449405054577638,0.6927493219510026,0.0,0.0,0.0,0.0,0.8571428571428572,0.7916666666666666,0.0,0.0,0.0,0.0,0.0,0.0,0.8214611872146118,0.0,0.0,0.0,0.0,0.0,0.0,0.0,0.0,0.0,0.0,0.0,0.4098360655737705,0.5259397437702379,0.0,0.0,0.0,0.0,0.6902332361516035,0.0,0.0,0.0,0.0,0.0,0.0,0.12613458528951482,0.0,0.957680250783699,0.717948717948718,0.0,0.02400000000000002,0.7165450121654502,0.7333333333333334,0.9143302180685358,0.9580544399821508,1.0,1.0,0.0,0.0,1.0,0.3735294117647058,0.413921113689095,0.0,0.44170771756978666,0.7088673816374575,0.7374727668845316,0.0,0.85,0.9025182778229082,0.8,0.9574750830564784,1.0,1.0,0.0,0.4703008770955923,0.75,1.0,0.8176470588235294,0.0,0.1408918406072106,1.0,0.11111111111111105,0.0,0.8333333333333334,0.0,0.0,0.0,0.8571428571428571,0.9747441554783588,0.0,1.0,0.33333333333333326,0.6105054509415263,0.6666666666666666,1.0,0.4686076772934288,0.0,0.0,1.0,0.7096774193548387,0.0,0.31618510688278145,0.07142857142857151,0.6875,0.4677083333333333,0.0,0.0,0.33333333333333337,0.0,0.0,0.8181818181818182,0.9166666666666666,0.47777777777777786,0.0,1.0,0.0,0.0,1.0,0.8305647840531561,0.0,0.0,0.0,0.801980198019802,0.0,0.9797424892703863,1.0,1.0,0.0,0.0,0.8,0.0,0.9,0.8823529411764706,0.954177897574124,0.7,0.5,0.0,1.0,0.0,0.021739130434782705,0.7857142857142857,0.15147407658420875,0.5555555555555556,1.0,0.0,0.7962170682278766,0.2803889789303079,0.8116926355040618,0.5320570534995025,0.9509723040659989,0.4371014492753623,0.6363636363636364,0.0,1.0,0.44999999999999996,0.0,1.0,1.0,1.0,0.0,0.0,0.0,0.0,0.0,0.28298908162783,0.8916738692019591,0.6311760612386917,0.7149877778773182,1.0,0.0,0.770596768993803,0.13636363636363646,0.0,0.0,0.8693259972489683,0.0,0.0,0.0,0.8243401798191262,0.0,0.2946727597107891,0.0,0.0,0.0,0.0,0.0,0.0,0.8936478078425698,0.0,0.0,0.0,0.0,0.0,0.9248281786941581,0.9027565084226646,0.974047512326311,1.0,0.46751321387134204,0.7318114760462768,0.0,0.0,0.0,0.0,1.0,0.7142857142857143,0.0,0.0,0.0,0.0,0.0,0.0,0.6431713938032388,0.0,0.0,0.0,0.0,0.0,0.0,0.0,0.0,0.27142857142857135,0.0,0.0,0.0,0.0,0.0,0.0,0.5454545454545454,0.0,0.8934426229508197,0.0,0.0,0.0,0.0,0.0,0.0,0.0,0.19999999999999996,0.35236457437661217,0.5409304002884963,0.0,0.4146868250539957,0.0,0.0,0.7641759406465288,0.6220472440944881,0.75,0.0,0.0,0.5467144563918758,0.0,0.0,0.0,0.0,0.4532488114104596,0.1933234734840482,0.2927525883612996,0.4736842105263157,0.6952380952380952,0.8571428571428572,0.8538922155688623,0.7329790767186981,0.44217687074829926,0.8,0.0,0.07502799552071682,0.4285714285714285,0.5263763667753691,0.4337999416739575,0.0,0.0,0.0,0.0,1.0,0.6666666666666667,0.0,0.0,0.0,0.0,0.8651817116060961,0.0,0.0,0.5,0.0,0.489344262295082,0.0,0.14884051112162788,0.4,0.0,0.5,0.5804597701149425,0.7095435684647302,0.0,0.0,0.0,0.0,0.9053591790193842,0.23529411764705876,0.0,0.0,0.0,0.0,0.25,0.0,0.01115760111576003,0.0,0.0,0.44444444444444453,0.0,0.6402609506057781,0.5,0.19999999999999996,0.2857142857142857,0.7583333333333333,0.11592670894996493,0.72,0.0,0.0,0.6408317580340264,0.0,0.33333333333333337,0.0,0.0,0.0,0.6206896551724137,0.5,0.0,0.0,0.0,0.27990430622009554,0.0,0.0,0.0,1.0,0.5245501677340652,0.0,0.0,0.0,0.0,0.0,0.27196863060526855,0.0,0.0,0.5,0.5,0.0,0.0,0.6666666666666667,0.0,0.0,0.0,0.0,0.0,0.0,0.0,0.0,0.0637524836786828,0.2068965517241378,0.0,1.0,0.0,0.35987950397753865,0.33333333333333326,0.0,0.0,0.8768974145120935,0.0,0.0,0.0,0.6230405573525752,0.0,0.4889585563541826,0.0,0.0,0.0,0.0,0.0,0.0,0.5161233272416434,0.0,0.0,0.0,0.0,0.0,1.0,0.0,0.8134081138965502,0.0,0.31612109278858,0.9091609419052535,m2
0.0,0.0,0.0,0.0,0.0,1.0,0.0,0.0,0.0,0.0,0.0,0.0,0.0,0.8257099501409062,0.5,0.0,0.0,0.52298291152931,0.5592159845132743,0.0,0.0,0.0,0.33333333333333326,0.34550195567144715,0.0,0.0,0.7833037300177619,0.14924452667283383,0.0,0.0,0.0,0.0,0.0,0.0,0.0,0.0,0.6976744186046512,0.0,0.8834854535082716,0.0,0.6084667771028898,0.0,0.0,0.6355731225296444,0.43211578221915936,0.0,0.3631701312910285,1.0,0.0,0.8454170350722074,0.20933234053114924,0.0,0.0,0.0,0.0,0.0,0.7187071330589849,0.0,0.15233362143474505,0.0,0.0,0.23224932249322494,0.0,1.0,0.0,0.5,0.641933887024916,0.0,0.0,0.4450825556353194,0.0,0.6287553648068669,0.7179487179487178,1.0,0.6666666666666666,0.8333333333333334,0.0,0.3548387096774194,0.2666666666666666,0.2857142857142857,0.7011331444759208,0.9713564856040368,0.6428571428571428,0.0,0.14530797850351396,0.0,0.0,0.8370599955722825,0.8,0.4443785226935628,0.6666666666666667,0.40161725067385456,0.33333333333333337,0.9130434782608695,0.9090909090909091,0.5,0.9689288634505315,0.6249169944322419,0.9010989010989011,0.25617566331198527,0.125,0.5870701013129799,0.0,0.5,0.0,0.6777134028582464,0.75,0.0,0.0,0.0,0.0,1.0,0.24321974965229465,0.33333333333333326,0.5228173594877529,0.8029682702149437,0.16945516945516959,0.875,0.6666666666666667,0.35119378123264844,0.0,0.0,0.0,0.75,1.0,1.0,0.6000000000000001,0.0,0.9285714285714286,0.0,0.0,0.6857338478775052,0.5286654135338346,0.5126903553299492,0.0,0.0,0.8333333333333334,0.0,0.0,0.7054590315616326,0.36616522396840046,0.14161485795230966,0.741507024265645,0.4444444444444444,0.7777777777777778,0.875,0.0,0.23747494989979978,0.0,0.6718885987815493,0.0,0.0,0.0,0.0,0.0,0.0,0.0,0.0,0.5471678994832303,0.7080447838659449,0.9436619718309859,0.0,0.31892447095902743,0.15999999999999992,0.0,0.0,0.5207727219830095,0.0,0.07692307692307698,0.0,0.0,0.34157754010695185,0.647618206041491,0.0,0.0,0.0,0.0,0.0,0.740046661952003,0.0,0.0,0.0,0.0,0.0,0.19999999999999996,0.0,0.6363909473262568,0.6204573553306222,0.6666666666666667,0.0,0.5519750135528068,0.0,0.0,0.0,0.0,0.0,0.0,0.0,0.0,0.0,0.0,0.0,0.0,0.0,0.7435897435897436,1.0,0.0,0.0,0.7401790208565864,0.8815840061514801,0.0,0.0,0.0,0.0,0.7919441801458929,0.0,0.0,0.6206896551724137,0.0,0.0,0.0,0.0,0.0,0.0,0.0,0.0,0.0,0.5087719298245614,0.0,0.5892351274787535,0.19435736677115978,0.717948717948718,0.0,0.06447688564476883,0.7307102708226878,0.3999999999999999,0.0,0.8619146005509642,1.0,1.0,0.9560522350577599,0.0,0.0,0.19999999999999996,0.0,0.17500000000000004,0.0,0.9081081081081082,0.0,0.0,0.0,0.0,0.09999999999999998,0.17888365837256237,1.0,1.0,1.0,0.8410270417918602,0.5,0.0,0.529262086513995,0.0,0.9492409867172675,0.7,0.7777777777777778,0.5225148683092609,0.8333333333333334,0.0,1.0,0.48677884615384603,0.5714285714285714,0.0,1.0,0.75,0.0,0.0,0.1428571428571428,1.0,0.8778801843317973,0.0,0.8740157480314961,1.0,0.19354838709677402,1.0,0.8647473892181766,0.52659948441528,0.0,0.9587155963302753,0.8014720915968104,0.15100671140939603,1.0,0.45833333333333337,0.4992632612966602,0.8181818181818182,1.0,0.47777777777777786,0.8986666666666667,1.0,0.0,0.0,0.0,0.48682766190998905,0.0,0.5831775700934579,0.33333333333333337,0.6724637681159421,0.0,0.6575071172174773,1.0,1.0,0.0,0.0,0.0,0.0,0.44999999999999996,0.8235294117647058,0.4229166666666667,1.0,0.5,1.0,0.5,0.0,1.0,0.0,1.0,0.0,0.0,0.8823529411764706,0.0,0.2803889789303079,1.0,0.5627099466072628,0.0,0.6321752265861027,0.6363636363636364,0.8571428571428572,1.0,0.44999999999999996,0.25,0.625,1.0,1.0,0.0,0.0,0.0,0.0,0.0,0.0,0.0,1.0,0.8911919843197796,0.9558823529411765,0.0,0.40622877087774356,0.13636363636363646,0.0,0.0,0.0,0.0,0.10526315789473684,0.0,0.8222347192057089,0.0,0.7421042795739115,0.0,0.0,0.0,0.0,0.0,0.7378563816200887,0.0,0.0,0.0,0.0,0.0,0.5,0.0,0.9261167048944524,0.9999101456763223,1.0,0.0,0.4250125502008032,1.0,0.0,0.0,0.0,0.0,0.0,0.0,0.0,0.0,0.0,0.0,0.0,0.0,0.706578947368421,0.6666666666666667,0.0,0.0,0.14061608670849968,0.5157013258897418,0.0,0.0,0.23181818181818192,0.0,0.7789894947473737,0.262496166819994,0.4035002430724357,0.9015846538782318,0.6338771593090212,0.0,0.0,0.0,0.0,0.0,0.0,0.0,0.0,0.5,0.7275405007363771,0.30000000000000004,0.6014760147601476,0.474609375,0.5286041189931352,0.0826446280991735,0.0,0.6,0.0,0.0,1.0,0.0,0.8300874731803928,0.5913541004450096,0.0,0.0,0.0,0.0,0.0,0.6869158878504673,0.0,0.4374999999999999,0.2857142857142857,0.0,0.2862770847012477,0.0,0.4444444444444444,0.0,0.0,0.2648376259798433,0.0,0.0,0.14231588917830906,0.0,0.41637010676156583,0.5,0.33333333333333337,0.0,0.6666666666666667,0.0,0.5,0.0,0.0,0.40885470796092294,0.5,0.0,0.0,0.440119760479042,0.0,0.0,0.7049368541905856,0.8,0.4236,0.5,0.0,0.8666666666666667,0.01522070015220689,0.5625,0.33333333333333337,0.0,0.20916666666666672,1.0,0.5497512437810945,0.0,0.8798512665582152,0.0,0.0,0.7719298245614036,0.10762331838564998,0.0,0.0,0.0,0.0,0.0,0.5,0.1628318584070797,0.4285714285714285,0.0,0.07859169030535651,0.5499999999999999,0.0,0.0,0.04943710230053855,0.0,0.0,0.0,0.0,0.16561514195583604,0.0,0.0,0.0,0.5,0.5,0.12201667784913262,0.26923076923076916,0.5569800569800569,0.352936437605736,0.0,0.2665121668597913,0.0,0.6020230205790025,0.0,0.46577380952380953,0.0,0.6663822525597269,0.0,0.0,0.5,0.0,0.0,0.625,0.0,0.46703733121525026,0.0,0.0,0.0,0.0,0.0,0.0,0.04166666666666674,0.7997594151938558,1.0,0.9656582174979559,0.6666666666666667,0.0,0.7540518638573743,0.33333333333333326,0.0,0.0,0.0,0.0,0.0,0.0,0.6271155223575157,0.6923691570115862,0.48128154152011027,0.0,0.0,0.0,0.0,0.0,0.9329288843950118,0.0,0.0,0.0,0.0,0.0,0.5555555555555556,0.0,0.22853782830262637,0.4995004029008864,0.0,0.0,0.5842592368457151,m2
0.0,0.0,0.7391304347826086,0.0,0.0,0.0,0.0,0.7777389684480149,0.8554180039737124,0.0,0.6593532229965157,0.0,0.0,0.0,0.0,0.900236840833293,0.0,0.0,0.0,0.0,0.0,0.0,0.33333333333333326,0.0,0.0,0.0,0.0,0.0,0.2857142857142857,0.0,0.0,0.0,0.0,0.0,0.0,0.0,0.6976744186046512,0.6938676967648479,0.0,0.3004725649776844,0.5027056874654887,0.1794871794871794,0.3641088572872303,0.43038850912866666,0.5555555555555556,0.6887165951831079,0.14915966386554624,0.0,0.33333333333333337,0.28531199051430267,0.3741892309276227,0.0,0.5217391304347826,0.0,0.0,0.4420483419115252,0.0,0.0,0.45299145299145305,0.917687074829932,0.3537794299876085,0.12146118721461197,0.4067796610169492,0.7142857142857143,0.4,0.0,0.16952016219869337,0.22222222222222232,0.2402194441946216,0.24444241149025703,0.5714285714285714,0.222694383829103,0.7179487179487178,1.0,0.6785714285714286,0.0,0.0,0.3548387096774194,0.0,0.2857142857142857,0.0019286403085825299,0.9006211180124224,0.0,0.0,0.0,0.3104138017252157,0.0,0.587199588741807,0.10000000000000009,0.0,0.0,0.06882022471910121,0.0,0.0,0.0,0.5789473684210527,0.4488517745302715,0.45239008670298486,0.7873170731707317,0.9402390438247012,0.125,0.2240931482310793,0.009763424708974844,0.6000000000000001,0.6210673644495832,0.0,0.75,0.0,0.0,0.0,0.0,1.0,0.2233589087809037,0.0,0.5989863152559554,0.0,0.19047619047619047,0.875,0.6666666666666667,0.4397715472481828,0.0,0.5,0.0,0.29999999999999993,1.0,0.10999451854558728,0.6000000000000001,0.75,0.9285714285714286,0.0,0.047514082782267986,0.0,0.39144736842105254,0.22785155539385105,0.41666666666666663,0.48282265552460546,0.8333333333333334,0.03771661569826723,0.4623745999011837,0.0,0.46380487804878057,0.0,0.19161977491961413,0.36363636363636365,0.7777777777777778,0.6666666666666667,0.1923076923076923,1.0,0.0,0.0,0.0,0.0,0.0,0.0,0.9803921568627451,0.985112401369659,0.4010992882813049,0.9915153038778204,0.0,0.3616574409274589,1.0,0.9885558583106268,0.2028929237710123,1.0,0.0,0.0,0.509690134676448,0.206896551724138,0.0,0.0,0.5215858756004741,0.5892712002167434,0.5041610718448895,0.0,0.0,0.0,0.0,0.0,0.0,0.0,0.8138877524454198,0.0,0.0,0.0,0.0,0.0,0.0,0.0,0.6666666666666667,0.5002546302500737,0.4373862868430629,0.0,0.0,0.6666666666666667,0.0,0.0,0.0,0.0,0.7666666666666666,0.5945945945945946,0.0,0.652542372881356,0.0,0.0,0.0,0.0,0.8480260636259103,0.0,0.0,0.0,0.0,0.0,0.0,0.0,0.0,0.4098360655737705,0.0,0.0,0.0,0.25,0.0,0.0,0.0,0.0,0.0,0.0,0.0,0.5087719298245614,0.801500223914017,0.0,0.0,0.46153846153846145,0.3589325426241661,0.0,0.3173124080431585,0.7333333333333334,0.8818845388188454,0.0,0.0,0.0,0.22085722085722082,0.6245554931686318,0.0,0.8029411764705883,0.0,0.0,0.5447858070099525,0.0,0.0,0.6000000000000001,1.0,0.7010560519902519,0.1725888324873096,0.0,0.0,1.0,0.0,0.0,0.0,0.5070422535211268,0.049281314168377555,0.5,0.8259013282732448,0.7,0.0,0.8,0.0,0.0,0.10227272727272718,0.0,0.5714285714285714,0.0,0.7982512953367875,0.0,0.0,0.3433616742969261,0.5238095238095237,1.0,0.8318598559266536,0.5,0.0,0.0,0.19354838709677402,0.0,0.627226572584115,0.31135531135531125,0.8125,0.7541111981205951,0.7043630017452007,0.4077669902912622,1.0,0.46475770925110127,0.40286454365381685,0.4545454545454546,0.75,0.0,0.0,1.0,0.0,0.0,0.0,0.5286449399656947,0.0,0.7850821744627055,0.33333333333333337,0.6945244956772334,0.005331302361005319,0.6168458781362007,1.0,1.0,0.3343151693667157,0.0,0.8,0.0,0.44999999999999996,0.5882352941176471,0.373065015479876,1.0,1.0,1.0,1.0,0.05121951219512211,0.0,0.7857142857142857,0.0,0.5555555555555556,0.7103293413173652,0.8823529411764706,0.6989247311827957,0.0,0.0,0.4825249643366618,0.09572864321608054,0.6476810414971522,0.6363636363636364,0.8571428571428572,1.0,0.0,0.875,0.3999999999999999,0.0,1.0,0.8656716417910448,0.0,0.0,0.9888888888888889,0.9918086500655308,0.0,1.0,0.7573943661971831,0.5614016594636108,1.0,0.9576271186440678,0.3402755287611171,0.13636363636363646,0.0,0.0,0.0,0.375,0.0,0.0,0.9553316195372751,0.8229827408172297,0.713767176562095,0.0,0.0,0.0,0.0,0.0,0.0,0.0,0.8148148148148148,0.0,0.0,0.0,0.0,0.0,0.0,0.7800698739552856,1.0,0.4678430362356175,0.21572827417380636,1.0,0.0,0.7238493723849373,0.0,0.0,0.0,0.0,0.7119771863117871,0.6757012888551933,0.0,0.775959367945824,0.0,0.0,0.0,0.0,0.8833955223880596,0.0,0.0,0.0,0.0,0.0,0.23181818181818192,0.0,0.0,0.0,0.3561741882016124,0.0,0.0,0.0,0.0,0.0,0.0,0.0,0.0,0.0,0.0,0.5,0.3244641537324463,0.4625,0.3763837638376383,0.3829787234042553,0.34023464458247066,0.543801652892562,0.7692307692307692,0.0,0.7569039284325165,0.3318965517241381,0.0,0.6666666666666667,0.421934312592837,0.41194743130226996,0.0,0.46869521662910096,0.0,0.0,0.4115092290988057,0.0,0.0,1.0,0.923469387755102,0.1428571428571428,0.2754524886877828,0.33922025991336224,0.8979591836734694,0.4,0.0,0.3900928792569659,0.5714285714285714,0.4621139459044695,0.34324876057159515,0.6,0.13404507710557523,0.5,0.33333333333333337,0.0,0.0,0.0,1.0,0.0,0.0,0.19253731343283575,0.0,0.0,0.0,0.16319612590799026,0.3996265172735761,0.0,0.19235436893203883,0.0,0.0,0.5,0.0,0.631578947368421,0.17389138016940708,0.0,1.0,0.18008784773060027,0.4733969986357436,1.0,0.9696969696969697,0.0,0.0,0.1986062717770034,0.25,0.6666666666666667,0.8,0.0,0.0,0.0,0.0,0.0,0.5,0.12041884816753934,0.0,0.0,0.0,0.0,0.0,0.0,0.16543209876543208,0.0,0.0,0.0,0.0,0.061514195583596276,0.30020283975659223,0.0,0.6666666666666666,0.5,0.0,0.0,0.0,0.5379426644182126,0.5431814151445291,0.0,0.4412650602409639,0.0,0.0,0.33103448275862046,0.0,0.0,0.0,0.20000000000000007,0.0,0.5,0.0,0.41463414634146345,0.9375,0.0,0.0,0.0,0.33333333333333326,0.0,0.0,0.9166666666666666,0.9701446598953524,0.0,0.6959660412047801,0.0,0.08112980769230771,0.33333333333333337,1.0,0.13672788956481075,0.33333333333333326,0.0,0.0,0.0,0.7,0.0,0.0,0.4881470051900688,0.5189576547231272,0.4786486444926267,0.0,0.0,0.0,0.0,0.0,0.0,0.0,1.0,0.0,0.0,0.0,0.0,0.0,0.25952233889232035,0.20595301655098786,0.0,0.3067619571192962,0.6663002494001395,m2
0.0,0.5238095238095237,0.0,0.8422908731838059,0.0,0.6666666666666667,0.0,0.0,0.0,0.0,0.0,0.0,0.0,0.0,1.0,0.0,0.0,0.6186602937037771,0.0,0.0,0.0,0.0,0.0,0.7308581484420827,0.03986054318171495,0.20697221536520471,0.7029024698034974,0.6997643670637518,0.2857142857142857,0.0,0.0,0.0,0.0,0.0,0.0,0.0,0.0,0.3040579272891838,0.8861985472154964,0.7887377173091459,0.6084667771028898,0.1794871794871794,0.8826247022305638,0.6458423466297483,0.9815588030619345,0.46323161580790395,0.23621534958291712,1.0,0.0,0.23477100933748307,0.27734995355526937,0.0,0.3112033195020746,0.0,0.0,0.5045780074335962,0.914270211611503,0.6291659160511619,0.45299145299145305,0.8686730506155951,0.6449304174950299,0.5821138211382115,0.0,0.33333333333333337,0.4,0.0,0.9080358616137726,0.33333333333333337,0.0,0.26209861860762984,0.5714285714285714,0.8196321582834053,0.6000000000000001,1.0,0.0,0.8333333333333334,0.0,0.3548387096774194,0.0,0.2857142857142857,0.0,0.8874651810584958,0.6428571428571428,0.0,0.006156494108301325,0.7953789893617021,0.0,0.0,0.5714285714285714,1.0,0.6666666666666667,0.0,1.0,1.0,0.5658248253627083,1.0,0.9642023346303502,0.8504571622079242,0.36797326040717104,0.4559780746831107,0.0,0.280775215730655,0.20952735392631183,0.8333333333333334,0.9055892573178632,0.0,0.75,0.0,0.19999999999999996,0.6666666666666667,0.630059494782015,0.7777777777777778,0.07906244533846407,0.4444444444444444,0.5303324808184143,0.4570491803278689,0.0,0.0,0.6666666666666667,0.13972866146779162,0.5,0.625,0.6666666666666667,1.0,0.2727272727272726,0.12315698178664347,0.7179487179487178,0.0,0.8571428571428571,0.0,0.4368715794832634,0.7005593288054335,0.39144736842105254,0.18010596743628404,0.41666666666666663,0.0,0.0,0.5529598825831703,0.0,0.3528837257119358,0.318276840376288,0.2616750445921844,0.0,0.36363636363636365,0.0,0.16666666666666674,0.1923076923076923,0.827893175074184,0.0,0.37750294464075396,0.0,0.0,0.0,0.0,0.0,0.0,0.9733105489394687,0.6484041494326602,0.0,0.0,0.971830985915493,0.9885558583106268,0.0,0.84,0.0,0.9040733937744949,0.5265472824379516,0.206896551724138,0.16666666666666663,0.0,0.9144309256121977,0.1516504329004329,0.0,0.0,0.0,0.0,0.0,0.0,0.0,0.0,0.0,0.0,0.0,0.0,0.655,0.0,0.0,0.6069114470842334,0.6666666666666667,0.5463407465464877,0.0,0.0,0.5741935483870968,0.0,0.7916666666666666,0.0,0.875,0.0,0.0,0.0,0.0,0.0,0.0,0.0,0.0,1.0,0.0,0.0,0.8427225130890053,0.0,0.0,0.0,0.0,0.0,0.7948717948717949,0.0,0.49511674309517983,0.6206896551724137,0.6444444444444444,0.0,0.0,0.0,0.0,0.0,0.0,0.0,0.0,0.0,0.19450778229404198,0.8573524019068574,0.7030812324929973,0.717948717948718,0.3589325426241661,1.0,0.7037271004421983,1.0,0.7869127516778524,0.0,1.0,1.0,0.26828563168545816,0.0,0.0,0.3735294117647058,0.0,0.0,0.5499362515937103,1.0,0.2730573710965867,0.6233766233766234,1.0,0.770394381415451,1.0,0.0,0.5,1.0,0.0,0.97350450696531,0.2500000000000001,0.33333333333333326,0.0,0.5,0.6221322537112011,1.0,0.7777777777777778,0.21310080816673738,1.0,0.0,0.8524590163934427,0.0,0.5714285714285714,0.0,0.9397944199706314,0.625,0.0,0.0,0.6666666666666666,1.0,0.0,0.5,0.47089947089947093,1.0,0.0,1.0,0.9318655431729637,0.6325602546612097,0.8125,0.9476510067114094,0.9420437214031521,0.9606060606060606,0.3324538258575199,0.0,0.39584596725288057,0.2727272727272728,0.08333333333333337,0.7137566137566138,0.0,1.0,0.0,0.5,1.0,0.8328712871287128,1.0,0.6426116838487973,0.6666666666666667,0.6724637681159421,0.005331302361005319,0.0,1.0,1.0,0.5697806354009077,1.0,0.8,1.0,0.9,0.5882352941176471,0.7966183574879226,0.7,0.0,1.0,0.5,0.6408192597915918,1.0,0.7857142857142857,0.6101281269066504,0.5555555555555556,0.0,0.0,0.7888725128960943,0.3720430107526882,0.7613086296110833,0.7532972667161699,0.0,0.0,0.6363636363636364,0.0,1.0,0.0,0.75,0.52,1.0,1.0,0.0,0.0,0.0,0.0,0.0,0.9526282669130708,0.17142857142857137,0.6243938828795226,0.0,1.0,0.9576271186440678,0.0,0.9545454545454546,0.0,0.9173708440768256,0.0,0.375,0.1724137931034483,0.0,0.8845218852219068,0.5624231695923685,0.0,0.0,0.0,0.0,0.0,0.0,0.0,0.0,0.0,0.0,0.0,0.0,0.5,0.0,0.0,0.9917198723064645,1.0,0.46751321387134204,0.0,1.0,0.8931977113795295,0.0,0.8507799671592775,0.0,0.7142857142857143,0.0,0.0,0.0,0.0,0.0,0.0,0.0,0.0,0.6666666666666667,0.0,0.0,0.9688443103142198,0.0,0.0,0.0,0.0,0.0,0.8010245349150714,0.25374732334047123,0.0,0.8724919093851132,0.8246394489488412,0.0,0.0,0.0,0.0,0.0,0.0,0.0,0.0,0.0,0.0,1.0,0.587912087912088,0.49416854778028585,0.34023464458247066,0.6596326690113326,0.0,0.9,0.31271878646441076,0.10115606936416166,1.0,0.0,0.3694504043571545,0.5467144563918758,0.0,0.0,0.0,0.0,0.39943684633950116,0.6033801580333626,0.6242299794661191,1.0,1.0,0.1428571428571428,0.6051446945337621,0.0,0.0,0.4,0.0,1.0,0.5714285714285714,0.0,0.31706961840955417,0.6,0.577131906739061,0.0,0.33333333333333337,0.0,0.6666666666666667,0.0,1.0,0.0,0.0,0.2794060179757717,1.0,0.0,0.0,0.4018691588785047,0.489344262295082,0.0,0.0,0.375,0.8488947542065325,0.5,0.07840722495894914,0.20000000000000018,0.9265605875152999,0.060381355932203506,1.0,0.07933740191804695,0.6378473753859727,1.0,0.03606965174129362,0.0,0.0,0.045112781954887105,0.75,0.9827586206896551,0.0,0.0,0.0,1.0,0.0,0.2423873325213154,0.0,0.0,0.4285714285714285,0.0,0.0,0.0,0.0,0.0,0.04801038062283747,0.0,0.33333333333333337,0.0,1.0,0.144144144144144,0.15459610027855142,0.5,0.6666666666666666,0.0,0.5,0.015863859244303558,0.8666666666666667,0.5414225941422595,0.6353546726717065,0.0,0.2709923664122136,0.0,0.0,0.0,0.0,0.3561542263964409,0.7289497716894977,0.0,0.0,0.0,0.0,0.41463414634146345,0.4375,0.0,0.0,0.0,0.0,0.0,0.0,0.0,0.0,0.8541666666666667,0.0,0.22413793103448265,0.0,0.0,0.5,0.0,0.0,0.0,0.7608373037569319,0.0,0.1428571428571428,0.5,0.0,0.8708046968903134,0.7990333248537268,0.0,0.0,0.0,0.0,0.0,0.0,0.0,0.0,0.0,0.0,0.0,0.0,0.0,0.0,0.271326530612245,0.4728825294253405,0.0,0.7569160255360943,0.0,m2
0.0,0.7057535565668955,0.8451672010994045,0.0,0.0,0.0,0.0,0.0,0.0,0.0,0.0,0.0,0.0,0.8723102388271459,0.0,0.0,0.0,0.47606923598135653,0.5586373994058093,0.0,0.0,0.0,0.0,0.48539754440338534,0.0,0.01039314769021249,0.0,0.029322268326417822,0.2857142857142857,0.0,0.0,0.0,0.0,0.0,0.0,0.0,0.0,0.8905857336168568,0.7296681384418173,0.790960972017673,0.5078655767484106,0.0,0.0,0.43038850912866666,0.0,0.4689871329594194,0.31449226504850736,1.0,0.33333333333333337,0.6265841438255231,0.7670398844228884,0.0,0.41296219360199404,0.47122268463381023,0.0,0.0,0.4306200135579078,0.9217391304347826,0.49295290477827425,0.917687074829932,0.0,0.8617886178861789,0.0,0.1428571428571429,0.4,0.0,0.1252956383037237,0.33333333333333337,0.0,0.4450825556353194,0.1428571428571428,0.8363244296048971,0.558974358974359,0.5714285714285714,0.11782518926359264,0.8333333333333334,0.0,0.19354838709677413,1.0,0.5714285714285714,0.08745807085003665,0.9745434421693414,0.0,0.18181818181818188,0.0,0.014888027023645667,0.0,0.5015400174688549,0.75,0.8693975903614458,0.33333333333333337,0.0,0.0,0.9130434782608695,0.6061257388500807,0.5,0.6437054631828978,0.24175824175824168,0.6453965360072926,0.8694047069681587,0.125,0.23637485568693029,0.0,0.5,0.0,0.34461821527138903,0.75,0.0,0.0,0.6666666666666667,0.5280813456238715,0.0,0.3443804034582132,0.11111111111111105,0.5663427109974424,0.0,0.16945516945516959,0.0,0.6666666666666667,0.6291731735111636,0.0,0.5,0.0,1.0,0.0,0.0,0.558974358974359,0.25,0.0,0.0,0.6740715143736322,0.0,0.39144736842105254,0.0,0.41666666666666663,0.67038310995137,0.0,0.9355142386443869,0.0,0.5301281311324022,0.3166953528399311,0.0,0.7436676798378926,0.4444444444444444,0.0,1.0,0.1923076923076923,0.4289044289044289,0.0,0.0,0.0,0.0,0.0,0.813919532770928,0.0,0.6224023342519047,0.0,0.6484041494326602,0.24612763726903408,0.0,1.0,0.0,0.0,0.76,0.0,0.0,0.5178777393310268,0.206896551724138,0.0,0.0,0.6792237794547975,0.24471348521411906,0.0,0.0,0.0,0.0,0.0,0.0,0.9622372659081575,0.0,0.0,0.9868916142941404,0.0,0.0,0.6504854368932039,0.9488207547169811,0.0,0.0,0.6666666666666667,0.7487294761532447,0.0,0.0,0.5741935483870968,0.6666666666666667,0.0,0.0,0.0,0.0,0.0,0.0,0.0,0.0,0.0,0.0,0.4736842105263158,0.0,0.0,0.0,0.7401790208565864,0.8845689831781657,0.0,0.0,0.0,0.0,0.7919441801458929,0.4098360655737705,0.6041234353035678,0.0,0.21212121212121204,0.25,0.0,0.0,0.0,0.0,0.0,0.0,0.0,0.0,0.8025039123630673,0.7392739273927393,0.6172566371681417,0.4472984942426924,0.0,0.0,0.4219269102990033,0.0,0.7869127516778524,0.0,1.0,1.0,0.709164498409945,0.9324561403508772,1.0,0.2574558734023127,0.38295503211991433,0.0,0.0,0.314151190164792,0.9128540305010893,0.6948051948051948,1.0,0.0,1.0,0.2029734970911441,1.0,0.5,0.0,0.0,0.2500000000000001,0.33333333333333326,0.319607843137255,0.0,0.9868297271872061,1.0,0.0,0.0,1.0,0.0,0.0,0.5672043010752688,0.8571428571428571,0.23597589244320838,1.0,0.0,0.0,0.23864795918367343,0.33333333333333326,1.0,0.5887450102229579,1.0,0.6825396825396826,1.0,0.0,0.0,0.8647473892181766,0.5636653024101865,0.0,0.10738255033557043,0.19834710743801676,0.0,1.0,0.46475770925110127,0.39584596725288057,0.0,0.9166666666666666,0.5564368517388651,0.5405580791693707,1.0,0.0,0.0,1.0,0.7960396039603961,0.0,0.8287037037037037,0.0,0.5025935025935026,0.2456207159177457,0.6701054302233307,1.0,1.0,0.5697806354009077,0.0,0.8,0.0,0.9,0.3529411764705882,0.5703517587939699,1.0,0.0,0.0,1.0,0.8951834862385322,0.0,0.7857142857142857,0.8327904451682953,0.5555555555555556,0.8332558139534884,0.0,1.0,0.3720430107526882,0.7613086296110833,0.7527315158587037,0.1670611278870482,0.6321752265861027,0.6363636363636364,0.0,1.0,0.0,0.75,0.52,0.0,1.0,0.0,0.0,0.7251887810140237,0.0,0.6456874720691197,0.37038689172289085,0.10861423220973787,0.677056479962503,0.0,1.0,0.0,0.0,0.8181818181818182,0.0,0.0,0.0,0.375,0.0,0.0,0.6232687920345351,0.5615626690268968,0.0,0.0,0.0,0.0,0.0,0.0,0.9533437081791274,0.0,0.0,0.9847492458748452,0.0,0.0,0.5,0.9503321256038647,0.0,0.7997895958789814,1.0,0.7526189249527735,0.0,1.0,0.7966804979253113,1.0,0.0,0.0,0.0,0.0,0.0,0.0,0.0,0.0,0.0,0.0,0.43042071197411,0.0,0.0,0.0,0.17113854595336087,0.5503519956491525,0.0,0.0,0.0,0.0,0.8007796746874579,0.0,0.0,0.0,0.0,0.0,0.0,0.0,0.0,0.0,0.0,0.0,0.0,0.0,0.347748391708363,0.8968609865470852,0.0,0.3930940304330863,0.0,0.25244236029699085,0.7692307692307692,0.0,0.31271878646441076,0.0,0.5555555555555556,0.33333333333333337,0.683116025746823,0.7682198327359617,0.0,0.4737704918032788,0.1424285357113092,0.0,0.0,0.8026777875329236,0.9147843942505134,1.0,0.923469387755102,0.0,0.8253068932955618,0.0,0.49693251533742333,0.6,0.0,0.0,0.5714285714285714,0.0,0.30157170923379184,0.19999999999999996,0.577131906739061,0.0,0.0,0.41176470588235303,0.6666666666666667,0.0,0.0,0.0,1.0,0.2094994087504929,0.5,0.0,0.5,0.18411214953271038,0.20836065573770501,0.0,0.2818294190358469,0.75,0.48390652557319236,0.0,0.07840722495894914,0.631578947368421,0.6451612903225805,0.2129629629629629,0.33333333333333337,0.1134421134421133,0.0,1.0,0.5497512437810945,0.0,0.0,0.3766233766233765,0.25,0.7719298245614036,0.08408071748878931,0.0,0.0,0.0,0.0,0.05941931127616484,0.5,0.1628318584070796,0.2857142857142857,0.794047619047619,0.3021176470588235,0.5499999999999999,0.0,0.0,0.6724795640326976,0.0,0.0,0.0,1.0,0.2570977917981073,0.0,0.0,0.6666666666666666,0.0,0.0,0.18113642918950112,0.0,0.546774193548387,0.0,0.0,0.0,0.0,1.0,0.0,0.0,0.3440607734806629,0.0,0.9117647058823529,0.0,0.0,0.5,0.41463414634146345,0.4375,0.0,0.11714285714285722,0.0,0.0,0.0,0.8933747412008282,0.0,0.6268082486919052,0.0,0.0,0.0,0.0,0.0,0.0,0.0,0.33333333333333326,0.0,0.0,0.0,0.7,0.0,0.0,0.6789206664212666,0.6992833876221498,0.0,0.0,0.0,0.0,0.0,0.0,0.9832635983263598,0.0,0.0,0.9797297297297297,0.0,0.0,0.0,0.7722419928825623,0.28870506535947704,0.0,0.0,0.8555074257425743,0.0,m2
0.0,0.0,0.0,0.0,0.0,0.6666666666666667,0.0,0.0,0.0,0.0,0.0,0.5988818360129113,0.7104697024022948,0.0,1.0,0.7380542494240174,0.0,0.0,0.0,0.6626458795331855,0.0,0.0,0.33333333333333326,0.7308581484420827,0.0,0.1640264325156151,0.0,0.7202272667352159,0.2857142857142857,0.0,0.0,0.0,0.5265921348715934,0.0,0.0,0.0,0.0,0.0,0.0,0.0,0.0,0.0,0.05355404089581306,0.38636363636363635,0.6469979296066253,0.8515341471461564,0.24228785747773085,0.4462151394422311,0.0,0.0,0.2958228967143066,0.0,0.6446776611694154,0.6085792334947122,0.0,0.7729836714497773,0.560470542484931,0.6731935539767804,0.8265845070422535,0.9140154772141015,0.0,0.1429479034307496,0.40353460972017663,0.1428571428571429,0.0,0.0,0.4361696276332435,0.0,0.44404986777483946,0.16900449407599072,0.0,0.289549376797699,0.7179487179487178,1.0,0.7247075017205782,0.0,0.7966573816155988,0.0,0.06201550387596888,0.5714285714285714,0.0,0.3023324475937408,0.6428571428571428,0.16666666666666663,0.28799108021250086,0.6887177163570457,0.0,0.0,0.0,0.4835402050728549,0.6666666666666667,0.4595687331536389,0.11111111111111116,0.17391304347826086,0.5825242718446602,0.0,0.6465863453815262,0.7181196342569973,0.3727382388419783,0.30690537084398983,0.125,0.4622417377285647,0.0,0.5,0.6171741563107369,0.34654306682116653,0.75,0.0,0.6,0.6666666666666667,0.4689572686745678,0.0,0.23682819383259912,0.33333333333333326,0.1718464351005483,0.7429508196721311,0.3519653423499576,0.875,0.6666666666666667,0.3788173237090505,0.5,0.875,0.6666666666666667,1.0,0.0,0.7633015006821282,0.6000000000000001,1.0,0.0,0.0,0.8573637417858524,0.6823602100710535,0.8163082437275986,0.6075297460486592,0.41666666666666663,0.6155154304006403,0.8333333333333334,0.0,0.0,0.7054590315616326,0.36659108087679515,0.6311354874607527,1.0,0.36363636363636365,0.0,0.5,0.0,0.9326500732064422,0.0,0.0,0.0,0.8991287366681688,0.0,0.9088574192980913,0.0,0.0,0.5024110055311304,0.6257594167679223,0.2349919991741083,0.7124507577681208,1.0,1.0,0.6918259954120797,0.84,0.0,0.0,0.0,0.0,0.07692307692307698,0.0,0.0,0.5096409888387378,0.0,0.0,0.0,0.0,0.0,0.0,0.0,0.8910551065948891,0.0,0.0,0.0,0.0,0.0,0.0,0.3471860604846786,0.11810307345517801,0.0,0.0,0.3419931184696485,0.0,0.0,0.0,0.0,0.0,0.7916666666666666,0.0,0.0,0.0,0.0,0.0,0.7146275946275946,0.8089275473140891,0.0,1.0,0.8241454173938956,0.0,0.0,0.0,0.8553317535545024,0.0,0.0,0.0,0.42233009708737856,0.4098360655737705,0.0,0.0,0.6444444444444444,0.0,0.33333333333333326,0.0,0.0,0.8655913978494624,0.0,0.0,0.0,0.0,0.14254545454545453,0.0,0.19435736677115978,0.0,0.0,0.06849315068493156,0.27582644628099173,0.7333333333333334,0.0,0.8666201117318436,0.0,1.0,0.0,0.6335861321776814,0.0,0.0,0.5576889811451307,1.0,0.9067103109656302,0.6635514018691588,0.2730573710965867,0.6233766233766234,1.0,0.0,0.1725888324873096,0.0,1.0,1.0,0.0,0.4965856323408905,0.5,1.0,0.47619047619047616,0.0,0.8259013282732448,0.7,0.7777777777777778,0.9490445859872612,0.0,0.8159675236806495,1.0,0.5672043010752688,0.8571428571428571,0.270746887966805,0.3228758169934641,0.625,0.0,0.6105054509415263,0.6666666666666666,1.0,0.47127605490594815,0.0,1.0,1.0,0.0,0.0,0.32925952552120774,0.5476190476190477,0.0625,0.15177065767284992,0.9260792430514488,0.9606060606060606,1.0,0.0,0.5637937523522769,0.8181818181818182,1.0,0.0,0.5609408410548824,1.0,0.0,0.5,1.0,0.22586872586872597,1.0,0.688115064345193,0.33333333333333337,0.0,0.5822922324823465,0.7547454702329595,1.0,1.0,0.3451647953639986,1.0,1.0,1.0,0.9,0.3529411764705882,0.9377593360995851,1.0,1.0,0.0,1.0,1.0,1.0,0.9571428571428572,1.0,0.5555555555555556,0.815681233933162,0.8823529411764706,0.0,0.29279466888796346,1.0,0.5634659593280282,0.9440137109279361,1.0,0.6363636363636364,0.0,1.0,0.44999999999999996,0.75,1.0,0.0,1.0,0.8997772828507795,0.0,0.9757575757575757,0.0,0.0,0.0,0.805408583186361,1.0,0.891051821991195,1.0,1.0,0.8562201184181364,0.9545454545454546,0.0,0.0,0.9124649859943977,0.0,0.10526315789473684,0.0,0.8212677182241807,0.5662066678570519,0.0,0.0,0.0,0.0,0.0,0.0,0.0,0.9593160661746973,0.0,0.0,0.0,0.0,0.0,0.0,0.6663943940501268,0.5359721450848036,0.0,0.0,0.3290897517504774,1.0,0.0,0.0,0.0,0.0,0.7142857142857143,0.0,0.0,0.0,0.0,0.0,0.48642779587404983,0.5743750700594104,0.0,0.6666666666666667,0.6314926397681335,0.0,0.0,0.0,0.7710716541511685,0.0,0.21363636363636362,0.0,0.7667740579913154,0.0,0.3212992387850121,0.0,0.8188075367805214,0.0,0.0,0.0,0.0,0.501257183908046,0.0,0.0,0.0,0.0,0.6336455331412103,0.5,0.0,0.0,0.0,0.24852304056715258,0.3076923076923076,0.29999999999999993,1.0,0.0,0.6666666666666667,0.0,0.0,0.3657322221019591,0.0,0.43619167717528373,0.26961926961926974,0.0,0.6039638386648123,0.21471343028229273,0.8005299927728258,0.75,0.8380952380952381,0.0,0.27485029940119765,0.43611953226504985,0.1705426356589148,0.0,0.0,0.07502799552071682,0.0,0.2395437262357416,0.11493050366163471,0.0,0.1121047588629831,0.5,0.33333333333333337,0.23529411764705876,0.0,0.6666666666666666,0.2857142857142857,0.0,1.0,0.24061597690086645,0.0,0.0,0.5,0.0,0.4232851985559568,0.0,0.14295908658420542,0.4,0.7993984962406016,0.5,0.7842465753424657,0.7095435684647302,0.0,0.21504237288135586,1.0,0.5691756272401434,0.2046757829730923,1.0,0.5497512437810945,0.0,0.28676021964612564,0.0,0.0,0.03508771929824561,0.10270270270270254,0.0,0.0,1.0,0.0,0.7476190476190476,0.0,0.1628318584070796,0.4285714285714285,0.0,0.0,0.5499999999999999,0.0,0.0,0.47850467289719634,0.0,0.6666666666666667,0.0,1.0,0.2570977917981073,0.6089385474860336,0.0,0.6666666666666666,0.0,0.0,0.6357715430861723,0.8666666666666667,0.7689873417721519,0.40488670950287453,0.0,0.0,0.0,0.6020230205790025,0.0,0.8020603384841796,0.0,0.1457481602616516,1.0,0.0,0.0,0.0,0.0,0.4375,0.0,0.0,0.0,0.33333333333333326,0.0,0.8646814101160499,0.0,0.0,0.04166666666666674,0.5382622374386972,0.0,0.9552190019612116,0.5,0.75,0.45328605343029726,0.0,0.0,0.0,0.8768974145120935,0.0,0.0,0.0,0.4827144686299617,0.6983762034775111,0.0,0.0,0.0,0.0,0.0,0.0,0.0,0.7934205188633685,0.0,0.0,0.0,0.0,0.5,0.0,0.0,0.3317775519694125,0.0,0.0,0.0,m2
0.5714285714285714,0.7057535565668955,0.0,0.6475487862922418,0.0,0.0,0.0,0.7228106676754302,0.0,0.0,0.0,0.0,0.0,0.0,0.0,0.8927993789221712,0.0,0.0,0.6516608938780621,0.0,0.0,0.44376278118609414,0.0,0.7306257770410278,0.006175156968088569,0.0,0.0,0.6997643670637518,0.8571428571428572,0.0,0.0,0.0,0.0,0.0,0.0,0.8884663584114775,0.0,0.18716708205053,1.0,0.2847280529900176,0.8756902063353676,0.3846153846153846,0.0,0.9625513776830568,0.0,0.8515341471461564,0.5177055244801996,0.0,0.0,0.0,0.14912410377707142,0.0,0.0,0.35455301304992237,0.0,0.44758191971341277,0.4251960379694595,0.4641261498028909,0.0,0.07138221933809219,0.1961668545659525,0.0,0.5596465390279823,0.33333333333333337,0.0,0.0,0.0,0.44444444444444453,0.6359384836765896,0.307798481711525,0.1428571428571428,0.0,0.558974358974359,1.0,0.0,0.8333333333333334,0.7966573816155988,0.19354838709677413,0.0,0.5714285714285714,0.5222708495234978,0.3010059324219758,0.0,0.18181818181818188,0.12069758880912917,0.0,0.0,0.45093091454681844,0.0,0.0,0.6666666666666667,0.9578651685393258,0.0,0.2941176470588235,0.0,0.5,0.8622129436325678,0.3174794870884097,0.8055302339714372,0.0,0.0,0.24272630764524905,0.0,0.5,0.0,0.0,0.75,0.0,1.0,0.0,0.8067374059956732,0.7777777777777778,0.35847526358475246,0.4444444444444444,0.0575620767494357,0.5826235093696763,0.25,0.0,0.6666666666666667,0.0,0.5,0.0,0.6666666666666667,0.75,0.18181818181818177,0.0,0.558974358974359,0.75,0.0,0.0,0.9289299172302579,0.7172988698668457,0.9104761904761904,0.4645829480303313,0.0,0.9082769296142289,0.8333333333333334,0.10232653901585342,0.0,0.6619436439321166,0.2819093739190591,0.6126875192468435,0.03325964630225087,0.36363636363636365,0.7777777777777778,0.8333333333333334,0.0,0.0,0.22345890410958913,0.0,0.0,0.6666666666666667,0.0,0.0,0.0,0.0,0.40115541778216135,0.9907590357783385,0.1964093827807627,0.0,0.0,0.9885558583106268,0.5730134496065689,0.76,0.0,0.0,0.5052494858750947,0.206896551724138,0.5714285714285714,0.7,0.6733379632552559,0.45862495631558564,0.0,0.0,0.0,0.0,0.0,0.0,0.0,0.0,0.817506431296017,0.0,0.0,0.0,0.6933333333333334,0.8965731491659896,0.17692589386776758,0.10470474726496726,0.6666666666666667,0.5508894025425857,0.026405208414390424,0.0,0.5741935483870968,0.0,0.7916666666666666,0.0,0.0,0.0,0.5212121212121212,0.0,0.0,0.0,0.0,0.0,0.0,0.0,0.8480260636259103,0.0,0.0,0.8815840061514801,0.0,0.0,0.7142857142857143,0.0,0.7919441801458929,0.0,0.0,0.0,0.6444444444444444,0.0,0.33333333333333326,0.0,0.0,0.0,0.0,0.0,0.8828073942675754,0.0,0.0,1.0,0.0,0.8821966341895483,0.7174203113417346,0.6222707423580787,0.9902676399026764,0.0,0.5603658536585366,0.4286033020972779,0.23076923076923073,1.0,0.0,0.0,0.0,0.0,0.3006058073950284,0.0,0.5952133194588969,0.314151190164792,0.406318082788671,0.0862068965517242,0.0,0.7040598290598291,0.0,0.8574156588160408,0.5,1.0,0.0,0.05695570112135029,0.75,1.0,0.5318066157760815,0.0,0.13123236124176862,1.0,0.7142857142857143,0.2691117984975694,0.8333333333333334,0.6264185201997277,0.41509433962264153,0.0,0.8571428571428571,0.5606995884773662,0.3462555066079296,0.0,0.0,0.0,0.1428571428571428,1.0,0.5630997500201596,0.0,0.0,1.0,0.967741935483871,1.0,0.8687345712139101,0.07142857142857151,0.6875,0.9241594996090696,0.6517009493670887,0.941747572815534,0.0,0.0,0.3317904993909867,0.0,1.0,0.5564368517388651,0.0,1.0,0.0,0.5,0.0,1.0,1.0,0.1996481970096744,0.6666666666666667,0.0,0.5822922324823465,0.2623811905952975,1.0,1.0,0.0,1.0,0.0,1.0,0.9,0.0,0.39842632331902716,1.0,0.0,0.0,1.0,1.0,0.0,0.7571428571428571,0.7656726533378515,0.0,0.8367777309152257,0.8823529411764706,0.5671609245529874,0.3720430107526882,1.0,0.5708744537732606,0.9310040780337264,0.0,0.6363636363636364,0.8571428571428572,1.0,0.44999999999999996,0.0,0.3948717948717948,0.0,1.0,0.0,0.0,0.0,0.0,0.0,0.37038689172289085,0.977994227994228,0.7727272727272727,0.0,0.0,0.9576271186440678,0.770596768993803,0.8181818181818182,0.0,0.0,0.0,0.375,0.6428571428571428,1.0,0.60981664216614,0.5404190495217641,0.0,0.0,0.0,0.0,0.0,0.0,0.0,0.0,0.8148148148148148,0.0,0.0,0.0,0.5,0.9479782270606532,0.6437165775401069,0.6311805125093969,1.0,0.4678430362356175,0.0,0.0,0.8321521820216338,0.0,0.5092241597169573,0.0,0.0,0.0,0.2116551126516465,0.0,0.0,0.0,0.0,0.0,0.0,0.0,0.8833955223880596,0.0,0.0,0.891373259368278,0.0,0.0,0.0,0.0,0.7789894947473737,0.262496166819994,0.3882552778451832,0.0,0.8275089291967225,0.5454545454545454,0.0,0.0,0.0,0.0,0.0,0.0,0.5841703981604744,0.0,0.0,1.0,0.05932932072227015,0.8039581777445854,0.5845410628019323,0.0,0.7692307692307692,0.0,0.8700894593543368,0.0,0.0,0.0,0.0,0.46790778222751384,0.0,0.4390182819934886,0.13123567777190193,0.0,0.42877594846098777,0.7968472468916519,0.24127310061601648,0.3088942307692307,0.2857142857142857,0.1428571428571428,0.0,0.17460846384538486,0.0,0.0,0.0,0.011150234741783782,0.4285714285714285,0.8001355669603951,0.38629142078983214,0.19999999999999996,0.0,0.0,0.33333333333333337,0.0,0.6666666666666667,0.6666666666666666,0.0,0.0,1.0,0.0,0.0,0.0,0.5,0.3962085308056873,0.0,0.0,0.0,0.4,0.0,0.5,0.6559934318555007,0.20000000000000018,0.03886397608370695,0.0,0.0,1.0,0.0,0.5882352941176471,0.0,0.625,0.0,0.3766233766233765,0.0,0.6046511627906976,0.018387553041018356,0.0,0.0,0.8333333333333334,0.0,0.5955435516542877,0.0,0.5789080029917726,0.4285714285714285,0.31845238095238093,0.0,0.88,0.0,0.0,0.0,0.0,0.0,0.0,0.0,0.9022082018927444,0.0,0.0,0.6666666666666666,0.0,0.0,0.6837296230920984,0.6923076923076923,1.0,0.8323652205481938,0.44444444444444453,0.43731041456016184,0.0,0.38662486938349017,0.0,0.7993119266055045,0.0,0.27196863060526855,0.0,0.0,0.5,0.5,0.0,0.0,0.3784090909090909,0.11714285714285722,0.0,0.0,0.0,0.0,0.0,0.0,0.0,0.8067110655737706,0.2068965517241378,0.0,0.5,0.5,0.3884281420460871,0.33333333333333326,0.0,0.0,0.0,0.1428571428571428,0.0,0.5714285714285714,0.6760600474058468,0.1346457824400059,0.0,0.0,0.0,0.0,0.0,0.0,0.0,0.0,1.0,0.0,0.0,0.0,1.0,0.7722419928825623,0.0,0.2985871720220765,0.0,0.7656992949663879,0.6654365459217089,m2
0.0,0.0,0.0,0.8762318533432235,0.0,0.0,0.0,0.0,0.8525621816002398,0.0,0.6551724137931034,0.0,0.0,0.0,1.0,0.8782677963646897,0.0,0.0,0.0,0.0,0.0,0.717948717948718,0.0,0.0,0.0,0.0,0.0,0.6997643670637518,0.2857142857142857,0.0,0.0,0.0,0.0,0.0,0.0,0.8259438601800712,0.45081640780565513,0.2331521334425498,0.9689502919811993,0.0,0.0,0.0,0.2591496426766766,0.0,0.6510741510741511,0.9450676344440778,0.5230625095322134,0.0,0.6666666666666667,0.248379015620395,0.3786182343532325,0.0,0.7350781998084903,0.8542879143312501,0.0,0.5036701404621656,0.914270211611503,0.0,0.0,0.0,0.0,0.12146118721461197,0.8306332842415316,0.1428571428571429,0.0,0.5,0.23715927010587956,0.44444444444444453,0.0,0.44364680545585067,0.5714285714285714,0.2696096863954276,0.7179487179487178,0.5714285714285714,0.11782518926359264,0.8333333333333334,0.0,0.3548387096774194,0.4,0.8571428571428572,0.0,0.2912746725696366,0.6428571428571428,1.0,0.0,0.0,0.0,0.8864398658361284,0.0,0.8873180873180874,0.33333333333333337,0.7222612359550562,0.0,0.2941176470588235,0.6061257388500807,0.5,0.4488517745302715,0.21208940060954973,0.3727382388419783,0.2573887018331462,0.125,0.0,0.5124674358020097,0.5,0.9055892573178632,0.0,0.75,0.0,1.0,0.6666666666666667,0.6076535335870795,0.7777777777777778,0.03556975505857274,0.4444444444444444,0.8418414322250639,0.0,0.16945516945516959,0.0,0.6666666666666667,0.09017971758664933,0.5,0.0,0.0,0.29999999999999993,1.0,0.0,0.6000000000000001,0.0,0.9285714285714286,0.0,0.0,0.0,0.39144736842105254,0.569534667904017,0.0,0.9000437445319335,0.0,0.10747374922791864,0.0,0.0,0.46380487804878057,0.5749685534591196,0.026929260450160752,0.36363636363636365,0.0,0.0,0.1923076923076923,0.9166666666666666,0.0,0.0,0.0,0.6666666666666667,0.0,0.0,0.9803921568627451,0.0,0.0,1.0,0.0,0.0,0.33333333333333326,0.0,0.0,1.0,0.0,0.0,0.0,0.0,0.07692307692307698,0.0,0.9139938080495356,0.6366541503555165,0.0,0.0,0.0,0.0,0.0,0.0,0.0,0.0,0.0,0.0,0.0,0.0,0.0,0.0,0.0,0.0,0.0,0.0,0.6920548840984938,0.0,0.0,0.0,0.7916666666666666,0.0,0.0,0.0,0.0,0.5945945945945946,0.0,0.652542372881356,0.0,0.0,0.0,1.0,0.8480260636259103,0.0,0.0,0.0,0.0,0.0,1.0,0.0,0.0,0.4098360655737705,0.0,0.0,0.6444444444444444,0.0,0.0,0.0,0.0,0.0,0.0,0.0,0.887800703622706,0.5087719298245614,0.1396103896103894,1.0,0.18584070796460184,0.0,0.0,0.6612821807168098,0.0,0.7333333333333334,0.9899328859060402,0.8879615579160344,0.0,1.0,0.26828563168545816,0.626979690702441,0.0,0.8029411764705883,0.8604840349806793,0.0,0.5318202047174009,1.0,0.0,0.0862068965517242,0.2571428571428571,0.0,0.6696428571428572,0.9372138652714193,1.0,1.0,1.0,0.4703008770955923,0.75,0.33333333333333326,0.2387096774193549,1.0,0.8146754468485419,0.7,0.11111111111111105,0.0,1.0,0.0,0.23113207547169812,0.4267241379310345,1.0,0.5014124293785311,0.3462555066079296,1.0,1.0,0.37458782149923064,0.1428571428571428,1.0,0.9021923792573416,0.0,0.7192982456140351,1.0,0.7096774193548387,0.0,0.32366735300846494,0.7857142857142857,0.6875,0.7270742358078602,0.19834710743801676,0.2799352750809063,0.0,0.46475770925110127,0.0,0.6363636363636365,0.9166666666666666,0.5446410412853366,0.0,1.0,0.0,0.5,1.0,0.8028362305580969,1.0,0.22569444444444442,0.6666666666666667,0.9420289855072463,0.005331302361005319,0.676212938005391,1.0,1.0,0.5880115900036219,1.0,0.0,0.0,0.44999999999999996,0.8235294117647058,0.6051873198847262,1.0,0.5,1.0,0.5,0.0,0.6666666666666667,0.7857142857142857,0.830735343951203,0.0,0.8367777309152257,0.0,0.5537634408602151,0.3720430107526882,0.0,0.6051893408134643,0.8220105289546252,0.0,0.6363636363636364,0.0,0.0,0.0,0.75,1.0,0.0,1.0,0.0,0.0,0.0,0.9888888888888889,0.0,0.0,1.0,1.0,0.0,0.5,0.0,0.0,0.0,0.0,0.0,0.9084556254367575,0.0,0.10526315789473684,0.0,0.8800692981800433,0.8229827408172297,0.0,0.0,0.0,0.0,0.0,0.0,0.0,0.0,0.0,0.0,0.0,0.0,0.0,0.0,0.0,0.776486983116899,0.0,0.0,0.5817659990229604,1.0,0.0,0.0,0.8584130179500084,0.0,0.0,0.0,0.0,0.8288381742738589,0.0,0.7785359801488834,0.0,0.0,0.0,0.6666666666666667,0.894316163410302,0.0,0.0,0.0,0.0,0.0,0.881578947368421,0.0,0.0,0.0,0.3212992387850121,0.0,0.8275089291967225,0.0,0.0,0.0,0.0,0.0,0.0,0.0,0.5841703981604744,1.0,0.0,1.0,0.35236457437661217,0.0,0.0,0.0,0.15384615384615385,0.29999999999999993,1.0,0.0,0.0,0.6666666666666667,0.3694504043571545,0.41194743130226996,0.0,0.46869521662910096,0.6482114566830652,0.0,0.41092327698309505,0.6016873889875667,0.0,0.0,0.0,0.0,0.33826366559485543,0.6874375208263912,0.44217687074829926,0.0,0.0,0.6475343573160874,0.4285714285714285,0.0,0.2748524738992284,0.3999999999999999,0.1121047588629831,0.5,0.0,0.41176470588235303,0.6666666666666667,0.0,0.4736842105263158,0.0,0.5,0.2794060179757717,0.0,0.0,0.5,0.16824644549763024,0.0,0.0,0.8204064703442555,0.0,0.4672456107230507,0.0,0.5804597701149425,0.631578947368421,0.0,0.21504237288135586,0.0,0.48951048951048937,0.0,1.0,0.0,0.0,0.31488494028546476,0.18796992481203012,0.25,0.813953488372093,0.38095238095238093,0.0,0.0,0.8333333333333334,0.0,0.33063427800269907,0.0,0.31264023934180996,0.4285714285714285,0.7333333333333334,0.0,0.0,0.0,0.0,0.062130177514792884,0.0,0.0,0.0,0.0,0.16561514195583604,0.0,0.0,0.0,0.5,0.5,0.0,0.0,0.5349544072948329,0.4018534119629318,0.0,0.3637521222410868,0.0,0.38662486938349017,0.0,0.0,0.0,0.27196863060526855,0.0,0.0,0.0,0.5,0.41463414634146345,0.4375,0.0,0.11714285714285722,0.0,0.0,0.0,0.0,0.9166666666666666,0.0,0.04166666666666663,0.875236593059937,0.22413793103448265,0.0,1.0,1.0,0.0,0.0,0.0,0.0,0.8742733188720173,0.0,0.0,0.0,0.8665714285714285,0.5189576547231272,0.0,0.0,0.0,0.0,0.0,0.0,0.0,0.0,0.0,0.0,0.0,0.0,0.0,0.0,0.271326530612245,0.032282212033311386,0.0,0.0,0.9025684668392374,m2
0.0,0.0,0.0,0.0,0.0,0.0,0.0,0.0,0.6699172033118675,0.0,0.0,0.5441173749745601,0.0,0.0,0.0,0.900236840833293,0.0,0.0,0.6524902419984387,0.0,0.0,0.0,0.33333333333333326,0.0,0.0,0.0,0.6157187040733512,0.0,0.2857142857142857,0.0,0.0,0.628045491324283,0.0,0.0,0.0,0.0,0.0,0.6856356631810678,0.20588235294117652,0.30273051048674315,0.8464185325191432,0.3846153846153846,0.0,1.0,0.5818181818181818,0.46323161580790395,0.8718973613595706,0.0,0.0,0.23477100933748307,0.35385488544373744,0.0,0.5217391304347826,0.0,0.0,0.4927710843373495,0.0,0.0,0.27838908450704225,0.0,0.6537815126050421,0.12146118721461197,0.3334141022534528,0.1428571428571429,0.4,0.5,0.23715927010587956,0.33333333333333337,0.0,0.2869399428026691,0.5714285714285714,0.6688716830790047,0.558974358974359,0.5714285714285714,0.0,0.8333333333333334,0.0,0.19354838709677413,0.0,0.5714285714285714,0.42538771522774455,0.0,0.6428571428571428,0.0,0.8332284015389997,0.7394530421878313,0.0,0.10349502862307935,0.8,0.0,0.33333333333333337,0.4375,0.11111111111111116,0.0,1.0,0.5,0.8620689655172413,0.0,0.0,0.16786570743405282,0.0,0.29094543637272297,0.08319467554076543,0.33333333333333337,0.0,0.0,0.75,0.0,0.19999999999999996,0.6666666666666667,0.0,0.7777777777777778,0.018687032824179606,0.0,0.1718464351005483,0.6345541401273886,0.6190476190476191,0.0,0.6666666666666667,0.3174296745725317,0.5,0.0,0.6666666666666667,0.0,0.0,0.7332738626226584,0.558974358974359,1.0,0.0,0.0,0.0674064455200093,0.6346118553863094,0.34178217821782175,0.0,0.41666666666666663,0.5376322213181448,0.0,0.03709949409780766,0.0,0.5461385262226157,0.0,0.4437610956124779,0.6432877813504823,0.36363636363636365,0.7777777777777778,0.6666666666666666,0.1923076923076923,0.0,0.5333333333333332,0.8372641509433962,0.0,0.791044776119403,0.0,0.0,0.9803921568627451,0.0,0.0,0.8983977481866406,0.0,0.9256398193451261,0.0,1.0,0.6934624767763586,0.16000000000000003,0.0,0.9006450219425273,0.5237709658762291,0.0,0.0,0.0,0.0,0.6001485299899523,0.48864537410003495,0.0,0.0,0.0,0.0,0.0,0.0,0.0,0.0,0.0,0.0,0.0,0.0,0.0,0.2968427043704881,0.6203988368543261,0.0,0.0,0.6856948451363561,0.0,0.0,0.0,0.0,0.0,0.0,0.0,0.0,0.5,0.0,0.0,0.626212899543379,0.0,0.0,0.0,0.8321355786763918,0.0,0.0,0.889615642406453,0.0,0.0,0.0,0.0,0.0,0.4098360655737705,0.5643626326009852,0.6666666666666667,0.0,0.0,0.0,0.0,0.5999013076733284,0.0,0.0,0.0,0.0,0.0,0.801500223914017,0.8597692862292718,0.0,0.8821966341895483,0.7174203113417346,0.6152705707931801,0.0,0.7333333333333334,0.7890365448504983,1.0,0.0,1.0,0.11652435961828234,0.61369301994302,0.0,0.8029411764705883,0.0,1.0,0.5447858070099525,0.0,0.0,0.0,0.0,0.7064499746063992,0.09999999999999998,0.0,1.0,1.0,1.0,0.4703008770955923,0.2500000000000001,0.0,0.1078431372549018,1.0,0.9421252371916509,1.0,0.11111111111111105,0.5047857793983591,0.8333333333333334,0.0,0.5,0.0,0.8571428571428571,0.1913978494623657,0.32353901403852425,1.0,0.0,0.9935579781962339,0.6666666666666666,1.0,0.38707799767171136,1.0,0.0,1.0,0.967741935483871,0.0,0.66542800265428,0.7857142857142857,0.6875,0.9166666666666667,0.45125903764647224,0.0,0.2499999999999999,0.0,0.34381091617933723,0.0,0.0,0.47777777777777786,0.0,1.0,0.0,0.5,1.0,0.0,1.0,0.0,0.33333333333333337,0.6714697406340058,0.0,0.8805150214592274,1.0,1.0,0.0,1.0,0.0,1.0,0.44999999999999996,0.3529411764705882,0.943342776203966,1.0,0.5,0.0,1.0,0.6465337697113955,0.8260869565217391,0.7857142857142857,0.15147407658420875,0.5555555555555556,0.6364403205398566,0.0,0.6989247311827957,0.29279466888796346,0.0,0.807666517657577,0.5617529880478089,0.9473023839397742,0.6363636363636364,0.8571428571428572,1.0,0.0,0.25,0.45695364238410585,0.75,1.0,0.8656716417910448,0.0,0.0,0.9888888888888889,0.0,0.0,0.9811320754716981,1.0,0.7787601664579618,0.0,1.0,0.8435161175623759,0.13636363636363646,0.0,0.9681771667556505,0.0,0.0,0.0,0.0,0.8087185107190694,0.8212085366454729,0.2620412754456405,0.0,0.0,0.0,0.0,0.0,0.0,0.0,0.0,0.0,0.0,0.0,0.0,0.0,0.7041069723018147,0.9890786894427331,0.0,0.0,0.7318114760462768,1.0,0.0,0.0,0.0,0.0,0.0,0.0,0.0,0.6626865671641793,0.0,0.0,0.4739187965735775,0.0,0.0,0.0,0.894316163410302,0.0,0.0,0.8639523833341669,0.0,0.0,0.16000000000000003,0.0,0.0,0.0,0.0,0.6098072087175189,0.0,0.0,0.0,0.0,0.9200241740531829,0.0,0.0,0.0,0.0,0.0,0.3420114122681883,0.29999999999999993,0.3781818181818182,0.8003966822935449,0.018167137666532218,0.0,0.7692307692307692,0.0,0.525,0.6420878210439105,0.0,0.0,0.19696084161309158,0.41194743130226996,0.0,0.47416603962879367,0.14321206743566994,0.25,0.43121881682109764,0.0,0.0,0.4374999999999999,0.2857142857142857,0.1428571428571428,0.2745215311004784,0.3181667220192629,0.44217687074829926,0.4,0.0,0.10509209100758399,0.5714285714285714,0.0,0.32979200957653765,0.3999999999999999,0.5282657297987863,0.0,0.0,0.0,0.6666666666666667,0.0,0.368421052631579,0.0,0.0,0.0,0.0,0.0,0.0,0.6479041916167665,0.4232851985559568,0.0,0.14884051112162788,0.6,0.0,0.0,0.34210526315789447,0.631578947368421,0.1335920177383595,0.2129629629629629,1.0,0.8279569892473119,0.0,0.23529411764705876,0.3276157804459692,0.0,0.5597579425113465,0.16541353383458646,0.25,0.0,0.0,0.0,0.0,0.33333333333333337,0.0,0.49767008387698053,0.0,0.19999999999999996,0.0,0.0,0.0,0.24,0.0,0.0,0.6149532710280374,0.0,0.0,0.0,0.0,0.0,0.6462395543175488,0.0,0.0,0.0,0.0,0.0,0.26923076923076916,0.5613665120202446,0.0,0.0,0.0,0.0,0.0,0.0,0.7247834590667784,0.06447249774571673,0.0,0.6,0.0,0.5,0.5,0.41463414634146345,0.625,0.9,0.8294930875576036,0.0,0.7916666666666667,0.0,0.0,0.9166666666666666,0.0,0.04166666666666663,0.0,0.22413793103448265,0.09427044333703427,0.0,0.75,0.46844291062236787,0.33333333333333326,0.0,0.8569479890873889,0.0,0.0,0.0,0.0,0.6271155223575157,0.46745222014657284,0.4887412555298728,0.0,0.0,0.0,0.0,0.0,0.0,0.0,0.0,0.0,0.0,0.0,0.0,0.0,0.0,0.5179374128102233,0.0,0.0,0.9091609419052535,m2
0.0,0.0,0.0,0.0,0.0,0.6666666666666667,0.0,0.7777389684480149,0.0,0.0,0.0,0.0,0.0,0.0,0.0,0.0,0.0,0.6206993354564365,0.0,0.6816846721789688,0.0,0.0,0.33333333333333326,0.7306257770410278,0.005346380662303418,0.0,0.7165351467326084,0.7202272667352159,0.8571428571428572,0.0,0.0,0.8840868352917746,0.5559541172296899,0.0,0.0,0.0,0.0,0.14822755860491732,0.12121212121212122,0.6848341232227488,0.0,0.0,0.05355404089581306,0.0,0.0,0.6887165951831079,0.011653413764738385,1.0,0.6666666666666667,0.0,0.17726667652714123,0.0,0.5217391304347827,0.8367122618466049,0.0,0.8094565984474241,0.0,0.0,0.39457937346004934,0.0,0.8438661710037175,0.41027287319422145,0.8662466682820451,1.0,0.0,1.0,0.0,0.44444444444444453,0.44404986777483946,0.2639593908629442,0.5714285714285714,0.0,0.558974358974359,0.5714285714285714,0.11782518926359264,0.8333333333333334,0.0,0.7741935483870968,0.0,0.8571428571428572,0.005671769226077816,0.0,0.6428571428571428,0.0,0.07587768969422415,0.0,0.0,0.8624569460390356,0.0,0.0,0.33333333333333337,0.30323450134770913,1.0,0.6521739130434783,1.0,0.2666666666666666,0.4482758620689655,0.6317255534379125,0.3611793611793611,0.0,0.0,0.8364226025613711,0.5640599001663895,0.5,0.0,0.3407794391400947,0.75,0.0,1.0,0.6666666666666667,0.5031597953656335,0.0,0.14949626259343507,0.4444444444444444,0.47873955960516323,0.8900080580177276,0.0,0.0,0.6666666666666667,0.875968992248062,0.0,0.5,0.0,0.75,1.0,0.0,0.558974358974359,0.75,0.9285714285714286,0.5,0.0,0.0,0.0,0.5939252336448597,0.41666666666666663,0.5894612662209988,0.8333333333333334,0.14481161860660907,0.0,0.38820988304709725,0.4140604258482451,0.0,1.0,0.36363636363636365,0.0,0.8333333333333334,0.1923076923076923,0.0,0.0,0.37750294464075396,0.0,0.0,0.0,0.0,0.0,0.6223440270836691,0.890094406087079,0.9890115838475696,0.28920652968407357,0.9256398193451261,0.0,0.0,0.7266698868561887,0.0,0.0,0.0,0.5095785440613028,0.0,0.0,0.7,0.3442735042735041,0.0,0.4787968283522199,0.0,0.0,0.0,0.0,0.0,0.0,0.6518682768079442,0.0,0.0,0.0,0.0,0.0,0.0,0.0,0.04565493978755508,0.6666666666666667,0.0,0.6857513021174131,0.0,0.0,0.0,0.0,0.0,0.0,0.0,0.7666666666666666,0.0,0.0,0.0,0.0,0.0,0.0,0.0,0.0,0.0,0.8176596093878221,0.0,0.8968681015452539,0.0,0.0,0.0,0.7919441801458929,0.0,0.0,0.6666666666666667,0.6444444444444444,0.0,0.33333333333333326,0.0,0.8291605301914581,0.8655913978494624,0.0,1.0,0.0,0.0,0.19450778229404198,0.8563040791100124,0.8330341113105925,0.0,0.0,0.08433734939759041,0.26815642458100564,0.0,0.9020093586567575,0.0,1.0,1.0,0.0,0.0,0.0,0.75,0.9257337566793155,0.0,0.8803418803418803,0.0,0.0,1.0,0.0,0.9105219552609777,0.5583756345177664,0.9416058394160584,1.0,1.0,1.0,0.05695570112135029,0.75,1.0,0.5223463687150838,1.0,0.1408918406072106,1.0,0.6666666666666667,0.0,1.0,0.0,0.625,0.0,1.0,0.0,0.0,0.75,0.33333333333333326,0.0,0.1428571428571428,1.0,0.9472295514511874,0.0,0.0,1.0,0.6129032258064515,1.0,0.6552404438964241,0.3571428571428571,0.0625,0.7676419965576593,0.9275722723033882,0.2799352750809063,0.0,0.14540059347181,1.0,0.6363636363636365,1.0,0.11917836078909905,0.5647279549718576,1.0,0.0,0.5,1.0,0.8089700996677741,0.0,0.8313878080415046,0.6666666666666667,0.7365657813465103,0.9287341360234298,0.0,1.0,1.0,0.9307260610312171,0.0,0.8,0.0,0.9,0.8235294117647058,0.4432918395573997,1.0,0.0,1.0,1.0,0.0,0.0,0.2857142857142857,0.8213199785369343,0.5555555555555556,0.7891445427728614,0.8823529411764706,0.4839084916634355,0.2803889789303079,0.8116926355040618,0.7230542597593912,0.1670611278870482,0.9675174013921114,0.6363636363636364,0.0,1.0,0.0,0.0,0.3225806451612905,0.5681818181818181,1.0,0.0,0.0,0.0,0.0,0.6456874720691197,0.854220600769482,0.9875430691757222,0.685459940652819,0.678217876174257,0.0,0.0,0.8677344740965504,0.0,0.0,0.0,0.0,0.0,0.0,1.0,0.033539455106416205,0.0,0.20340617466365984,0.0,0.0,0.0,0.0,0.0,0.0,0.5827424878213476,0.0,0.0,0.0,0.0,0.0,0.0,0.0,0.16355102371125663,1.0,0.0,0.7498409813721036,0.0,0.0,0.0,0.0,0.0,0.0,0.0,0.7189009661835748,0.0,0.0,0.0,0.0,0.0,0.0,0.0,0.0,0.0,0.9688443103142198,0.0,0.5670009509812397,0.0,0.16000000000000003,0.0,0.6326278514370418,0.25374732334047123,0.3882552778451832,0.8867286559594252,0.8286011801457828,0.5454545454545454,0.0,0.0,0.674245939675174,0.501257183908046,0.0,0.0,0.0,0.0,0.5868331441543702,0.0,0.5776782638649672,0.0,0.01534113847396057,0.21759809750297276,0.3076923076923076,0.09090909090909083,0.5798319327731092,0.39188102893890686,0.5555555555555556,0.6666666666666667,0.0,0.46790778222751384,0.0,0.4737704918032788,0.550242285131344,0.25,0.6039638386648123,0.0,0.0,1.0,0.2857142857142857,0.8571428571428572,0.5532296650717704,0.7329790767186981,0.07563025210084018,0.0,0.0,0.0,0.4285714285714285,0.12612612612612606,0.3630347435594422,0.3999999999999999,0.0,0.0,0.0,0.41176470588235303,0.6666666666666667,0.0,1.0,0.0,1.0,0.29178800232964475,0.0,0.0,0.5,0.37966101694915255,0.0,0.0,0.6891056137012368,0.4,0.0,0.0,0.4383561643835616,0.20000000000000018,0.1335920177383595,0.0,1.0,0.34838709677419366,0.17819148936170215,1.0,0.3276157804459692,0.625,0.38815596599237745,0.7142857142857142,0.0,0.8333333333333334,0.016172506738544645,0.0,0.0,1.0,0.0,0.1597222222222222,0.5,0.16139585605234463,0.4285714285714285,0.6222056631892698,0.2505547337278107,0.56,0.0,0.0,0.9675126903553299,0.0,0.0,0.0,0.0,0.16561514195583604,0.13966480446927354,0.0,0.6666666666666666,0.5,0.5,0.16452905811623242,0.0,0.0,0.4044335392165158,1.0,0.0,0.0,0.3829787234042553,0.0,0.0,0.08893442622950831,0.06622758873033296,1.0,0.0,0.0,0.5,0.41463414634146345,0.0,0.0,0.122889305816135,0.0,1.0,0.0,0.0,0.0,0.6268082486919052,0.6530612244897959,0.0,0.0,0.09384880343418245,1.0,0.0,0.46844291062236787,0.0,0.0,0.0,0.0,0.0,0.5,0.5714285714285714,0.0,0.0,0.47370608235738554,0.0,0.0,0.0,0.0,0.0,0.0,0.35203030243557787,0.0,0.0,0.0,0.0,0.0,0.0,0.15836926695413567,0.6604708798017349,0.0,0.0,0.5976139370039435,m2
0.0,0.5370866845397677,0.0,0.0,0.0,0.0,0.0,0.0,0.0,0.7013454359910841,0.0,0.5988818360129113,0.0,0.0,1.0,0.0,0.8888888888888888,0.0,0.7374188971490223,0.0,0.0,0.4813404417364813,0.0,0.75,0.006175156968088569,0.2028341967491708,0.7833037300177619,0.0,0.8571428571428572,0.0,0.0,0.0,0.0,0.0,0.0,0.0,0.45081640780565513,0.0,0.08571428571428563,0.0,0.5078655767484106,0.0,0.9239153973868476,0.6314507535393515,0.0,0.0,0.16380371530886262,1.0,0.0,0.6265841438255231,0.0,0.0,0.7028985507246377,0.0,0.6867088607594938,0.0,0.7259220643815978,0.48794642857142867,0.15233362143474505,0.5652642934196332,0.0,0.0,0.40353460972017663,0.33333333333333337,0.0,1.0,0.16952016219869337,0.0,0.0,0.2738985494188665,0.0,0.6931169012122056,0.558974358974359,1.0,0.0,0.8333333333333334,0.0,0.19354838709677413,0.0,0.8571428571428572,0.0036057692307692735,0.9090909090909091,0.6428571428571428,0.0,0.12069758880912917,0.7874069058903183,0.0,0.18019026301063235,0.0,0.8090737240075614,0.6666666666666667,0.9578651685393258,0.11111111111111116,0.0,0.9106145251396648,1.0,0.0,0.2276030398846176,0.0,0.0,0.0,0.4541032106903877,0.8693710457759584,0.8333333333333334,0.0,0.6329092451229854,0.75,0.0,0.19999999999999996,0.6666666666666667,0.0,0.0,0.3667422279792748,0.33333333333333326,0.5240750126710594,0.0,0.16945516945516959,0.875,0.6666666666666667,0.3381245722108145,0.0,0.875,0.6666666666666667,0.75,1.0,0.1918256130790188,0.558974358974359,0.0,0.9285714285714286,0.0,0.3191924641981968,0.8887210473313192,0.46190476190476193,0.7175748739444747,0.41666666666666663,0.8734669753238438,0.8333333333333334,0.03771661569826723,0.4855805689770978,0.0,0.733079672546985,0.30481705712029483,0.0,0.4444444444444444,0.0,1.0,0.0,0.4289044289044289,0.0,0.9390459363957597,0.0,0.0,0.0,0.8243908933564106,0.0,0.0,0.7732965400127361,0.9935851746258019,0.5007731621019527,0.3616574409274589,0.0,0.9634301359147355,0.24591782545657292,0.0,0.0,0.0,0.0,0.0,0.07692307692307698,0.0,0.0,0.5271398634048883,0.0,0.0,0.0,0.0,0.0,0.0,0.0,0.0,0.0,0.0,0.0,0.0,0.0,0.0,0.7329138043423757,0.3445510881472885,0.6666666666666667,0.0,0.13603092480451506,0.0,0.5741935483870968,0.0,0.0,0.0,0.0,0.0,0.0,0.0,0.7326787512588117,0.0,0.7189150943396226,0.0,0.0,1.0,0.0,0.7142857142857143,0.0,0.8815840061514801,0.0,0.0,0.7142857142857143,0.0,0.7940379403794038,0.0,0.5742143676494686,0.6206896551724137,0.0,0.0,0.33333333333333326,0.0,0.0,0.0,0.0,0.0,0.0,0.5087719298245614,0.1399999999999999,0.7377351530800442,0.1310592459605029,0.46153846153846145,0.0,1.0,0.7145759268664297,0.0,0.0,0.0,1.0,1.0,0.6401856401856401,0.5755935628202352,0.0,0.2574558734023127,0.0,0.7210648148148149,0.0,0.8713052576510594,0.406318082788671,0.0,0.745724907063197,0.0,0.0,0.24232851985559567,0.5,1.0,1.0,0.0,0.5,0.0,0.5459183673469388,0.0,0.9421252371916509,1.0,0.7142857142857143,0.4444111477374888,0.8333333333333334,0.0,0.5,0.0,1.0,0.5689300411522634,1.0,0.625,0.0,0.0,0.6666666666666666,1.0,0.4505997474747475,0.0,0.8582677165354331,1.0,0.967741935483871,0.0,0.6177276642392922,0.7857142857142857,0.9375,0.5593803786574872,0.0,0.0,0.0,0.0,0.5639781685870224,0.8181818181818182,0.08333333333333337,0.5564368517388651,0.8791208791208791,1.0,0.0,0.5,1.0,0.2629238465814341,1.0,0.18791946308724827,0.33333333333333337,0.8834288834288835,0.41091797935904395,0.5704697986577181,1.0,1.0,0.3161875945537066,0.0,1.0,1.0,0.9,0.8823529411764706,0.7749752720079128,1.0,0.0,1.0,1.0,0.6345848110553993,1.0,0.0,0.830735343951203,0.5555555555555556,0.8367777309152257,0.8823529411764706,0.7888725128960943,0.0,0.0,0.6716961103950261,0.0,0.24084621643612703,0.6363636363636364,0.0,1.0,0.44999999999999996,0.75,1.0,1.0,1.0,0.0,0.0,0.7251887810140237,0.0,0.0,0.8269697972302311,0.977994227994228,0.0,0.5617316460267543,0.0,0.9576271186440678,0.3330229806044045,0.0,0.0,0.0,0.8355963302752294,0.0,0.10526315789473684,0.0,0.5261985852763951,0.5400169966006798,0.0,0.0,0.0,0.0,0.0,0.0,0.0,0.0,0.0,0.0,0.0,0.0,0.0,0.0,0.9577507552640767,0.0,1.0,0.0,0.0,1.0,0.7966804979253113,0.0,0.0,0.0,0.0,0.0,0.0,0.0,0.7067113712564641,0.0,0.894047619047619,0.0,0.0,0.6666666666666667,0.0,1.0,0.0,0.9025110230924445,0.0,0.0,0.0,0.33333333333333326,0.8007796746874579,0.262496166819994,0.0,0.8867286559594252,0.0,0.5454545454545454,0.0,0.0,0.0,0.0,0.0,0.0,0.0,0.5,0.0,0.0,0.6072727272727272,0.36482449589245725,0.0,0.8953168044077136,0.0,1.0,0.0,0.3318965517241381,0.6666666666666667,0.0,0.6377416719615141,0.0,0.0,0.47295266716754325,0.0,0.6923076923076923,0.0,0.33347511697150156,0.5699831365935919,0.4374999999999999,0.0,0.0,0.0,0.33922025991336224,0.0,0.0,0.0,0.12765957446808518,0.0,0.0,0.21091320327961527,0.0,0.5282657297987863,0.0,0.33333333333333337,1.0,0.6666666666666667,0.0,0.0,0.0,0.5,0.2818289318092235,0.5,0.0,0.0,0.4449039881831611,0.489344262295082,0.0,0.03588681849551412,0.4,0.9894189071986124,0.5,0.6559934318555007,0.0,0.17389138016940708,0.2129629629629629,1.0,0.0,0.745,0.0,0.3276157804459692,0.0,0.22516749198951358,0.13636363636363613,0.75,0.0,0.10729023383768921,0.0,0.0,0.0,0.0,0.0,0.0,0.5789080029917726,0.4285714285714285,0.0,0.0,0.0,0.0,0.0,0.2862780813600485,0.0,0.6666666666666667,0.0,0.0,0.0,0.13379310344827577,0.0,0.6666666666666666,0.5,0.0,0.0,0.7692307692307693,0.6458164094232333,0.33232842702606835,0.0,0.49667519181585673,0.0,0.0,0.6965352449223416,0.5550458715596329,0.19539869608826466,0.6865609348914857,0.0,0.0,0.0,0.5,0.0,1.0,0.0,0.8942857142857142,0.0,0.0,0.0,0.9169329073482428,0.0,0.0,0.6481546572934975,0.00863627776428344,0.6724137931034482,0.12801199104466288,1.0,0.5,0.1148991796135469,0.0,0.0,0.0,0.8715679190751445,1.0,0.0,0.0,0.16212149708482215,0.18271407644160365,0.0,0.0,0.0,0.0,0.0,0.0,0.0,0.0,0.0,0.0,0.0,0.0,0.0,0.0,0.4079379289764249,0.7174927967211601,0.0,0.0,0.653407554867409,m2
0.0,0.0,0.0,0.8821793655811994,0.0,0.0,0.828125,0.7228106676754302,0.8350800870081077,0.7773575390821986,0.0,0.0,0.0,0.0,0.0,0.0,0.0,0.0,0.0,0.0,0.0,0.0,0.25,0.0,0.0064415786403991815,0.0,0.0,0.7202272667352159,0.2857142857142857,0.0,0.0,0.0,0.0,0.0,0.0,0.8259438601800712,0.0,0.6887871853546911,0.0,0.0,0.5073569482288829,0.3846153846153846,0.2591496426766766,0.0,0.0,0.4689871329594194,0.8717826768128917,0.0,0.0,0.0,0.0,0.0,0.5217391304347826,0.3368056347017391,0.0,0.0,0.0,0.0,0.11418803418803403,0.7989854153455929,0.0,0.12146118721461197,0.8645066273932254,1.0,0.8,0.0,0.23715927010587956,0.5555555555555556,0.9499549143372408,0.5637178666178758,0.8571428571428571,0.0,0.558974358974359,0.0,0.7227997227997228,0.0,0.0,0.0,0.16455696202531644,0.8571428571428572,0.43746245344226853,0.5652173913043478,0.6428571428571428,0.0,0.8913966583587187,0.9236148466917697,0.0,0.6160014361797619,0.6734693877551021,0.9718390804597701,0.6666666666666667,0.06882022471910121,1.0,0.2941176470588235,0.0,1.0,0.4488517745302715,0.904490661014704,0.5497587454764776,0.5900508351488745,0.0,0.8598081023454158,0.5124674358020097,0.5,0.06867951982539078,0.75,0.75,0.0,0.19999999999999996,0.0,0.3054895302773061,0.0,0.0,0.0,0.83810759556842,0.33154001344989914,0.0,0.875,0.6666666666666667,0.900550884314294,0.0,0.5,0.0,1.0,0.5,0.7175295186194368,0.558974358974359,0.75,0.9285714285714286,0.0,0.019266542652139118,0.484472049689441,0.5594553706505296,0.0,0.41666666666666663,0.8344988344988346,0.8333333333333334,0.03314803376569897,0.0,0.0,0.46380487804878057,0.0,0.0,0.4444444444444444,0.0,1.0,0.0,0.5827232796486091,0.22345890410958913,0.37750294464075396,0.0,0.0,0.0,0.0,0.9803921568627451,0.0,0.0,0.9163118353880108,0.07758130466570978,0.3616574409274589,0.0,0.9634301359147355,0.0,0.84,0.0,0.0,0.5227448810182624,0.206896551724138,0.0,0.7,0.3974670908977478,0.6279602437727514,0.0,0.0,0.0,0.0,0.0,0.0,0.0,0.0,0.0,0.0,0.0,0.0,0.0,0.0,0.0,0.10456722905929472,0.6666666666666667,0.5515010601387818,0.502337980159944,0.0,0.0,0.0,0.7916666666666666,0.0,0.0,0.9424083769633508,1.0,0.5945945945945946,0.9510734929810074,0.0,0.0,0.0,0.0,0.0,0.0,0.0,0.0,0.0,0.0,0.0,0.0,0.0,0.0,0.0,0.0,0.0,0.6444444444444444,0.0,0.0,0.0,0.0,0.0,0.0,0.0,0.887800703622706,0.0,0.7551020408163265,0.0,0.19435736677115978,0.46153846153846145,0.7174203113417346,0.6639959939909865,0.0,0.0,0.7931596091205212,1.0,0.0,1.0,0.0,0.6202720327929943,0.0,0.7553256238587949,0.38076805541407754,0.0,0.0,0.0,0.0,0.0,0.85,0.0,0.6696428571428572,0.9592616168045831,0.75,1.0,0.0,0.4703008770955923,0.75,1.0,1.0,1.0,0.1408918406072106,1.0,0.0,0.9489516864175023,0.0,0.0,0.0,0.5129032258064515,1.0,0.7289135716765012,0.7918994413407822,0.625,0.0,1.0,0.8095238095238095,1.0,0.8287563131313131,0.0,0.7883597883597884,1.0,0.19354838709677402,1.0,0.31305395404870484,0.07142857142857151,0.8125,0.7676419965576593,0.9769184045353311,0.4077669902912622,0.6875,0.0,1.0,0.6363636363636365,1.0,0.5564368517388651,0.9049405878674172,1.0,0.0,0.5,0.0,0.0,1.0,0.5208333333333335,0.33333333333333337,0.9579579579579579,0.2456207159177457,0.0,1.0,1.0,0.9339007605939877,0.0,0.8,0.0,0.9,0.8823529411764706,0.9071207430340558,1.0,0.0,1.0,0.5,0.4675010092854258,0.8260869565217391,0.0,0.15147407658420875,0.5555555555555556,0.8367777309152257,0.8823529411764706,0.6989247311827957,0.29279466888796346,0.0,0.5264041798843067,0.0,0.24084621643612703,0.6363636363636364,0.0,1.0,0.44999999999999996,0.25,0.3948717948717948,1.0,1.0,0.8656716417910448,0.0,0.0,0.9888888888888889,0.0,0.5046153846153847,0.9794252678115967,1.0,0.5619952779824653,0.0,0.9576271186440678,0.0,0.9545454545454546,0.0,0.0,0.0,0.375,0.0,1.0,0.0,0.8272801420141054,0.0,0.0,0.0,0.0,0.0,0.0,0.0,0.0,0.0,0.0,0.0,0.0,0.0,0.0,0.0,0.7777311022427595,1.0,0.4678430362356175,0.2860799518181132,1.0,0.0,0.0,0.8685337138779878,0.0,0.0,0.9838709677419355,0.6991181047899016,0.8232984293193717,0.7067113712564641,0.0,0.0,0.0,0.0,0.0,0.0,0.0,0.0,0.0,0.0,0.0,0.0,0.33333333333333326,0.0,0.25374732334047123,0.27860242064398244,0.0,0.8286011801457828,0.0,0.0,0.0,0.0,0.0,0.0,0.0,0.5346382652082133,0.0,0.955585464333782,0.19999999999999996,0.0,0.36482449589245725,0.5845410628019323,0.0,0.15384615384615385,1.0,0.31271878646441076,0.6790752351097179,0.0,0.0,0.0,0.0,0.0,0.49176829268292677,0.029104266742017715,0.0,0.0,0.0,0.0,0.4736842105263157,0.7806122448979592,0.0,0.331384015594542,0.7320893035654783,0.7959183673469388,0.8,0.0,0.0,0.5714285714285714,0.7944561672741224,0.3997738196211479,0.8,0.0,0.0,0.33333333333333337,0.0,0.0,0.0,0.2857142857142857,0.0,0.5,0.0,0.0,0.0,0.0,0.6966824644549763,0.6704918032786885,0.0,0.19235436893203883,0.75,0.989937314417684,0.5,0.0,0.20000000000000018,0.0,0.0,1.0,0.29639175257731953,0.9852150537634409,0.7058823529411765,0.8010291595197255,0.625,0.44013981939994173,0.7142857142857142,0.0,0.0,0.4776119402985075,0.0,0.0,0.0,0.0,0.6946148602590321,0.0,0.009762900976290179,0.0,0.6974664679582713,0.30951254141031714,0.56,0.0,0.0,0.9593867670790748,0.0,0.0,0.0,0.0,0.0,0.6206896551724137,0.0,0.6666666666666666,0.5,0.5,0.12106053026513275,0.26923076923076916,0.6668128014028936,0.0,0.0,0.5437048917401763,0.0,0.0,0.0,0.0,0.0,0.0,0.0,0.0,0.0,0.5,0.0,0.625,0.3784090909090909,0.0,0.0,0.33333333333333326,0.0,0.0,0.9166666666666666,0.0,0.042680776014109245,0.0,0.22413793103448265,0.08112980769230771,0.5,0.5,0.0,0.0,0.0,0.0,0.0,0.0,0.0,0.5714285714285714,0.0,0.8069339314082796,0.0,0.0,0.0,0.0,0.0,0.0,0.0,0.0,0.0,0.0,0.0,0.0,0.0,0.0,0.271326530612245,0.1613532856213401,0.0,0.3067619571192962,0.6663002494001395,m2
0.5714285714285714,0.0,0.0,0.0,0.0,0.6666666666666667,0.0,0.0,0.0,0.0,0.6548980606663353,0.0,0.0,0.0,0.0,0.900236840833293,0.0,0.5815883050177795,0.0,0.0,0.0,0.0,0.0,0.34608695652173904,0.0,0.0,0.0,0.0,0.0,0.0,0.0,0.0,0.0,0.0,0.0,0.7943052850715198,0.0,0.8580814717477004,0.8861985472154964,0.6848341232227488,0.51158820110433,0.3846153846153846,0.0,0.9749935104265813,0.0,0.6887165951831079,0.30611310386934276,0.0,0.0,0.30565815983881794,0.3093847064043782,0.0,0.0,0.394622211366227,0.7978252623593375,0.7060280221570543,0.9144382268753707,0.629530779164873,0.39152981849611057,0.9214795587280986,0.0,0.0,0.40353460972017663,0.0,0.0,0.5,0.23715927010587956,0.44444444444444453,0.7637724885462063,0.0,0.8571428571428571,0.0,0.558974358974359,0.5714285714285714,0.0,0.8333333333333334,0.0,0.7741935483870968,0.4,0.5714285714285714,0.4087942916387144,0.0,0.6428571428571428,0.0,0.0,0.0,0.0,0.134552243610378,0.66,1.0,0.33333333333333337,0.7222612359550562,0.11111111111111116,0.17391304347826086,0.584055459272097,1.0,0.5181590482154039,0.6345455745495348,0.0,0.10321556173084556,0.0,0.5866409864384569,0.20952735392631183,0.5,0.0,0.6556428276147169,0.75,0.0,0.19999999999999996,0.6666666666666667,0.0,1.0,0.3515131898365431,0.0,0.603122185529871,0.0,0.6209987195902689,0.875,0.6666666666666667,0.0,0.0,0.625,0.0,0.29999999999999993,0.5454545454545454,0.201859229747676,0.558974358974359,0.75,0.9285714285714286,0.5,0.3165411412323921,0.0,0.5286654135338346,0.0,0.7222222222222222,0.0,0.0,0.7813465101914763,0.0,0.0,0.42158507181046234,0.2614635136506648,0.0,1.0,0.0,0.8333333333333334,0.8269230769230769,0.5827232796486091,0.716148023549201,0.9352112676056338,0.0,0.0,0.0,0.0,0.0,0.0,0.890094406087079,1.0,0.28901405399550495,0.36122472701911423,0.33333333333333326,0.0,0.0,1.0,0.0,0.0,0.0,0.206896551724138,0.0,0.7,0.5138159539884972,0.0,0.0,0.0,0.0,0.0,0.0,0.0,0.7611550968206521,0.0,0.0,0.0,0.0,0.0,0.6933333333333334,0.0,0.8668469190199612,0.02329582479060377,0.6666666666666667,0.0,0.0,0.0,0.0,0.0,0.0,0.0,0.0,0.0,0.0,0.0,0.0,0.652542372881356,0.0,0.0,0.0,0.0,0.8480260636259103,0.0,0.8177339901477833,0.0,0.0,0.0,0.0,0.0,0.7919441801458929,0.4098360655737705,0.0,0.0,0.21212121212121204,0.0,0.33333333333333326,0.0,0.0,0.0,0.0,0.0,0.878763887115311,0.0,0.8025039123630673,0.9087221095334685,0.85423197492163,0.46153846153846145,0.7174203113417346,0.0,0.9945411122483794,0.0,0.9010286349735891,0.4286033020972779,0.0,1.0,0.07314252674183286,0.634536416684677,1.0,0.6293706293706294,0.5408086072119022,0.7475755847119224,0.9750178443968593,1.0,0.26584570807678387,0.6233766233766234,1.0,0.0,0.0,0.24420131291028457,0.5,1.0,1.0,0.4703008770955923,0.75,1.0,0.04301075268817223,1.0,0.1408918406072106,1.0,0.6666666666666667,0.39117732982763653,0.8888888888888888,0.0,0.625,1.0,0.8571428571428571,0.7463388724485924,0.0,0.625,0.0,0.23864795918367343,0.1428571428571428,1.0,0.46676489849377856,0.5,1.0,1.0,0.7096774193548387,0.0,0.31618510688278145,0.7857142857142857,0.6875,0.300332778702163,0.9260284810126582,0.0,0.4952015355086372,0.0,0.5006090133982947,0.2727272727272728,0.9166666666666666,0.11917836078909905,0.9252835223482322,1.0,0.0,0.5,1.0,0.12077562326869784,0.0,0.1360594795539034,0.33333333333333337,0.6213486213486215,0.41002277904328,0.8971212836243511,1.0,1.0,0.0,0.0,0.8,0.0,0.44999999999999996,0.8235294117647058,0.8068475452196382,1.0,0.0,1.0,1.0,0.6663796529341635,0.6666666666666667,0.0,0.0,0.7777777777777778,0.0,0.0,1.0,0.2803889789303079,0.0,0.6729092425506104,0.0,0.0,0.6363636363636364,0.0,1.0,0.8,0.25,1.0,1.0,1.0,0.0,0.0,0.0,0.0,0.0,0.8269697972302311,1.0,0.7454276741178645,0.5424478713668781,0.5,0.0,0.0,0.8181818181818182,0.0,0.0,0.8355963302752294,0.375,0.0,1.0,0.0,0.0,0.0,0.0,0.0,0.0,0.0,0.0,0.734638936436842,0.0,0.0,0.0,0.0,0.0,0.5,0.0,0.9853671950189539,0.6158907694776736,1.0,0.0,0.3295774647887324,0.0,0.0,0.0,0.0,0.0,0.0,0.0,0.0,0.0,0.0,0.7785359801488834,0.0,0.0,0.0,0.0,0.8780903665814151,0.0,0.9684321290775166,0.0,0.0,0.0,0.0,0.0,0.7911676646706587,0.0,0.3212992387850121,0.0,0.0,0.5454545454545454,0.0,0.0,0.0,0.0,0.0,0.0,0.5346382652082133,0.0,0.9607609988109393,0.32799999999999996,0.5790197764402407,0.3930940304330863,0.6626506024096386,0.25244236029699085,0.7692307692307692,1.0,0.7569039284325165,0.0,0.0,0.0,0.421934312592837,0.3657322221019591,0.0,0.0,0.03589494163424145,0.6923076923076923,0.8379694019471489,0.5521665965502736,0.6818993216708318,0.0,0.923469387755102,0.0,0.0,0.33922025991336224,0.0,0.0,0.0,0.10509209100758399,0.4285714285714285,0.5167388735722724,0.0,0.8,0.0,0.0,0.0,1.0,0.6666666666666667,0.0,1.0,0.0,1.0,0.0,0.0,0.0,0.0,0.1773493975903614,0.0,0.0,0.03398392652123983,0.375,0.8046737213403881,0.0,0.5853858784893268,0.631578947368421,0.0,0.21504237288135586,0.0,0.8939068100358423,0.5149999999999999,0.23529411764705876,0.0,0.625,0.8598893096417128,0.5714285714285714,0.25,0.8333333333333334,0.014184397163120588,0.0,0.0,0.33333333333333337,0.0,0.0,0.5,0.49509269356597607,0.0,0.2934595524956968,0.0,0.24,0.0,0.0,0.0,0.0,0.33333333333333337,0.0,1.0,0.16561514195583604,0.13379310344827577,0.0,0.6666666666666666,0.5,0.5,0.0,0.0,0.6514644351464435,0.6176397924730297,0.5555555555555556,0.3141439205955334,0.0,0.7851412626438786,0.0,0.4247619047619047,0.19539869608826466,0.6926330150068212,0.17333333333333356,0.0,0.0,0.5,0.8780487804878049,0.26315789473684204,0.6931818181818181,0.9573732718894009,0.0,0.0,0.0,0.0,0.0,0.0,0.6467276565798734,0.7018980169971671,0.0,0.12752813260340623,1.0,1.0,0.0,0.33333333333333326,0.0,0.0,0.8742733188720173,0.7,0.0,0.5714285714285714,0.0,0.0,0.0,0.0,0.0,0.0,0.0,0.0,0.9329288843950118,0.0,0.0,0.0,0.0,0.0,0.0,0.0,0.7878571428571429,0.3343520879190487,0.0,0.0,0.0,m2
0.0,0.0,0.8354007633587786,0.0,0.0,0.0,0.0,0.0,0.8350800870081077,0.7773575390821986,0.0,0.0,0.0,0.0,0.5,0.0,0.0,0.0,0.0,0.0,0.8465321773924641,0.0,0.0,0.0,0.0,0.16751837905684042,0.0,0.0,0.2857142857142857,1.0,0.0,0.0,0.0,0.0,0.0,0.0,0.45081640780565513,0.35915145535273796,0.9689502919811993,0.0,0.0,0.5769230769230769,0.8826247022305638,0.38636363636363635,0.0,0.0,0.0,0.0,0.0,0.0,0.0,0.0,0.6956521739130435,0.6185822095756525,0.7976266837716486,0.0,0.7375724042534797,0.0,0.0,0.0,0.0,0.837992376111817,0.8306332842415316,0.0,0.4,0.0,0.641933887024916,0.0,0.6916973963571349,0.27179581008141984,0.8571428571428571,0.0,0.558974358974359,0.0,0.11782518926359264,0.0,0.0,0.3548387096774194,0.4,0.8571428571428572,0.005280528052805544,0.3023324475937408,0.0,0.0,0.01983765049252062,0.6236811254396248,0.0,0.6083983126677746,1.0,0.0,0.6666666666666667,0.0,0.75,0.0,0.5833333333333333,0.0,0.0,0.6542344735968116,0.5497587454764776,0.11194029850746268,0.125,0.4622417377285647,0.7647058823529411,0.5,0.5365441010602302,0.6379333603129638,0.75,0.0,0.0,0.6666666666666667,0.47390266680502247,0.0,0.07906244533846407,0.0,0.0,0.9149293880295898,0.0,0.875,0.6666666666666667,0.36848355788525333,0.5,0.875,0.6666666666666667,1.0,1.0,0.0,0.558974358974359,0.0,0.8571428571428571,0.0,0.0,0.17301324503311255,0.39144736842105254,0.7442472397069446,0.7222222222222222,0.03535353535353536,0.8333333333333334,0.5504798930871098,0.4855805689770978,0.0,0.46380487804878057,0.4502109165281861,0.6432877813504823,0.4444444444444444,0.7777777777777778,0.5,1.0,0.5827232796486091,0.6067510548523207,0.0,0.0,0.6666666666666667,0.0,0.0,0.0,0.6924731182795699,0.0,0.6503979844373592,0.07758130466570978,0.7120496632690869,1.0,0.0,0.0,0.16000000000000003,0.0,0.0,0.0,0.0,0.07692307692307698,0.0,0.3974670908977478,0.7612957342934157,0.0,0.0,0.0,0.0,0.0,0.0,0.7613260724538824,0.0,0.0,0.0,0.0,0.9071564564900885,0.6933333333333334,0.0,0.0,0.052109946260241236,0.6666666666666667,0.9317417019323918,0.0,0.0,0.0,0.8656716417910448,0.0,0.0,0.0,0.0,0.0,0.5,0.9510734929810074,0.0,0.0,0.0,0.0,1.0,0.0,0.0,0.0,0.0,0.0,0.8580630830741892,0.0,0.0,0.0,0.4098360655737705,0.0,0.0,0.21212121212121204,0.0,0.0,0.0,0.0,0.0,0.0,0.0,0.0,0.5087719298245614,1.0,1.0,0.19435736677115978,0.0,0.6560415122312824,1.0,0.3567174056915947,0.0,0.07630736392742798,0.0,0.0,1.0,0.0,0.567270145544906,0.0,0.0,0.38076805541407754,0.7429733727810651,0.0,0.8551401869158879,0.0,0.06493506493506473,0.0,0.0,1.0,0.9379444085326438,0.5,0.5,0.0,0.827023426224048,0.5,0.0,0.2387096774193549,1.0,0.1408918406072106,1.0,0.0,0.0,0.0,0.0,0.125,0.5672043010752688,1.0,0.0,0.3431763766959298,0.0,0.0,0.0,0.8260869565217391,1.0,0.8200575815738964,0.5,0.0,1.0,0.7096774193548387,1.0,0.6669526424159232,0.5636653024101865,0.0,0.5969811320754717,0.9260792430514488,0.4077669902912622,0.8095238095238095,0.46475770925110127,0.5639781685870224,0.4545454545454546,0.9166666666666666,0.5446410412853366,0.8135818908122503,1.0,0.0,0.0,1.0,0.7881558028616852,1.0,0.5208333333333335,0.33333333333333337,0.0,0.7965779467680608,0.0,1.0,1.0,0.3451647953639986,1.0,1.0,1.0,0.9,0.5882352941176471,0.22545219638242886,1.0,0.5,1.0,1.0,0.5960557633458007,0.0,0.7857142857142857,0.8305343511450382,0.7777777777777778,0.6364403205398566,0.8823529411764706,0.6989247311827957,0.0,0.0,0.5771122038444345,0.8220105289546252,0.5258918296892982,0.6363636363636364,0.8571428571428572,1.0,0.44999999999999996,0.25,0.0,0.0,1.0,0.0,0.0,0.0,0.0,0.7884416924664603,0.5049921507064363,0.8542104035456031,1.0,0.8911178256885597,1.0,0.0,0.0,0.13636363636363646,0.0,0.0,0.9124649859943977,0.0,0.10526315789473684,0.0,0.0,0.8237281496352151,0.0,0.0,0.0,0.0,0.0,0.0,0.7401648066120611,0.0,0.0,0.0,0.0,0.9728464419475655,0.5,0.0,0.0,0.6470572221919748,1.0,0.9380852160467313,0.3290897517504774,1.0,0.0,1.0,0.0,0.0,0.0,0.0,0.0,0.8232984293193717,0.6089026116042712,0.0,0.0,0.0,0.0,0.6666666666666667,0.0,0.0,0.0,0.0,0.0,0.7919161676646707,0.0,0.0,0.0,0.0,0.3608577673927792,0.0,0.0,0.0,0.75,0.0,0.0,0.0,0.0,0.0,0.0,1.0,0.9661781285231116,0.808,0.0,0.0,0.7986270022883296,0.6596326690113326,0.7692307692307692,0.0,0.0,0.4200351493848856,0.0,0.0,0.0,0.0,0.0,0.38201219512195117,0.09349909349909347,0.6923076923076923,0.0,0.31993156544054757,0.0,0.0,0.2857142857142857,0.0,0.965034965034965,0.7665656128194024,0.0,0.6,0.0,0.15789473684210542,0.0,0.44506203473945416,0.13001303025915723,0.8,0.0,0.0,0.33333333333333337,0.41176470588235303,0.0,0.0,1.0,0.0,0.5,0.2608861726508783,0.0,0.0,0.0,0.4018691588785047,0.5851985559566786,0.0,0.0,0.5,0.0,0.5,0.3928790669122161,0.26315789473684215,0.6568501920614597,0.21504237288135586,0.33333333333333337,0.0,0.2046757829730923,1.0,0.03606965174129362,0.0,0.23390620448587252,0.1986062717770034,0.25,0.8596491228070176,0.0746268656716419,0.0,0.0,1.0,0.0,0.0557880055788007,0.0,0.0,0.0,0.1646795827123696,0.36977441236788144,0.0,0.0,0.0,0.3009682625067239,0.0,0.6666666666666667,0.0,0.0,0.061514195583596276,0.32965517241379316,0.0,0.0,0.0,0.0,0.03428458184700767,0.6666666666666666,0.5414225941422595,0.36389684813753576,0.5555555555555556,0.0,0.0,0.0,0.6936110834246985,0.0,0.0,0.0,0.6052631578947367,0.0,0.5,0.0,1.0,0.625,0.7715909090909091,0.047235023041474644,0.0,0.0,0.0,0.0,0.0,0.9769372693726938,0.04166666666666663,0.37214372562995257,0.22413793103448265,0.965402991085321,0.5,0.0,0.0,0.33333333333333326,0.0,0.0,0.8715679190751445,1.0,0.0,0.0,0.0,0.8069339314082796,0.0,0.0,0.0,0.0,0.0,0.0,0.613202953366702,0.0,0.0,0.0,0.0,0.9141977683724509,0.0,0.0,0.271326530612245,0.6221535458685752,0.0,0.846826688364524,0.0,m2
0.0,0.0,0.0,0.8431179775280899,0.0,0.75,0.0,0.0,0.0,0.0,0.0,0.6337311785997821,0.0,0.0,0.0,0.0,0.0,0.6084370983029721,0.0,0.770712245099005,0.7818576645938209,0.717948717948718,0.0,0.0,0.05434723712301026,0.12325955016065693,0.0,0.0,0.0,0.0,0.0,0.884327120779996,0.0,0.0,1.0,0.0,0.6976744186046512,0.0,0.7316271089505291,0.6849170834430113,0.51158820110433,0.0,0.8826247022305638,0.6355731225296444,0.8481012658227848,0.4643035446829755,0.19219316416364585,0.0,0.33333333333333337,0.2828190158465387,0.0,0.0,0.6446776611694154,0.465529289451707,0.0,0.8098591549295775,0.0,0.3983554134307903,0.3978494623655915,0.828030954428203,0.6263940520446096,0.837992376111817,0.5593220338983051,0.1428571428571429,0.0,0.5,0.1252956383037237,0.22222222222222232,0.0,0.2723447077120118,0.1428571428571428,0.2876115376634155,0.558974358974359,0.5714285714285714,0.6666666666666667,0.8333333333333334,0.0,0.0,0.0,0.8571428571428572,0.7011331444759208,0.0,0.6428571428571428,0.0,0.35560565689690515,0.3090167648391481,0.0,0.5240392218883442,0.0,0.0,0.33333333333333337,0.7388888888888889,1.0,0.2941176470588235,0.0,1.0,0.0,0.45538042862002504,1.0,0.12190547636909221,0.125,0.0,0.5080736012016522,0.0,0.07689895743513375,0.3244088692612016,0.75,0.0,0.19999999999999996,0.0,0.0,0.0,0.07471365638766536,0.0,0.1718464351005483,0.9081934846989141,0.19291506615450282,0.0,0.6666666666666667,0.0,0.5,0.5,0.0,1.0,0.5,0.0,0.558974358974359,0.0,0.0,0.0,0.019266542652139118,0.2280347404564732,0.0,0.19559384996388396,0.7222222222222222,0.03535353535353536,0.0,0.4278816392224837,0.0,0.0,0.0,0.37202814936917517,0.0,0.36363636363636365,0.7777777777777778,1.0,0.0,0.827893175074184,0.7151898734177216,0.0,0.0,0.6666666666666667,0.0,0.0,0.0,0.6924731182795699,0.0,0.0,0.0,0.4856288223186388,1.0,0.0,0.8889464205312921,1.0,0.9952314599783249,0.8992129529741747,0.0,0.206896551724138,0.0,0.8,0.3974670908977478,0.7534054370067231,0.6513163204907447,0.0,0.0,0.0,0.0,0.0,0.0,0.0,0.0,0.0,0.0,0.0,0.4666666666666667,0.0,0.0,0.04542495265151525,0.6666666666666667,0.0,0.677565021640381,0.0,0.0,0.0,0.7916666666666666,0.0,0.0,0.0,0.0,0.0,0.0,0.0,0.626212899543379,0.0,0.0,0.0,0.0,0.0,0.8427225130890053,0.0,0.9023844105543453,0.8861120429386112,0.7142857142857143,0.0,0.0,0.8681318681318682,0.0,0.0,0.0,0.0,0.33333333333333326,0.0,0.6264769713045575,0.0,0.0,0.8446969696969697,0.0,0.5087719298245614,0.0,0.8563040791100124,0.82183908045977,0.46153846153846145,0.0,1.0,0.7174603174603174,0.3999999999999999,0.7598197037990985,0.41597796143250687,0.0,1.0,0.21808851828094933,0.565883190883191,0.0,0.0,0.252919855014096,0.0,0.9692307692307692,0.0,0.975103734439834,0.6233766233766234,0.85,0.9416058394160584,0.8527918781725888,0.8493611297915266,1.0,1.0,1.0,0.0,0.0,0.0,0.47619047619047616,0.0,0.8259013282732448,1.0,0.6666666666666667,0.0,1.0,0.0,0.0,0.0,1.0,0.0,0.0,0.75,0.0,0.6175417661097852,0.5238095238095237,1.0,0.823927392739274,0.0,0.0,1.0,0.19354838709677402,1.0,0.8306232008091496,0.6190476190476191,0.8125,0.5824,0.9229789942711648,0.941747572815534,0.8146964856230032,0.45833333333333337,0.0,0.6363636363636365,0.75,0.5564368517388651,0.5647279549718576,1.0,0.0,0.0,0.0,0.5285823170731707,0.0,0.49183006535947715,0.33333333333333337,0.8834288834288835,0.7965779467680608,0.6144251626898047,1.0,1.0,0.0,1.0,0.8,0.0,0.9,0.8823529411764706,0.39842632331902716,1.0,0.5,0.0,1.0,0.5270316218973137,1.0,0.2857142857142857,0.15147407658420875,0.7777777777777778,0.38547904191616755,0.0,0.5537634408602151,0.2803889789303079,0.0,0.807666517657577,0.8216080402010051,0.6337056504599212,0.6363636363636364,0.8571428571428572,1.0,0.44999999999999996,0.75,1.0,0.0,1.0,0.0,0.0,0.0,0.0,0.7884416924664603,0.0,0.0,0.9060022650056625,0.6304408682691363,1.0,0.0,0.9286303494242254,0.9545454545454546,0.9959415454210045,0.9171957716989804,0.8770894788593904,0.375,0.0,0.6666666666666666,0.0,0.9908686040178142,0.7436889597424508,0.0,0.0,0.0,0.0,0.0,0.0,0.0,0.0,0.0,0.0,0.0,0.5,0.0,0.0,0.7203680195917634,1.0,0.0,0.7498409813721036,1.0,0.0,0.0,0.5899608041471742,0.0,0.0,0.0,0.0,0.0,0.0,0.0,0.4739187965735775,0.0,0.0,0.0,0.0,0.0,0.9688443103142198,0.0,0.7053155510178035,0.709828674481515,0.875,0.0,0.0,0.0,0.3561741882016124,0.0,0.0,0.0,0.0,0.0,0.6699623352165726,0.0,0.0,1.0,0.0,0.16666666666666663,0.5922330097087378,0.0,0.5783672063382708,0.0,0.01534113847396057,0.6416963931827189,0.0,0.6363636363636364,0.33193277310924374,0.0,0.0,0.33333333333333337,0.3305223410950283,0.0,0.0,0.37851897184822525,0.0,0.25,0.5597713097713097,0.0,0.2331723942061914,1.0,0.978021978021978,1.0,0.860983606557377,0.17460846384538486,0.75,0.0,0.0,0.12765957446808518,0.5714285714285714,0.0,0.11280898876404499,0.19999999999999996,0.13404507710557523,0.0,0.0,0.41176470588235303,0.6666666666666667,0.0,0.5,0.0,0.5,0.41262848751835546,0.0,0.0,0.0,0.0,0.4183475562451512,0.0,0.0,0.75,0.0,0.0,0.0,0.7894736842105263,0.0,0.02164502164502169,0.0,0.0,0.20916666666666672,1.0,0.0,0.0,0.31663268278473644,0.7142857142857142,0.25,0.34426229508196726,0.17412935323383105,0.0,0.0,0.44444444444444453,0.0,0.0,0.5,0.009762900976290179,0.0,0.0,0.2505547337278107,0.5499999999999999,0.0,0.0,0.0,0.0,0.0,0.0,0.0,0.3153153153153151,0.0,0.0,0.0,0.0,0.0,0.0,0.6923076923076923,0.0,0.0,0.5555555555555556,0.0,0.0,0.3829787234042553,0.0,0.0,0.06447249774571673,0.0,0.0,0.0,0.5,0.5,0.0,0.4375,0.6931818181818181,0.0,0.0,1.0,0.0,0.0,0.0,0.9537953795379538,0.04166666666666674,0.8440647096635955,0.6666666666666667,0.8624791135344296,0.33333333333333337,0.0,1.0,0.0,0.9541069971061809,0.8570360598065083,0.3366228070175439,0.0,0.0,0.8571428571428571,0.0,0.7925077834689163,0.48304141705156933,0.0,0.0,0.0,0.0,0.0,0.0,0.0,0.0,0.0,0.0,0.0,0.5555555555555556,0.0,0.19248826291079824,0.6112490048236783,0.0,0.0,0.5976139370039435,m2
0.0,0.0,0.0,0.8422908731838059,0.0,0.0,0.0,0.0,0.0,0.0,0.6593532229965157,0.0,0.0,0.0,1.0,0.0,0.0,0.6186629513611765,0.0,0.0,0.0,0.0,0.0,0.0,0.0,0.0,0.0,0.6997643670637518,0.2857142857142857,0.0,0.0,0.0,0.0,0.0,0.6842105263157894,0.8884663584114775,0.0,0.2639139536562477,0.0,0.9197686351338744,0.6333766023040728,0.1794871794871794,0.2591496426766766,0.3776066453231809,0.0,0.0,0.0,1.0,0.33333333333333337,0.0,0.0,0.0,0.7350781998084903,0.0,0.7434764130896727,0.8445290544828211,0.0,0.0,0.39152981849611057,0.0,0.22637106184364042,0.8366954851104708,0.40353460972017663,0.7142857142857143,0.4,0.0,0.4361696276332435,0.5555555555555556,0.0,0.5703216505991531,0.8571428571428571,0.31656681064511616,0.558974358974359,1.0,0.0,0.0,0.0,0.0,0.0,0.5714285714285714,0.5154626523766669,0.2912746725696366,0.0,1.0,0.0,0.7953789893617021,0.0,0.0,0.6734693877551021,1.0,0.6666666666666667,0.7222612359550562,1.0,0.7647058823529411,0.6061257388500807,1.0,0.4488517745302715,0.6542344735968116,0.0,0.45049674546077423,0.0,0.24659369005886633,0.20952735392631183,0.5,0.0,0.311023102310231,0.75,0.0,0.0,0.0,0.0,0.7777777777777778,0.07906244533846407,0.0,0.5059288537549407,0.0,0.16945516945516959,0.0,0.6666666666666667,0.0,0.0,0.5,0.0,0.0,0.0,0.040371845949535135,0.558974358974359,1.0,0.9285714285714286,0.0,0.4368715794832634,0.6947668499287314,0.9049064238745574,0.19439816743023774,0.0,0.6726623062015504,0.8333333333333334,0.5524868630086766,0.5304963924338613,0.5588552915766739,0.4140604258482451,0.0,0.19071543408360148,0.36363636363636365,0.11111111111111116,0.5,0.3076923076923077,0.0,0.7110445205479452,0.37750294464075396,0.0,0.6666666666666667,0.0,0.0,0.0,0.9073203492276696,0.40115541778216135,0.6844684172050659,0.5096526093016054,0.0,0.33333333333333326,0.9961852861035423,0.0,0.76,0.0,0.0,0.5178777393310268,0.206896551724138,0.16666666666666663,0.7,0.9144399791391846,0.45849081563232297,0.0,0.0,0.0,0.0,0.0,0.0,0.0,0.5071243964245641,0.8085898247050505,0.0,0.0,0.0,0.0,0.0,0.0,0.13581892172030519,0.0,0.5479961542354013,0.0,0.0,0.0,0.0,0.7916666666666666,0.0,0.0,0.0,0.0,0.0,0.0,0.6525514008735485,0.0,0.0,0.0,1.0,0.0,0.0,0.8427225130890053,0.0,0.0,0.0,0.0,0.0,0.0,0.4098360655737705,0.0,0.0,0.6444444444444444,0.25,0.33333333333333326,0.0,0.0,0.0,0.0,0.0,0.8211436809226333,0.0,0.1399999999999999,0.0,0.8628318584070797,0.717948717948718,0.3589325426241661,0.6860084230229293,0.20066445182724268,0.0,0.0,0.18598382749326137,1.0,0.0,0.0,0.5763273539370364,0.0,0.75,0.0,0.7422106824925816,0.8687643898695319,0.0,0.0,1.0,0.2571428571428571,0.7574660633484163,1.0,0.0,0.0,0.5,0.0,0.4703008770955923,0.75,0.11111111111111116,0.8,1.0,0.8146754468485419,1.0,0.7777777777777778,0.30731707317073165,0.0,0.0,0.0,0.0,0.8571428571428571,0.5296610169491527,0.3462555066079296,0.0,0.0,0.37458782149923064,0.6666666666666666,1.0,0.0,1.0,0.47089947089947093,1.0,0.7096774193548387,1.0,0.9123108296662016,0.5636653024101865,0.8125,0.7556693489392831,0.9260284810126582,0.0,0.49425287356321845,0.14540059347181,0.3317904993909867,0.2727272727272728,1.0,0.5564368517388651,0.5609408410548824,1.0,0.0,0.0,0.0,0.3795707472178059,1.0,0.528436018957346,0.33333333333333337,0.0,0.41091797935904395,0.676212938005391,1.0,1.0,0.0,0.0,0.8,0.0,0.44999999999999996,0.3529411764705882,0.2178423236514525,1.0,1.0,1.0,0.5,0.6222097518393814,1.0,0.7571428571428571,0.12645322840279005,0.0,0.4459373000639796,0.8823529411764706,0.7959094865100087,0.9362007168458781,1.0,0.7534919905230029,0.0988647635842611,0.905638665132336,0.6363636363636364,0.0,1.0,0.65,0.0,1.0,1.0,1.0,0.0,0.0,0.0,0.0,0.9512078450131547,0.37038689172289085,0.1482683982683981,0.0,0.0,0.5,0.9915254237288136,0.0,0.8181818181818182,0.0,0.0,0.0,0.375,0.1724137931034483,1.0,0.8799547547159846,0.5469833308747603,0.0,0.0,0.0,0.0,0.0,0.0,0.0,0.5827424878213476,0.8148148148148148,0.0,0.0,0.0,0.0,0.0,0.0,0.5101331171601673,0.0,0.4678430362356175,0.3258161316722742,0.0,0.0,0.0,0.8507799671592775,0.0,0.0,0.0,0.0,0.0,0.0,0.7863525588952072,0.0,0.0,0.0,0.6666666666666667,0.0,0.0,0.9682157890215617,0.0,0.0,0.0,0.0,0.0,0.0,0.0,0.3212992387850121,0.0,0.8275089291967225,0.0,0.0,0.0,0.0,0.0,0.0,0.75,0.5501440167583136,0.0,0.0,0.0,0.8021978021978022,0.49416854778028585,0.34023464458247066,0.0,0.3076923076923076,0.0,0.0,0.4654696132596685,0.5555555555555556,0.6666666666666667,0.0,0.0,0.0,0.46869521662910096,0.0,1.0,0.6532361765966567,0.0,0.0,0.0,0.0,0.1428571428571428,0.8610932475884244,0.43611953226504985,0.9079754601226994,0.6,0.0,0.653142402545744,0.5714285714285714,0.0,0.4344596562773084,0.8,0.1121047588629831,0.0,0.33333333333333337,0.0,0.0,0.0,0.2857142857142857,0.0,1.0,0.0,0.0,0.0,0.0,0.18411214953271038,0.489344262295082,0.0,0.0,0.75,0.8386243386243386,0.5,0.5853858784893268,0.0,0.9265605875152999,0.21504237288135586,1.0,0.5056669572798604,0.2046757829730923,0.23529411764705876,0.03606965174129362,0.625,0.0,0.045112781954887105,0.0,0.7719298245614036,0.0,0.0,0.0,0.0,0.0,0.0,0.0,0.0,0.0,0.0,0.0,0.5499999999999999,0.0,0.0,0.0,0.0,0.0,0.0,1.0,0.2570977917981073,0.3798882681564246,0.0,0.6666666666666666,0.5,0.5,0.015863859244303558,0.8666666666666667,1.0,0.0,0.44444444444444453,0.0,0.0,0.0,0.3653287959163247,0.7927076299797434,0.16840600428877772,0.0,0.9117647058823529,0.0,0.5,0.0,0.29268292682926833,0.0,0.6931818181818181,0.0,0.0,0.0,0.0,0.0,0.0,0.8805786395814097,0.0,0.0,0.6724137931034482,0.0,1.0,0.875,0.0,0.33333333333333326,0.0,0.0,0.0,0.0,0.5,0.5714285714285714,0.8808912023606252,0.19674267100977194,0.0,0.0,0.0,0.0,0.0,0.0,0.0,0.7059874249785654,0.7358490566037736,0.0,0.0,0.0,0.5,0.0,0.271326530612245,0.5000384644972691,0.0,0.770730198019802,0.0,m2
0.0,0.0,0.0,0.8339016766126741,0.0,0.0,0.0,0.0,0.6699544764795144,0.0,0.0,0.0,0.0,0.0,0.0,0.8782677963646897,0.33333333333333326,0.0,0.0,0.6602667630416859,0.0,0.0,0.0,0.0,0.0,0.0,0.0,0.029322268326417822,0.2857142857142857,0.0,0.0,0.0,0.5265921348715934,0.0,0.0,0.0,0.6976744186046512,0.2234421685445841,0.8867628159360275,0.0,0.5303054533823766,0.5769230769230769,0.2591496426766766,0.6458423466297483,0.0,0.0,0.4910430185653797,0.0,0.33333333333333337,0.28205128205128194,0.0,0.0,0.0,0.8919952073943059,0.789044289044289,0.7064587503951111,0.5432843019049916,0.45887961859356374,0.22772828507795095,0.0,0.6343101343101343,0.1429479034307496,0.4067796610169492,0.0,0.0,0.5,0.0,0.44444444444444453,0.0,0.24444241149025703,0.0,0.6287553648068669,0.38636363636363635,0.0,0.4585987261146497,0.8333333333333334,0.7354758961681088,0.0,0.16455696202531644,0.5714285714285714,0.49971509971509975,0.0,0.0,0.0,0.3500752347844135,0.34902255639097746,0.0,0.0,0.66,0.5254153235804612,0.6666666666666667,0.06882022471910121,0.11111111111111116,0.5294117647058824,0.9022556390977443,0.0,0.44896681277395123,0.0,0.32357723577235775,0.24508696634289584,0.0,0.280775215730655,0.8711978971085242,0.6666666666666667,0.3390323754092397,0.0,0.75,0.0,0.19999999999999996,0.0,0.5036630036630035,0.7777777777777778,0.2378444795506407,0.7777777777777778,0.2971071149335417,0.0,0.6190476190476191,0.0,0.6666666666666667,0.6291731735111636,0.5,0.5,0.6666666666666667,1.0,1.0,0.10378220354467393,0.38636363636363635,0.0,0.8571428571428571,0.0,0.6406548300878196,0.5622880823810121,0.0,0.1832209040862216,0.0,0.6640394088669951,0.8333333333333334,0.5510029354207435,0.0,0.0,0.2722856306701785,0.0,0.03325964630225087,1.0,0.7777777777777778,1.0,0.3076923076923077,1.0,0.2195121951219512,0.4194952132288947,0.0,0.0,0.0,0.0,0.0,0.0,0.4421004356798901,0.6790654780202889,0.28920652968407357,0.0,1.0,0.9417226110555634,0.8619128005543826,0.0,0.0,0.0,0.49915071905786446,0.0,0.16666666666666663,0.8,0.250299107279811,0.32748660854952216,0.6440583767316441,0.0,0.0,0.0,0.0,0.0,0.5602727705768797,0.4699518979034747,0.0,0.0,0.0,0.0,0.0,0.0,0.5110299902445165,0.13162599915860307,0.6666666666666667,0.0,0.0,0.0,0.0,0.0,0.7916666666666666,0.0,0.0,0.0,0.0,0.5945945945945946,0.0,0.0,0.0,0.0,0.0,0.0,0.8286590709903593,0.7142857142857143,0.0,0.0,0.8445229681978799,0.0,0.0,0.0,0.0,0.4098360655737705,0.0,0.0,0.21212121212121204,0.25,0.0,0.0,0.0,0.8655913978494624,0.0,0.0,0.0,0.5087719298245614,0.1399999999999999,0.9089494163424124,0.18584070796460184,0.46153846153846145,0.6560415122312824,0.666023166023166,0.7190656565656566,0.0,0.0,0.42844483828090385,0.23076923076923073,1.0,0.12091084028223209,0.5752257132538822,0.0,0.0,0.8116936590721933,0.7345679012345678,0.3995157384987894,0.7088673816374575,0.40619340818544003,0.5121951219512195,0.12959719789842372,0.9259796806966618,0.1725888324873096,0.0,0.5,1.0,1.0,0.11316800558854356,0.75,0.0,0.30641821946169756,0.0,0.9496707431796801,0.6437499999999999,0.1428571428571429,0.0,0.8333333333333334,0.5959510754955715,0.0,0.5672043010752688,0.8571428571428571,0.7289135716765012,0.0,0.0,1.0,0.6175417661097852,0.5238095238095237,1.0,0.0,0.5,1.0,1.0,0.19354838709677402,0.0,0.0,0.5476190476190477,0.0,0.7786377708978328,0.0,0.08299866131191436,0.15384615384615385,1.0,0.40286454365381685,1.0,0.9166666666666666,0.0,0.0,1.0,0.0,0.0,0.0,0.8351028533510285,1.0,0.6060606060606061,1.0,0.0,0.005331302361005319,0.8993905698706297,1.0,1.0,0.9642857142857143,1.0,0.8,1.0,0.9,0.8823529411764706,0.3218749999999999,0.6437499999999999,0.5,1.0,1.0,0.8905137579372715,1.0,0.2857142857142857,0.0,0.0,0.0,0.8823529411764706,0.7959094865100087,0.3720430107526882,0.0,0.5630326390607872,0.10492056487202117,0.0,0.6363636363636364,0.8571428571428572,1.0,0.65,0.75,0.513888888888889,1.0,1.0,0.0,0.0,0.0,0.0,0.0,0.37038689172289085,0.09542314335060453,0.7486777311690681,0.0,1.0,0.9576271186440678,0.922915088782294,0.0,0.0,0.0,0.0,0.0,0.1724137931034483,0.6666666666666666,0.07493323627561466,0.5506338371526085,0.7212074277344737,0.0,0.0,0.0,0.0,0.0,0.6377867929655654,0.5152053506113492,0.0,0.0,0.0,0.0,0.0,0.0,0.9242271604938271,0.8532297977643144,1.0,0.0,0.0,0.0,0.0,0.0,0.5851327872921321,0.0,0.0,0.0,0.0,0.6757012888551933,0.0,0.0,0.0,0.0,0.0,0.0,0.8833955223880596,1.0,0.0,0.0,0.8070433987193821,0.0,0.0,0.0,0.0,0.0,0.35620102471368287,0.0,0.0,0.0,0.0,0.0,0.0,0.5,0.0,0.0,0.0,0.16666666666666663,0.0,1.0,0.35273854633138135,0.3966055403823644,0.5753012048192772,0.0,0.0,0.0,0.0,0.21616871704745155,0.0,0.33333333333333337,0.40704845814977986,0.0,0.0,0.4390182819934886,0.6483873656138011,1.0,0.8514007308160779,0.28070562293274537,0.5853571428571427,0.4374999999999999,0.0,1.0,0.2819506726457398,0.43611953226504985,0.0,0.0,0.0,0.10441767068273089,0.4285714285714285,0.0,0.344013981939994,0.0,0.41637010676156583,0.5,0.33333333333333337,0.0,0.6666666666666667,0.6666666666666666,0.2857142857142857,0.0,1.0,0.0,0.0,0.0,0.5,0.0,0.18887147335423227,0.0,0.09443339960238584,1.0,0.8411101474414571,0.5,0.0,0.631578947368421,0.8068669527896996,0.21504237288135586,1.0,0.5062034739454093,0.4654166666666667,0.0,0.03606965174129362,0.0,0.0,0.0,0.25,0.03508771929824561,0.018387553041018356,0.0,0.0,0.5,0.0,0.04689655172413776,0.0,1.0,0.7142857142857142,0.1646795827123695,0.13215712383488665,0.75,0.0,0.0,0.6724795640326976,0.0,0.0,0.0,0.0,0.0,0.6142857142857143,0.5,0.0,0.0,0.0,0.13703048590157096,0.8666666666666667,0.0,0.646092911956432,0.0,0.0,0.0,0.0,0.0,0.693594306049822,0.0,0.0,0.0,0.0,0.5,0.5,0.29268292682926833,1.0,0.3784090909090909,0.40538957234915063,0.0,0.0,0.0,0.0,0.0,0.0,0.44272445820433437,0.0,0.0,0.0,0.33333333333333337,0.5,0.7998441500612268,0.0,0.0,0.0,0.0,1.0,0.5,0.8571428571428571,0.6812573723977429,0.46205699111428866,0.4781430858268687,0.0,0.0,0.0,0.0,0.0,0.9329288843950118,0.3590626087629064,0.0,0.0,0.0,0.0,0.5,0.0,0.22659943271352045,0.0470989260711796,0.0,0.0,0.0,m2
0.0,0.0,0.0,0.0,0.0,0.0,0.0,0.7777389684480149,0.8571647980340962,0.6886080156199694,0.0,0.0,0.0,0.0,0.0,0.0,0.0,0.618713930497442,0.0,0.0,0.0,0.0,0.0,0.0,0.0,0.16751837905684042,0.0,0.0,0.2857142857142857,0.0,0.0,0.884327120779996,0.0,0.0,0.0,0.0,0.0,0.8966845458799813,0.0,0.7845050215208035,0.0,0.1794871794871794,0.3641088572872303,0.3776066453231809,0.0,0.0,0.5036865589730131,0.0,0.33333333333333337,0.8488918737407656,0.0,0.0,0.7166268350973029,0.8928161936442778,0.0,0.7915281850765722,0.0,0.0,0.39152981849611057,0.0,0.6666666666666667,0.5148895292987512,0.4067796610169492,0.1428571428571429,0.0,0.0,0.0,0.44444444444444453,0.6807706837929732,0.0,0.5714285714285714,0.35405571487095455,0.6000000000000001,0.0,0.0,0.0,0.0,0.0,0.0,0.5714285714285714,0.0,0.7852794687327062,0.0,0.0,0.7570360493356827,0.7953789893617021,0.0,0.45384868060878125,0.0,0.5598615916955019,0.0,0.7222612359550562,0.7777777777777778,0.2941176470588235,0.9061488673139159,0.5,0.4488517745302715,0.0,0.3290322580645161,0.0,0.125,0.5016535485151135,0.8711978971085242,0.5,0.6171741563107369,0.0,0.75,0.0,1.0,0.0,0.8184928252399506,0.0,0.08167539267015678,0.33333333333333326,0.0,0.9149293880295898,0.16945516945516959,0.0,0.6666666666666667,0.5823950331474272,0.5,0.5,0.0,0.0,1.0,0.03857487275649607,0.7179487179487178,1.0,0.0,0.5,0.0,0.5709035222052069,0.46190476190476193,0.12162162162162171,0.41666666666666663,0.6727471393450086,0.8333333333333334,0.5507759990223634,0.0,0.0,0.7291288831685485,0.6403441049961398,0.0,0.36363636363636365,0.0,0.5,0.3076923076923077,0.0,0.2195121951219512,0.3323323323323324,0.0,0.6666666666666667,0.0,0.0,0.0,0.0,0.0,0.6790654780202889,0.24612763726903408,0.0,1.0,1.0,0.24060634681112458,0.16000000000000003,0.0,0.0,0.5095785440613028,0.0,0.16666666666666663,0.7,0.6733379632552559,0.4378036068991288,0.6558167790938546,0.0,0.0,0.0,0.0,0.0,0.0,0.0,0.0,0.0,0.0,0.0,0.0,0.0,0.22122919092425353,0.1043019016007456,0.0,0.0,0.011464736855757107,0.0,0.0,0.0,0.0,0.0,0.0,0.0,0.5212121212121212,0.5,0.7326787512588117,0.0,0.0,0.0,0.0,0.0,0.0,0.0,0.8427225130890053,0.0,0.0,0.0,0.0,0.0,0.0,0.4098360655737705,0.0,0.0,0.0,0.0,0.33333333333333326,0.0,0.6001576121755405,0.0,0.0,0.0,0.0,0.0,0.8018994413407821,0.0,0.6172566371681417,0.0,0.3589325426241661,0.0,0.2743022136669876,0.0,0.0,0.8125689084895259,0.0,1.0,0.9522249522249522,0.5755935628202352,0.0,0.75,0.8142431627403195,0.0,0.9252948885976409,0.0,0.0,0.6000000000000001,0.2571428571428571,0.9414443721535459,0.5583756345177664,0.0,1.0,1.0,0.0,0.05695570112135029,0.75,1.0,0.0,1.0,0.0,1.0,0.1428571428571429,0.0,0.0,0.0,0.0,0.5457227138643068,0.8571428571428571,0.5689300411522634,0.8131395824805567,0.0,0.0,0.9161825726141078,0.6666666666666666,1.0,0.552625307808404,0.0,0.8740157480314961,0.0,0.7096774193548387,1.0,0.32515831276161855,0.5502695101945161,0.6875,0.7712,0.0,0.2799352750809063,0.0,0.3460884353741498,0.5634618314795063,0.8181818181818182,0.9166666666666666,0.0,0.0,1.0,0.0,0.5,0.0,0.8836313617606603,0.0,0.2609992542878449,0.33333333333333337,0.0,0.7965779467680608,0.6701054302233307,1.0,1.0,0.5652173913043479,1.0,0.8,0.0,0.44999999999999996,0.5882352941176471,0.1716738197424894,0.7,1.0,0.0,1.0,0.0,1.0,0.0,0.12645322840279005,0.5555555555555556,0.38547904191616755,0.8823529411764706,0.7945922372437855,0.3720430107526882,0.0,0.7527315158587037,0.9309355692850838,0.590621403912543,0.6363636363636364,0.0,1.0,0.65,0.0,0.4,1.0,1.0,0.0,0.0,0.0,0.0,0.0,0.0,0.8446086354190718,1.0,0.0,1.0,1.0,0.29959130237749554,0.13636363636363646,0.0,0.0,0.0,0.0,0.1724137931034483,1.0,0.6116227109436607,0.5404190495217641,0.7412863816025871,0.0,0.0,0.0,0.0,0.0,0.0,0.0,0.0,0.0,0.0,0.0,0.0,0.0,0.7782212966176868,0.6360099397808895,0.0,0.0,0.0,1.0,0.0,0.0,0.0,0.0,0.0,0.0,0.2864335408275357,0.6554140127388535,0.7052559257986946,0.0,0.0,0.0,0.0,0.0,0.0,0.0,0.9688443103142198,0.0,0.0,0.0,0.23181818181818192,0.33333333333333326,0.0,0.0,0.3561741882016124,0.0,0.0,0.0,0.0,0.0,0.6711986247851227,0.0,0.0,0.0,0.0,0.0,0.3465807375581812,0.0,0.0,0.0,0.34023464458247066,0.543801652892562,0.3076923076923076,0.0,0.0,0.21616871704745155,0.0,0.33333333333333337,0.8300874731803928,0.0,0.0,0.46869521662910096,0.648211456683065,0.0,0.5828625235404898,0.0,0.0,0.0,0.0,1.0,0.5891255605381166,0.43611953226504985,0.44217687074829926,0.0,0.0,0.011150234741783782,0.4285714285714285,0.8093955715140635,0.0,0.3999999999999999,0.6969157769869514,0.0,0.33333333333333337,0.41176470588235303,0.0,0.0,0.2857142857142857,0.0,1.0,0.4038379530916846,0.0,0.0,0.0,0.5158682634730538,0.5518172888015718,0.0,0.055135135135135016,0.4,0.38855160450997406,0.5,0.5853858784893268,0.7894736842105263,0.0,0.21504237288135586,0.0,0.48951048951048937,0.4654166666666667,1.0,0.0,0.0,0.23390620448587252,0.13636363636363613,0.25,0.03508771929824561,0.0,0.0,0.0,0.8333333333333334,0.0,0.586896551724138,0.5,0.0,0.4285714285714285,0.31845238095238104,0.36977441236788144,0.5499999999999999,0.0,0.0,0.6830601092896176,0.0,0.0,0.0,1.0,0.061514195583596276,0.30020283975659223,0.5,0.6666666666666666,0.0,0.5,0.015271717572391874,0.8666666666666667,0.5577507598784195,0.0,1.0,0.0,0.0,0.0,0.0,0.5550458715596329,0.16840600428877772,0.38625938281901606,0.9117647058823529,0.0,0.0,0.0,0.29268292682926833,0.0,0.3784090909090909,0.27323272438443214,0.0,0.0,0.0,0.0,0.0,0.0,0.04604569420035154,0.0,0.0,0.0,0.33333333333333337,0.75,0.16929199599243017,0.33333333333333326,0.0,0.0,0.0,1.0,0.5,0.5714285714285714,0.6789206664212666,0.19674267100977194,0.48128154152011027,0.0,0.0,0.0,0.0,0.0,0.0,0.0,0.0,0.0,0.0,0.0,0.0,0.0,0.0,0.29854833801707636,0.0,0.0,0.6654365459217089,m2
0.0,0.0,0.0,0.0,0.0,0.0,0.0,0.0,0.0,0.0,0.0,0.0,0.7520409353315062,0.0,0.0,0.0,0.0,0.5785781700380073,0.0,0.7028171531491896,0.8457872340425532,0.0,0.25,0.0,0.005346380662303418,0.005156300354495769,0.0,0.14924452667283383,0.0,0.0,0.0,0.8854916774878999,0.8489945636289239,0.0,0.0,0.7943052850715198,0.6976744186046512,0.0,0.08571428571428563,0.0,0.5120967741935483,0.5769230769230769,0.8826247022305638,0.7272727272727273,0.0,0.4689871329594194,0.14988652124574453,1.0,0.0,0.0,0.3093847064043782,0.0,0.5217391304347827,0.394622211366227,0.0,0.8925284512617516,0.9049384462997028,0.5015811665495433,0.39152981849611057,0.12633996937212877,0.0,0.0,0.8305084745762712,1.0,0.4,0.0,0.0,0.44444444444444453,0.6916973963571349,0.22475270301357253,0.0,0.6375698324022346,0.6000000000000001,1.0,0.4585987261146497,0.0,0.7966573816155988,0.19354838709677413,0.0,0.8571428571428572,0.0,1.0,0.0,0.0,0.0,0.0,0.0,0.6052513031726624,0.0,0.0,0.0,0.0,0.5,0.6521739130434783,0.8752166377816291,1.0,0.0,0.0,0.3157894736842105,0.9647749510763209,0.125,0.0,0.2084115659031167,0.5,0.041109605983862485,0.0,0.75,0.0,0.19999999999999996,0.0,0.0,0.7777777777777778,0.012299724874575091,0.33333333333333326,0.8376863804663264,0.5871186440677967,0.5302445302445302,0.0,0.6666666666666667,0.6098817567567567,0.0,0.625,0.6666666666666667,0.75,0.5,0.0,0.7179487179487178,0.75,0.8571428571428571,0.0,0.5342955419167734,0.48748123686580613,0.39144736842105254,0.22371566700313472,0.41666666666666663,0.623283033468756,0.0,0.14523258261418637,0.0,0.7769465809714466,0.0,0.0,0.0,0.4444444444444444,0.7777777777777778,0.0,0.0,0.0,0.21687763713080155,0.4194952132288947,0.0,0.2823886639676113,0.0,0.0,0.0,0.0,0.890094406087079,0.9921805723498589,0.1964093827807627,0.4916017058126948,0.33333333333333326,0.0,0.0,0.84,0.0,0.0,0.0,0.0,0.16666666666666663,0.8,0.0,0.0,0.48849026865135026,0.0,0.0,0.0,0.0,0.0,0.7376119463881352,0.0,0.0,0.0,0.0,0.0,0.0,0.0,0.5904659746979211,0.10515524599009163,0.6666666666666667,0.0,0.21941138251842018,0.0,0.0,0.0,0.0,0.0,0.0,0.0,0.0,0.0,0.0,0.0,0.0,0.8214611872146118,0.0,0.0,0.0,0.0,0.8176596093878221,0.0,0.8883995596036433,0.9689174705251876,0.0,0.0,0.0,0.0,0.5283520481337671,0.0,0.0,0.25,0.33333333333333326,0.0,0.7742331288343558,0.8655913978494624,0.0,0.0,0.8786034912718205,0.5087719298245614,0.0,0.17067307692307698,0.1310592459605029,0.4472984942426924,0.6560415122312824,1.0,0.9898348157560356,0.0,0.7589743589743589,0.0,0.6153846153846154,1.0,0.0,0.634536416684677,1.0,0.5714285714285714,0.7823067632850241,0.0,0.9001314060446781,1.0,0.7374727668845316,0.6000000000000001,0.12959719789842372,0.07787903893951931,0.0,0.9150818222025653,1.0,0.5,0.0,0.05695570112135029,0.75,0.5,0.5518565941101152,0.0,0.9421252371916509,1.0,0.7142857142857143,0.6165413533834587,0.0,0.6264185201997277,0.5,0.0,1.0,0.7140162233540841,0.4047972829547867,0.0,0.0,0.21881875105770865,0.1428571428571428,1.0,0.8240435356200528,0.0,0.0,0.0,0.7096774193548387,1.0,0.6579907695610174,0.3571428571428571,0.8125,0.44335511982570786,0.5415890751086281,0.08299866131191436,1.0,0.45833333333333337,0.0,0.2727272727272728,1.0,0.11917836078909905,0.0,1.0,0.0,0.5,0.0,0.44140758455756735,1.0,0.0,0.33333333333333337,0.9579579579579579,0.7969410999023755,0.23876347366280237,1.0,1.0,0.5652173913043479,0.0,0.8,1.0,0.9,0.8823529411764706,0.4373385012919898,0.7,0.0,1.0,1.0,0.8890320087589361,1.0,0.7857142857142857,0.12535816618911177,0.5555555555555556,0.7887972841901068,0.0,0.48306734137796803,0.29279466888796346,1.0,0.0,0.17159425024501795,0.0,0.6363636363636364,0.8571428571428572,0.0,0.44999999999999996,0.0,0.4825174825174825,0.75,1.0,0.7906976744186047,0.0,0.0,0.0,0.0,0.854220600769482,0.9875430691757222,0.8106241067174845,0.6438760405252129,0.5,0.0,0.0,0.9545454545454546,0.0,0.0,0.9084556254367575,0.0,0.1724137931034483,0.6666666666666666,0.5539402569662449,0.0,0.7400109898736165,0.0,0.0,0.0,0.0,0.0,0.7440327411110361,0.0,0.0,0.0,0.0,0.0,0.0,0.0,0.9266390772885772,0.6368341144630008,1.0,0.0,0.09195820081781025,1.0,0.0,0.0,0.0,0.0,0.0,0.0,0.0,0.0,0.0,0.0,0.0,0.7456014163992475,0.0,0.0,0.0,0.0,0.9684321290775166,0.0,0.7061949155238793,0.7919161676646707,0.0,0.33333333333333326,0.0,0.262496166819994,0.0,0.0,0.7706178489702518,0.0,0.0,0.0,0.6771358703958429,0.5023326753992463,0.0,0.0,0.4497967479674797,1.0,0.6930656934306569,0.0,0.0,0.36482449589245725,0.7280701754385965,0.644514353126229,0.7692307692307692,0.09090909090909083,0.525,0.18526031102096008,0.5555555555555556,0.0,0.0,0.3657322221019591,0.0,0.504652605459057,0.0,0.25,0.943502824858757,0.5527690700104493,0.2927525883612996,0.0,0.0,0.0,0.0,0.6874375208263912,0.053097345132743334,0.6,0.0,0.08591331269349867,0.4285714285714285,0.44584482079558874,0.3630347435594422,0.0,0.41637010676156583,0.0,0.33333333333333337,0.0,0.0,1.0,0.368421052631579,0.0,0.5,0.0,0.0,0.0,0.0,0.13323353293413187,0.0,0.0,0.0,0.0,0.0,0.5,0.3928790669122161,0.42000000000000004,0.1496702181633689,0.45656779661016955,1.0,0.0,0.0,0.0,1.0,0.0,0.31663268278473644,0.0,0.0,0.8333333333333334,0.0,0.0,0.0,0.33333333333333337,0.0,0.0,0.0,0.31264023934180996,0.4285714285714285,0.7571428571428571,0.09995116392642034,0.88,0.0,0.0,0.671866594943518,0.0,0.33333333333333337,0.0,0.0,0.0,0.0,0.5,0.6666666666666666,0.0,0.0,0.10637694851204549,0.3846153846153846,0.5379426644182126,0.0,0.0,0.0,0.0,0.3829787234042553,0.0,0.8114285714285714,0.6190163934426229,0.301746956061408,0.19999999999999996,0.0,0.5,0.5,0.0,0.0,0.3784090909090909,0.32242990654205617,0.0,0.75,0.0,0.0,0.0,0.0,0.6467276565798734,0.0,0.2068965517241378,0.27842560096607427,0.0,0.0,0.0,0.0,0.0,0.0,0.8742733188720173,0.0,0.5,0.8571428571428571,0.41193162156550645,0.0,0.41074069860052353,0.0,0.0,0.0,0.0,0.0,0.9329288843950118,0.0,0.0,0.0,0.0,0.0,0.0,0.0,0.23327156681078853,0.3495049351534778,0.0,0.0,0.8884465088844651,m2
0.5714285714285714,0.0,0.0,0.0,0.0,0.0,0.0,0.0,0.0,0.0,0.0,0.0,0.0,0.0,0.0,0.9161871403552664,0.8888888888888888,0.0,0.0,0.0,0.0,0.7843749999999999,0.0,0.0,0.0,0.0,0.0,0.0,0.0,0.0,0.7989310529128808,0.0,0.0,0.0,0.0,0.0,0.45081640780565513,0.45345345345345356,0.08571428571428563,0.7023433385992628,0.5120967741935483,0.0,0.8826247022305638,0.3484848484848484,0.0,0.4679338842975207,0.0,0.0,0.0,0.28205128205128194,0.0,0.0,0.0,0.3921937321937322,0.0,0.0,0.5074781706579061,0.0,0.49572649572649563,0.0,0.22016222479721903,0.4937533948940793,0.8306332842415316,0.1428571428571429,0.4,0.0,0.16952016219869337,0.33333333333333337,0.946540534594654,0.29504666188083273,0.5714285714285714,0.0,0.6000000000000001,0.5714285714285714,0.14035087719298245,0.0,0.0,0.7741935483870968,1.0,0.2857142857142857,0.41796970437332015,0.2901633118116218,0.0,0.18181818181818188,0.3994823123382225,0.07277982133473448,0.0,0.15770501652147806,0.8,0.8781609195402299,0.0,0.4595687331536389,0.0,0.0,0.5416666666666666,1.0,0.2809822361546499,0.0,0.0,0.0,0.0,0.2910822814399252,0.0,0.0,0.6171741563107369,0.0,0.75,0.0,0.0,0.6666666666666667,0.0,1.0,0.014105058365758372,0.11111111111111105,0.83810759556842,0.5792163543441227,0.16945516945516959,0.875,0.6666666666666667,0.8832678174670996,0.5,0.0,0.6666666666666667,0.75,0.0,0.0,0.7179487179487178,0.75,0.9285714285714286,0.0,0.1898734177215191,0.0,0.5286654135338346,0.0,0.41666666666666663,0.5560411810411812,0.0,0.7019199479336153,0.0,0.0,0.46536585365853655,0.8871627146361406,0.0,0.4444444444444444,0.11111111111111116,0.6666666666666667,0.0,0.5827232796486091,0.0,0.9593639575971732,0.0,0.791044776119403,0.0,0.0,0.0,0.0,0.9751859010056672,0.9951644677929676,0.04678285938933302,0.7124507577681208,0.0,1.0,0.0,0.76,0.0,0.0,0.0,0.206896551724138,0.0,0.8,0.008702975856260453,0.6209454925061516,0.0,0.0,0.0,0.0,0.0,0.999639825675627,0.0,0.0,0.0,0.9774766470009832,0.0,0.0,0.0,0.944177093358999,0.0,0.07644759772377341,0.0,0.0,0.7457370469472149,0.0,0.0,0.0,0.0,0.0,0.0,0.0,0.0,0.0,0.0,0.0,0.0,0.0,0.0,0.0,0.8480260636259103,0.7142857142857143,0.0,0.0,0.0,0.0,1.0,0.0,0.0,0.4098360655737705,0.0,0.0,0.0,0.0,0.0,0.6977832011389059,0.0,0.0,0.0,0.0,0.0,0.5087719298245614,1.0,0.7377351530800442,0.9730700179533214,0.46153846153846145,0.0,0.9740334679746105,0.6952312656866261,0.0,0.9221404303510758,0.07520246818357124,0.0,1.0,0.07314252674183286,0.567270145544906,0.0,0.2659768715763845,0.3014414038019637,0.0,0.0,0.4285714285714286,0.0,0.8,0.0,0.7040598290598291,1.0,0.9124087591240876,1.0,0.5,0.0,0.0,0.2500000000000001,1.0,0.0043010752688174,0.5,0.33333333333333326,1.0,0.0,0.0,0.0,0.0,0.625,0.4267241379310345,0.5714285714285714,0.3552812071330591,0.29953198127925107,0.0,0.09999999999999998,0.7345663265306123,0.0,1.0,0.38506248183667524,1.0,0.7192982456140351,0.0,0.0,0.0,0.7059966685174903,0.0,0.9375,0.0,0.11135857461024479,0.0,0.0,0.0,0.34768378650553866,0.8181818181818182,0.75,0.0,0.0,1.0,0.0,0.0,1.0,0.33714024668798526,0.0,0.3161512027491409,0.0,0.9579579579579579,0.0,0.6505752876438219,1.0,1.0,0.9339007605939877,1.0,0.0,1.0,0.9,0.3529411764705882,0.44475138121546953,0.7,1.0,1.0,1.0,0.4752392842280483,0.6666666666666667,0.0,0.15147407658420875,0.5555555555555556,0.6364403205398566,0.0,0.36496350364963503,0.29279466888796346,0.0,0.6051893408134643,0.9699172724993733,0.24084621643612703,0.6363636363636364,0.0,1.0,0.44999999999999996,0.25,1.0,1.0,1.0,0.8656716417910448,0.0,0.0,0.0,0.0,0.8985871271585557,0.7567567567567568,0.18699780861943005,0.8943644321051921,0.0,1.0,0.0,0.8181818181818182,0.0,0.0,0.8340740740740741,0.375,0.0,0.6666666666666666,0.5003942799084056,0.8192498870311794,0.0,0.0,0.0,0.0,0.0,0.8846153846153846,0.0,0.0,0.0,0.9566987228412965,0.0,0.0,0.0,0.9219097995545658,0.0,0.9180053061601616,0.0,0.0,0.6999874497991969,0.0,0.0,0.0,0.0,0.0,0.0,0.0,0.0,0.0,0.0,0.0,0.0,0.0,0.0,0.0,0.894316163410302,0.7647058823529411,0.0,0.0,0.0,0.0,0.881578947368421,0.0,0.0,0.0,0.35620102471368287,0.0,0.0,0.0,0.0,0.8681181181181181,0.0,0.0,0.0,0.0,0.0,1.0,0.33442742523705316,0.0,0.35236457437661217,0.36482449589245725,0.0,0.644514353126229,0.0,0.0,0.525,0.45301360985093964,0.0,0.0,0.4083688844513026,0.0,0.0,0.0,0.2700389105058365,0.0,0.0,0.7814371257485031,0.0,1.0,0.2857142857142857,0.1428571428571428,0.6010396361273554,0.6874375208263912,0.44217687074829926,0.6,0.0,0.42105263157894746,0.5714285714285714,0.788991729027176,0.7873462214411248,0.6,0.0,0.0,0.0,0.41176470588235303,0.0,0.0,0.7894736842105263,0.0,0.0,0.0,0.0,0.0,0.5,0.0,0.4399441340782123,0.0,0.03588681849551423,0.75,0.4420636228778638,0.5,0.10620012277470836,0.631578947368421,0.17389138016940708,0.060381355932203506,1.0,0.5691756272401434,0.4550164861045689,0.23529411764705876,0.03606965174129362,0.0,0.0033460803059273125,0.13636363636363613,0.25,0.24418604651162779,0.0,0.0,0.0,0.0,0.0,0.04236200256739431,0.5,0.31264023934180996,0.2857142857142857,0.7571428571428571,0.09995116392642034,0.0,0.0,0.0,0.9587882096069869,0.0,0.0,0.0,0.0,0.2570977917981073,0.0,0.5,0.6666666666666666,0.5,0.0,0.013476020610384665,0.0,0.6500843170320405,0.0,0.0,0.0,0.0,1.0,0.0,0.0,0.0,0.7791563275434243,0.0,0.0,0.5,0.0,0.0,0.625,0.0,0.9471428571428572,0.0,1.0,0.0,0.0,0.0,0.0,0.8435734463276836,0.030858244937319146,0.4482758620689654,0.465994089473148,1.0,0.75,0.0,0.33333333333333326,0.0,0.0,0.8768974145120935,0.0,0.0,0.8571428571428571,0.4547048143742566,0.23658102264054948,0.0,0.0,0.0,0.0,0.0,0.9538228614685844,0.0,0.0,0.0,0.9594594594594594,0.0,0.0,0.0,1.0,0.28870506535947704,0.0,0.0,0.0,0.9031240026949399,m2
0.0,0.0,0.0,0.6836821870995301,0.0,1.0,0.0,0.7777389684480149,0.0,0.0,0.0,0.0,0.0,0.8257099501409062,0.0,0.8918811487627943,0.0,0.0,0.731922041498879,0.0,0.0,0.7245949926362297,0.0,0.4833273574757979,0.0,0.0,0.0,0.0,0.0,0.0,0.0,0.6608527131782945,0.5265921348715934,0.0,0.0,0.0,0.0,0.10832440607473692,0.7042695987433956,0.6857442898398529,0.0,0.3846153846153846,0.2591496426766766,0.38636363636363635,0.0,0.4689871329594194,0.0,0.0,0.33333333333333337,0.0,0.0,0.0,0.5217391304347827,0.4206730355452276,0.0,0.5587575496117343,0.9079589166038783,0.45640769422932803,0.5483870967741936,0.0,0.0,0.13608709574127442,0.5593220338983051,1.0,0.4,0.0,0.641933887024916,0.5555555555555556,0.3886307734353648,0.21871261067240955,0.0,0.0,0.6000000000000001,0.5714285714285714,0.5714285714285714,0.0,0.0,0.0,0.0,0.8571428571428572,0.010859301227573281,0.0,0.0,0.0,0.0,0.0,0.0,0.4857271095152601,0.0,0.0,0.33333333333333337,0.0,0.0,0.0,0.0,1.0,0.44839114082741327,0.0,0.8421052631578947,0.8143044619422573,0.125,0.22639822241491436,0.009763424708974844,0.8333333333333334,0.040102233311020696,0.6494162403253312,0.75,0.0,0.19999999999999996,0.0,0.5544941380807642,0.0,0.08345463367297423,0.11111111111111105,0.4164768413059984,0.0,0.16945516945516959,0.0,0.6666666666666667,0.0,0.5,0.5,0.6666666666666667,0.75,0.18181818181818177,0.0,0.7179487179487178,0.0,0.9285714285714286,0.5,0.30348322810634387,0.0,0.4931714719271625,0.0,0.7222222222222222,0.6229227761485826,0.8333333333333334,0.9689241054847096,0.5103864578634185,0.13923171860536887,0.42158507181046234,0.46047430830039526,0.03325964630225087,0.36363636363636365,0.0,1.0,0.0,0.6563126252505012,0.0,0.437191760951552,0.0,0.6666666666666667,0.0,0.0,0.9851745576279293,0.9073203492276696,0.9654065849432001,0.0,0.0,0.4851190034848373,0.33333333333333326,0.0,0.8889464205312921,1.0,0.0,0.0,0.0,0.206896551724138,0.0,0.7,0.001585081585081527,0.3625418371141689,0.647618206041491,0.0,0.0,0.0,0.0,0.0,0.5465152603792447,0.4699518979034747,0.0,0.0,0.0,0.0,0.0,0.0,0.0,0.0,0.6666666666666667,0.7151776103336922,0.0,0.0,0.0,0.0,0.7916666666666666,0.0,0.0,0.0,0.5212121212121212,0.0,0.0,0.0,0.0,0.0,0.4736842105263158,0.0,0.9107512060647829,0.0,0.0,0.8492856883201861,0.0,0.0,0.7142857142857143,0.0,0.7919441801458929,0.0,0.0,0.0,0.21212121212121204,0.25,0.0,0.0,0.5923515867454199,0.8655913978494624,0.0,1.0,0.0,0.0,0.0,0.7195385724585437,0.85423197492163,0.0,0.7174203113417346,0.6276901004304161,0.31081081081081074,0.0,0.7481964960494675,0.2697302697302698,0.0,0.0,0.0,0.6169436052366566,1.0,0.8951048951048951,0.2311281910513313,0.0,0.43644298963447903,1.0,0.7961829312207418,0.024390243902438935,0.0,0.0,0.1725888324873096,0.7879061371841155,0.75,0.5,0.0,0.8229130282920014,0.75,0.704225352112676,0.0,0.0,0.1408918406072106,1.0,0.11111111111111105,0.6165413533834587,0.0,0.0,0.0,0.0,1.0,0.0,0.0,0.0,1.0,0.3218390804597703,0.1428571428571428,1.0,0.823927392739274,0.0,0.0,1.0,0.7096774193548387,0.0,0.6555023923444976,0.0,0.8125,0.7556693489392831,0.4657534246575342,0.2799352750809063,0.31775700934579443,0.0,0.34258349705304525,0.4545454545454546,0.08333333333333337,0.11917836078909905,0.7733333333333333,1.0,0.0,0.5,0.0,0.7240853658536586,0.0,0.5016891891891891,0.0,0.7915309446254072,0.005331302361005319,0.583,1.0,1.0,0.0,1.0,0.8,1.0,0.44999999999999996,0.0,0.6051873198847262,0.7,0.5,1.0,1.0,0.6099268010787209,0.6666666666666667,0.7857142857142857,0.1504664970313826,0.7777777777777778,0.0,0.8823529411764706,1.0,0.8965424095083738,0.7627118644067796,0.7534919905230029,0.9309355692850838,0.0,0.6363636363636364,0.0,1.0,0.44999999999999996,0.75,0.42783505154639156,0.5681818181818181,1.0,0.0,0.0,0.0,0.9888888888888889,0.9512078450131547,0.9029495950638682,0.0,0.6332847778587036,0.630328991682497,0.5,0.0,0.9311692254887725,0.9545454545454546,0.0,0.0,0.8567375886524823,0.375,0.0,1.0,0.8111020475312408,0.8550328047212423,0.7416214192098858,0.0,0.0,0.0,0.0,0.0,0.611102372525888,0.5152053506113492,0.0,0.0,0.0,0.0,0.0,0.0,0.0,0.799406921846346,1.0,0.4841934240237924,0.0,0.0,0.0,0.0,0.5231318918252941,0.0,0.0,0.0,0.7166605097894347,0.0,0.0,0.0,0.0,0.0,0.5439919557566617,0.0,0.8833955223880596,0.0,0.0,0.7022781944247912,0.0,0.0,0.875,0.0,0.6321820265182518,0.25374732334047123,0.4034021871202915,0.0,0.0,0.0,0.0,0.0,0.9182172219818261,0.85,0.0,0.0,0.0,0.0,0.0,1.0,0.5783672063382708,0.0,0.0,0.0,0.7692307692307692,0.09090909090909083,0.33193277310924374,0.4654696132596685,0.0,0.6666666666666667,0.0,0.0,0.0,0.46869521662910096,0.09793420045906642,0.25,0.3956704750450991,0.6562625050020008,0.2686099735003613,1.0,0.2857142857142857,0.0,0.28590163934426216,0.17460846384538486,0.6434108527131783,0.6,0.0,0.28873239436619724,0.5714285714285714,0.49908540875193474,0.36372247217617804,0.0,0.0,0.0,0.0,0.0,0.0,0.0,0.2857142857142857,0.0,0.5,0.22656412388276848,0.0,0.0,0.5,0.17947494033412859,0.0,0.0,0.0662695457930007,0.75,0.0,0.0,0.38551258440761205,0.0,0.12940528634361226,0.0,0.0,0.29639175257731953,0.0,1.0,0.8010291595197255,0.0,0.0,0.4285714285714286,0.75,0.4098360655737705,0.15134370579915135,0.0,0.0,0.33333333333333337,0.0,0.32380952380952377,0.5,0.0,0.2857142857142857,0.7583333333333334,0.13531928379020752,0.5499999999999999,0.0,0.0,0.0,0.0,0.0,0.0,1.0,0.9022082018927444,0.638095238095238,0.5,0.0,0.5,0.5,0.0,0.0,0.546774193548387,0.0,0.5555555555555556,0.0,0.0,0.7851412626438786,0.3243301642178047,0.0,0.08893442622950831,0.0,0.17333333333333356,0.0,0.0,0.0,0.0,1.0,0.0,0.3130841121495328,0.0,0.0,0.0,0.0,0.9166666666666666,0.8805786395814097,0.6467276565798734,0.8851105173670148,1.0,0.8623164763458402,0.0,0.0,1.0,0.0,0.0,0.0,0.8742733188720173,0.0,0.0,0.5714285714285714,0.6157041585767824,0.13821959313230414,0.4807813002280833,0.0,0.0,0.0,0.0,0.0,0.9329288843950118,0.35203030243557787,0.0,0.0,0.0,0.0,0.5,0.0,0.2613719928563927,0.2434786681028427,0.0,0.3165799548444094,0.0,m2
0.0,0.0,0.0,0.8407878830974899,0.0,0.0,0.0,0.7228106676754302,0.0,0.0,0.0,0.0,0.0,0.0,0.0,0.0,0.0,0.0,0.0,0.0,0.0,0.0,0.0,0.7498274331919929,0.0,0.0,0.0,0.0,0.0,0.0,0.8464612472394574,0.0,0.0,0.0,0.0,0.8259438601800712,0.42666666666666664,0.8246714456391875,0.09090909090909094,0.7846963175514108,0.42367957327237227,0.8461538461538461,0.05355404089581306,0.0,0.0,0.0,0.6806679964018929,1.0,0.0,0.0,0.0,0.0,0.7166268350973029,0.36045325170506426,0.0,0.0,0.0,0.0,0.0,0.0,0.045292014302741324,0.0,0.0,0.0,0.0,0.0,0.23715927010587956,0.5555555555555556,0.0,0.27225220594534416,0.5714285714285714,0.4634454263743829,0.6000000000000001,0.5714285714285714,0.64,0.0,0.0,0.3548387096774194,0.16455696202531644,0.5714285714285714,0.5131623931623932,0.0,0.0,0.0,0.0,0.7945131791285638,0.0,0.49216373368246746,1.0,0.0,0.33333333333333337,0.6379915730337079,1.0,0.2941176470588235,0.0,0.2666666666666666,0.4488517745302715,0.8100753343924563,0.3290322580645161,0.2326420198376915,0.125,0.6080265182905175,0.8711978971085242,0.5,0.5926518734085122,0.0,0.75,0.0,0.19999999999999996,0.0,0.872093023255814,0.7777777777777778,0.0,0.0,0.41301059001512874,0.33154001344989914,0.532650448143406,0.0,0.6666666666666667,0.6074570171931227,0.5,0.5,0.0,0.0,1.0,0.0,0.7179487179487178,1.0,0.8571428571428571,0.0,0.5546685915672371,0.5896651368349481,0.34178217821782175,0.0,0.41666666666666663,0.8850223850223851,0.0,0.0,0.0,0.1096502108657903,0.6623739837398375,0.0,0.04721549636803879,0.4444444444444444,0.0,0.0,0.1923076923076923,0.5827232796486091,0.0,0.7061574434918161,0.0,0.0,0.0,0.0,0.9803921568627451,0.6924731182795699,0.0,0.8786022379196099,0.28920652968407357,0.0,1.0,0.0,0.6687094180670984,0.16000000000000003,0.0,0.0,0.5141897370554849,0.0,0.0,0.0,0.0,0.5646570180697097,0.8650159793974371,0.0,0.0,0.0,0.0,0.0,0.0,0.0,0.0,0.0,0.0,0.0,0.0,0.0,0.0,0.24679628486611993,0.0,0.4988944131008697,0.0,0.0,0.0,0.0,0.7916666666666666,0.0,0.0,0.0,0.5212121212121212,0.0,0.0,0.0,0.0,0.0,0.0,0.0,0.0,0.0,0.0,0.0,0.0,0.0,0.0,0.0,0.7948717948717949,0.4098360655737705,0.0,0.0,0.0,1.0,0.0,0.703862660944206,0.0,0.0,0.0,0.0,0.8878508229473885,0.5087719298245614,0.7551020408163265,0.8552529182879378,0.6172566371681417,0.46153846153846145,0.9184581171237954,0.04375896700143467,0.0,0.0,0.0,0.8619146005509642,1.0,1.0,0.0,0.565883190883191,0.0,0.7553256238587949,0.24674452946704262,0.0,0.0,0.0,0.0,0.06493506493506473,0.2571428571428571,0.6993392070484583,0.0,0.19318905155951616,0.5,1.0,0.0,0.4703008770955923,0.75,0.0,0.015118790496760681,1.0,0.0,1.0,0.6666666666666667,0.6311584553928096,0.0,0.0,0.23113207547169812,0.0,0.8571428571428571,0.7289135716765012,0.0,0.0,0.0,0.045887961859356285,0.6666666666666666,1.0,0.5643280834526487,0.5,0.0,1.0,0.6129032258064515,1.0,0.3329130723291308,0.3571428571428571,0.0625,0.7429264349232013,0.9602094240837696,0.2799352750809063,0.0,0.46475770925110127,0.5634618314795063,0.8181818181818182,1.0,0.980272523896685,0.0,1.0,0.0,0.5,0.0,1.0,1.0,0.5284872298624754,0.33333333333333337,0.9579579579579579,0.2456207159177457,0.39391691394658745,1.0,1.0,0.5652173913043479,1.0,0.8,0.0,0.44999999999999996,0.8235294117647058,0.44475138121546953,0.7,0.5,1.0,0.5,0.5219315895372234,0.0,0.7857142857142857,0.15147407658420875,0.5555555555555556,0.7103293413173652,0.0,0.0,0.3720430107526882,0.18181818181818177,0.0,0.0,0.0,0.6363636363636364,0.0,0.0,0.0,0.25,0.52,1.0,1.0,0.0,0.0,0.0,0.9888888888888889,0.7884416924664603,0.0,0.9811320754716981,1.0,0.0,1.0,0.0,0.8356817361676415,0.13636363636363646,0.0,0.0,0.0,0.0,0.0,0.0,0.01344623505418474,0.8272801420141054,0.955272557850598,0.0,0.0,0.0,0.0,0.0,0.0,0.0,0.0,0.0,0.0,0.0,0.0,0.0,0.0,0.9064605628220372,0.0,0.47975573459229237,0.0,1.0,0.0,0.0,0.5775828204792459,0.0,0.0,0.0,0.7189009661835748,0.0,0.0,0.0,0.0,0.0,0.0,0.0,0.0,0.0,0.0,0.0,0.0,0.0,0.23181818181818192,0.33333333333333326,0.8007796746874579,0.0,0.32132298595713227,0.0,0.0,0.5454545454545454,0.0,0.8689672418104526,0.0,0.0,0.0,0.0,0.5307219662058371,0.16666666666666663,0.9481236203090507,0.9090909090909091,0.0,0.3930940304330863,0.9537612146307799,0.24852304056715258,0.15384615384615385,0.0,0.0,0.0,0.6666666666666667,0.0,0.0,0.0,0.0,0.4445975201731944,0.062423500611994975,0.0,0.0,0.0,0.0,0.3088942307692307,0.0,0.1428571428571428,0.0,0.0,0.0,0.0,0.0,0.6475343573160874,0.5714285714285714,0.0,0.3151064450277049,0.3999999999999999,0.6892366656020441,0.0,0.0,0.0,0.0,0.0,1.0,0.0,0.0,0.27543035993740217,0.0,0.0,0.0,0.1690507152145645,0.489344262295082,0.0,0.0,1.0,0.0,0.0,0.5113378684807257,0.15789473684210542,0.06208425720620858,0.0,1.0,0.5056669572798604,0.6378473753859727,0.0,0.03606965174129362,0.0,0.0,0.0,0.0,1.0,0.0,0.0,0.0,1.0,0.0,0.5284090909090909,0.0,0.009762900976290179,0.0,0.698956780923994,0.4742010652463382,0.88,0.0,0.0,0.6923857868020304,0.0,0.0,0.0,0.0,0.16561514195583604,0.0,0.5,0.0,0.0,0.5,0.19738863287250374,0.6923076923076923,0.5598086124401914,0.0,0.0,0.5382165605095542,0.0,0.5733194009056078,0.0,0.1552042160737812,0.5950679056468906,0.0,0.0,0.0,0.0,0.5,0.41463414634146345,0.625,0.0,0.46703733121525026,0.0,0.0,0.0,0.0,0.9166666666666666,0.9769372693726938,0.04166666666666663,0.4345234899328859,0.0,0.06068273831431725,0.0,0.0,0.49268061894689985,0.33333333333333326,0.0,0.0,0.0,1.0,0.0,0.0,0.0,0.7916875312969454,0.8067559945732534,0.0,0.0,0.0,0.0,0.0,0.0,0.0,0.0,0.0,0.0,0.0,0.5,0.0,0.271326530612245,0.0,0.0,0.770730198019802,0.0,m2
0.0,0.0,0.0,0.0,0.0,0.9404761904761905,0.0,0.8503937007874016,0.0,0.0,0.0,0.5441173749745601,0.8676979494860803,0.0,0.0,0.0,0.0,0.0,0.7369706659560766,0.0,0.0,0.0,0.0,0.0,0.0,0.0,0.0,0.0,0.0,0.0,0.0,0.0,0.0,0.0,0.0,0.0,0.0,0.19000293743268382,0.7296681384418173,0.0,0.0,0.0,0.2591496426766766,0.3776066453231809,0.6513067400275103,0.0,0.21999955397961712,0.0,0.33333333333333337,0.28205128205128194,0.0,0.0,0.0,0.5084155873794718,0.7627705627705628,0.500770555706645,0.9236224058291588,0.9106567396377375,0.39152981849611057,0.1489795918367347,0.6031195840554593,0.1429479034307496,0.0,1.0,0.4,0.0,0.641933887024916,0.5555555555555556,0.6807706837929732,0.2602581390868811,0.5714285714285714,0.31656681064511616,0.7179487179487178,0.0,0.0,0.0,0.0,0.0,0.0,0.2857142857142857,0.0,0.0,0.6428571428571428,0.0,0.0,0.3311159155163811,0.0,0.8899137358991374,1.0,0.0,0.6666666666666667,0.0,0.11111111111111116,0.5294117647058824,0.8964401294498382,0.0,0.8622129436325678,0.0,0.9179580674567,0.24741587860127556,0.125,0.5740274437685671,0.012653516933383013,0.6666666666666667,0.5926518734085122,0.3046941196407389,0.75,0.0,0.0,0.0,0.5156539549400175,0.7777777777777778,0.0,0.33333333333333326,0.5199043758445069,0.5936163211582757,0.6190476190476191,0.0,0.6666666666666667,0.3223731978010579,0.0,0.5,0.0,1.0,1.0,0.19218891916439595,0.6000000000000001,0.0,0.9285714285714286,0.5,0.4368715794832634,0.0,0.0,0.0,0.7222222222222222,0.6680865305625704,0.8333333333333334,0.5490029182879377,0.0,0.0,0.733079672546985,0.2777214489814729,0.0,0.36363636363636365,0.0,1.0,0.0,0.10810810810810811,0.716148023549201,0.0,0.0,0.0,0.0,0.0,0.9851745576279293,0.0,0.7348730118122393,0.0,0.1386897816302719,0.0,1.0,0.0,0.3108450203914622,0.0,0.0,1.0,0.0,0.206896551724138,0.0,0.0,0.250299107279811,0.4785325539205805,0.0,0.0,0.0,0.0,0.0,0.0,0.0,0.0,0.0,0.0,0.0,0.0,0.0,0.0,0.4827218856115586,0.13205634564267343,0.0,0.0,0.42124093399202023,0.0,0.0,0.0,0.0,0.0,0.9103982300884956,0.0,0.7666666666666666,0.0,0.0,0.0,0.626212899543379,0.913323782234957,0.0,0.0,0.0,0.0,0.0,0.8815840061514801,0.0,0.0,0.0,0.0,0.0,0.0,0.0,0.0,0.0,0.25,0.0,0.0,0.0,0.0,0.0,0.0,0.0,0.0,0.0,0.8552529182879378,0.0,0.0,0.0,0.6103646833013435,0.26189308484551266,0.7333333333333334,0.0,0.0,0.0,1.0,0.1896032144650931,0.5755935628202352,1.0,0.0,0.3713486637663145,0.7283726557773744,0.5373525557011796,1.0,0.9226083840917234,0.6000000000000001,0.0,0.9532428355957767,0.1725888324873096,0.2029734970911441,1.0,1.0,0.0,0.827023426224048,0.75,1.0,0.0,1.0,0.8146754468485419,0.7,0.1428571428571429,0.2691117984975694,0.0,0.0,0.0,0.0,0.5714285714285714,0.0,0.0,0.625,0.0,0.18812027847726265,0.5238095238095237,1.0,0.8976877429916104,0.5,0.0,1.0,0.0,0.0,0.0,0.905319896883056,0.0,0.9357585139318886,0.19867549668874163,0.08299866131191436,0.15384615384615385,0.3460884353741498,0.4558823529411764,0.0,0.9166666666666666,0.9710014947683109,0.5189255189255191,1.0,0.0,0.0,0.0,0.7881558028616852,1.0,0.0,0.33333333333333337,0.8842478842478843,0.0,0.900797373358349,1.0,1.0,1.0,0.0,0.8,0.0,0.9,0.8823529411764706,0.7985645933014354,1.0,0.5,1.0,1.0,0.6113783593098583,0.0,0.2857142857142857,0.15147407658420875,0.7777777777777778,0.6364403205398566,0.8823529411764706,0.7945922372437855,0.3720430107526882,0.0,0.7532265478589866,0.0,0.590621403912543,0.6363636363636364,0.0,1.0,0.44999999999999996,0.25,1.0,0.0,1.0,0.0,0.0,0.0,0.9888888888888889,0.0,0.5379211854528143,0.0,0.0,0.0,1.0,0.0,0.7065162817386315,0.0,0.0,0.9926644089347499,0.8042813455657493,0.375,0.0,0.0,0.10490480004929448,0.8488911634254521,0.0,0.0,0.0,0.0,0.0,0.0,0.0,0.0,0.0,0.0,0.0,0.0,0.0,0.0,0.9222600518806745,0.9420057242269487,0.0,0.0,0.24887302779864773,1.0,0.0,0.0,0.0,0.0,0.7142857142857143,0.0,0.7404291123264619,0.0,0.0,0.0,0.838012958963283,0.786073028369757,0.0,0.0,0.0,0.0,0.0,0.9025110230924445,0.0,0.0,0.21363636363636362,0.33333333333333326,0.0,0.262496166819994,0.0,0.0,0.0,0.0,0.0,0.0,0.0,0.0,0.0,0.0,0.0,0.0,0.0,0.9144736842105263,0.35067171891147075,0.15076923076923088,0.0,0.0,0.3076923076923076,0.29999999999999993,0.0,0.0,0.0,0.33333333333333337,0.42154506437768235,0.0,0.0,0.37851897184822525,0.12295081967213084,1.0,0.42877594846098777,0.7682819383259912,0.8892857142857142,0.0,0.2857142857142857,0.0,0.2936972059779077,0.0,0.44217687074829926,0.4,0.0,0.8076923076923077,0.5714285714285714,0.8093955715140635,0.3154744525547445,0.3999999999999999,0.1121047588629831,0.5,0.33333333333333337,0.0,0.0,0.0,0.2857142857142857,0.0,0.0,0.32021902251064693,0.0,0.0,0.0,0.16824644549763024,0.389958012596221,0.0,0.23675675675675667,1.0,0.0,0.5,0.08087027914614131,0.5633333333333335,0.42800199302441466,0.4722222222222222,0.33333333333333337,1.0,0.4331715924128805,1.0,0.03606965174129362,0.0,0.8255258126195029,0.1986062717770034,0.25,1.0,0.0,0.0,0.0,0.0,0.0,0.04558011049723765,0.0,0.0,0.4285714285714285,0.0,0.06350653296870246,0.75,0.0,0.0,0.27849661121380176,0.0,0.0,0.0,0.0,0.0,0.15694444444444422,0.0,0.0,0.5,0.5,0.0,0.0,0.0,0.0,0.5555555555555556,0.0,0.0,0.0,0.0,0.6587329366468324,0.1141759776536313,0.7280588776448942,0.9016393442622951,0.0,0.0,0.5,0.0,0.0,0.6931818181818181,0.047235023041474644,0.0,0.0,0.0,0.0,0.9166666666666666,0.0,0.43343653250773984,0.7126024590163934,0.0,0.0,0.5,0.0,0.768424206111444,0.0,0.0,0.9870223503965393,0.7387816154473756,0.0,0.0,0.0,0.6657191353606414,0.4818224964404366,0.0,0.0,0.0,0.0,0.0,0.0,0.0,0.0,0.0,0.0,0.0,0.0,0.0,0.0,0.25142857142857156,0.050568589670935804,0.0,0.0,0.6800448629501425,m2
0.0,0.0,0.0,0.6492311360114436,0.0,0.0,0.0,0.0,0.0,0.0,0.0,0.0,0.715928182203328,0.0,0.0,0.0,0.0,0.0,0.6515717625448776,0.0,0.0,0.0,0.33333333333333326,0.0,0.005346380662303418,0.08152130940143898,0.0,0.0,0.2857142857142857,0.0,0.0,0.6278834479967624,0.0,0.0,0.0,0.0,0.0,0.1525618058043713,0.7316271089505291,0.0,0.0,0.5769230769230769,0.8919182083739046,0.9749935104265813,0.0,0.9450676344440778,0.06573891856433356,0.0,0.33333333333333337,0.2828190158465387,0.0,0.0,0.7028985507246377,0.0,0.6857142857142857,0.0,0.544204794994435,0.9238648947951273,0.4244984160506864,0.9172366621067032,0.0,0.0,0.0,1.0,0.4,0.0,0.0,0.22222222222222232,0.9053267850396676,0.0,0.5714285714285714,0.6157768446310738,0.558974358974359,0.0,0.0,0.0,0.7966573816155988,0.3548387096774194,0.16455696202531644,0.2857142857142857,0.6873604287628405,0.37229987293519695,0.6428571428571428,1.0,0.8785620547431571,0.36047926612374814,0.0,0.0,0.0,0.0,0.6666666666666667,0.06882022471910121,1.0,0.17391304347826086,0.0,1.0,0.0,0.5566390747250254,0.3157894736842105,0.6437549096622153,0.0,0.0,0.2084115659031167,0.5,0.5926518734085122,0.681112118464793,0.75,0.0,0.19999999999999996,0.6666666666666667,0.5544941380807642,1.0,0.23682819383259912,0.33333333333333326,0.17463933181473035,0.5881565741050518,0.6209987195902689,0.875,0.6666666666666667,0.352675856476789,0.5,0.625,0.0,1.0,1.0,0.19716046075542482,0.558974358974359,0.75,0.0,0.5,0.5013131335055239,0.6202787315693798,0.5702356099015806,0.0,0.0,0.8922862765804254,0.0,0.5521807799781315,0.0,0.38820988304709725,0.0,0.6884317749153213,0.7436676798378926,0.4444444444444444,0.7777777777777778,0.5,0.0,0.0,0.716148023549201,0.5006495193556768,0.0,0.2823886639676113,0.0,0.0,0.0,0.0,0.9886924052416514,0.6855005970712086,0.07758130466570978,0.3616574409274589,0.33333333333333326,0.0,0.6692087926801247,0.0,0.0,0.0,0.5095785440613028,0.0,0.0,0.0,0.3442735042735041,0.0,0.6513163204907447,0.0,0.0,0.0,0.0,0.0,0.0,0.5284156602712181,0.0,0.0,0.0,0.0,0.4666666666666667,0.0,0.0,0.05300257457842206,0.6666666666666667,0.0,0.6603568703410225,0.0,0.0,0.0,0.7916666666666666,0.0,0.0,0.0,0.0,0.0,0.0,0.0,0.0,0.8214611872146118,0.0,0.0,0.0,0.0,0.0,0.8632889895273139,0.0,0.0,0.0,0.0,0.0,0.0,0.4095422794447735,0.0,0.0,0.0,0.33333333333333326,0.0,0.8291647003303445,0.0,0.0,0.0,0.0,0.0,0.19450778229404198,0.8548915587455141,0.19435736677115978,0.0,0.6560415122312824,1.0,0.9121951219512195,0.0,0.9990706319702602,0.0,0.23076923076923073,1.0,0.06333606333606323,0.5752257132538822,0.0,0.2574558734023127,0.0,0.7345679012345678,0.0,0.7090336134453782,0.913074972835929,0.024390243902438935,1.0,0.0,0.0,0.0,1.0,1.0,0.0,0.05695570112135029,0.0,1.0,0.33673469387755106,1.0,0.6260504201680672,1.0,0.0,0.9206349206349207,0.0,0.6264185201997277,0.10227272727272718,0.48677884615384603,0.5714285714285714,0.9762500948478641,0.3228758169934641,0.75,0.0,1.0,0.5238095238095237,1.0,0.0,0.0,0.0,1.0,0.19354838709677402,1.0,0.32789417785072905,0.6190476190476191,0.8125,0.5824,0.0,0.2799352750809063,1.0,1.0,0.0,0.2727272727272728,0.9166666666666666,0.980272523896685,0.8135818908122503,1.0,0.0,0.5,1.0,0.6773350751143044,0.0,0.8313878080415046,0.33333333333333337,0.8789376158122297,0.7969410999023755,0.8971212836243511,1.0,1.0,0.30434782608695654,1.0,0.8,0.0,0.9,0.5882352941176471,0.7861230329041488,1.0,1.0,0.0,1.0,0.8858991607405984,1.0,0.0,0.15147407658420875,0.0,1.0,0.0,0.7975735789710178,0.29279466888796346,0.7627118644067796,0.0,0.9439725579875857,0.6742937853107345,0.6363636363636364,0.8571428571428572,1.0,0.44999999999999996,0.0,1.0,1.0,1.0,0.7906976744186047,0.0,0.0,0.0,0.0,0.9717823888074869,0.16512059369202237,0.6454225352112677,0.5422747803981207,0.5,0.0,0.8326380130008733,0.0,0.0,0.0,0.0,0.0,0.0,0.0,0.0,0.0,0.7401986162752389,0.0,0.0,0.0,0.0,0.0,0.0,0.5827424878213476,0.0,0.0,0.0,0.0,0.5,0.0,0.0,0.5174175072661993,1.0,0.0,0.7498409813721036,0.0,0.0,0.0,0.49493209672076843,0.0,0.0,0.0,0.0,0.0,0.0,0.0,0.0,0.6112502609058652,0.0,0.0,0.0,0.0,0.0,0.7049394221808014,0.0,0.0,0.23181818181818192,0.0,0.0,0.25374732334047123,0.0,0.0,0.0,0.0,0.0,0.0,0.9200241740531829,0.0,0.0,0.0,0.0,0.0,0.6328947368421053,0.0,0.6014760147601476,0.0,0.5348516218081434,0.9246928260007927,0.7692307692307692,1.0,1.0,0.0,0.0,0.33333333333333337,0.3305223410950283,0.0,0.0,0.4737704918032788,0.0,0.6923076923076923,0.0,0.1933234734840482,0.8655745603469044,1.0,0.923469387755102,0.0,0.0,0.0,0.4444444444444444,0.4,0.0,0.0,0.5714285714285714,0.7937219730941705,0.0,0.3999999999999999,0.41637010676156583,0.0,0.33333333333333337,0.0,0.0,1.0,0.5,0.0,0.0,0.8245202558635394,0.0,0.0,0.0,0.6900726392251816,0.3853143418467583,0.0,0.7621313035204567,0.4,0.0,0.5,0.0,0.32333333333333336,0.0,0.0,0.0,0.0,0.6818700114025086,0.0,0.5986277873070327,0.625,0.3529048207663783,0.5714285714285714,0.25,0.8688524590163935,0.17115902964959573,0.0,0.0,0.33333333333333337,0.0,0.3162962962962962,0.5,0.24084507042253533,0.4285714285714285,0.0,0.0,0.75,0.0,0.0,0.2275574112734865,0.0,0.33333333333333337,0.0,0.0,0.061514195583596276,0.0,0.0,0.6666666666666666,0.0,0.5,0.07154308617234462,0.8666666666666667,0.6463414634146342,0.0,0.0,0.5299162752705737,0.0,0.0,0.0,0.0,0.5950679056468906,0.40929965556831216,0.013157894736842035,0.0,0.5,0.0,0.0,0.0,0.6931818181818181,0.23024523160762944,0.0,0.0,0.0,0.0,0.0,0.0,0.934201266713582,0.5689342403628118,0.22413793103448265,0.6986122874454362,0.0,0.0,0.46844291062236787,0.0,0.0,0.0,0.0,1.0,0.0,0.0,0.0,0.0,0.48304141705156933,0.0,0.0,0.0,0.0,0.0,0.0,0.35203030243557787,0.0,0.0,0.0,0.0,0.5555555555555556,0.0,0.15836926695413567,0.6580793559516964,0.0,0.0,0.6086377473363774,m2
0.0,0.0,0.0,0.8822723440134908,0.0,0.0,0.0,0.0,0.0,0.0,0.0,0.0,0.0,0.0,1.0,0.0,0.8888888888888888,0.0,0.0,0.0,0.7601689919434073,0.0,0.0,0.75,0.0064415786403991815,0.0,0.0,0.0,0.2857142857142857,0.0,0.0,0.0,0.0,0.0,0.0,0.0,0.6976744186046512,0.0,0.0,0.790960972017673,0.410439081128235,0.0,0.26416733010060056,0.0,0.4052076242341729,0.0,0.0,0.39622641509433965,0.6666666666666667,0.248379015620395,0.0,0.0,0.4755825087775295,0.4211244835638587,0.8307026476578412,0.47729291254662787,0.5738394320043692,0.45200540784137,0.23287671232876705,0.9865156418554477,0.8461771844660193,0.0,0.0,1.0,0.4,0.0,0.23715927010587956,0.22222222222222232,0.0,0.5703216505991531,0.0,0.2268625192012288,0.6000000000000001,1.0,0.7227997227997228,0.0,0.7966573816155988,0.0,0.0,0.2857142857142857,0.5154626523766669,0.31327762302692674,0.6428571428571428,0.0,0.26486055776892437,0.8970523537175539,0.0,0.48395575082378783,0.10000000000000009,0.5622849277357191,0.0,0.7222612359550562,0.75,0.2941176470588235,0.0,0.0,0.4488517745302715,0.28114883685914305,0.0,0.0,0.0,0.8496737373943993,0.08319467554076543,0.7333333333333334,0.041109605983862485,0.330253723110866,0.75,0.0,0.0,0.0,0.6576339229707691,0.7777777777777778,0.0,0.0,0.0,0.0,0.6190476190476191,0.0,0.6666666666666667,0.0,0.0,0.0,0.6666666666666667,0.75,1.0,0.7158779462817468,0.7179487179487178,0.0,0.9285714285714286,0.0,0.6915824915824915,0.385792349726776,0.8038063909774437,0.19431427678850355,0.0,0.6379598662207357,0.8333333333333334,0.7813465101914762,0.0,0.0,0.7330081300813008,0.0,0.8221463022508039,0.36363636363636365,0.11111111111111116,0.8333333333333334,0.3076923076923077,0.0,0.7103004291845494,0.8780918727915195,0.0,0.0,0.0,0.0,0.0,0.6109708120737343,0.4421004356798901,0.994428394552208,0.5624082232011747,0.5283590515619119,0.0,0.9634301359147355,0.8807143702556852,1.0,0.0,0.0,0.49926378978366737,0.0,0.0,0.0,0.9770278637770898,0.7902390633686895,0.3761001120114047,0.0,0.0,0.0,0.0,0.0,0.0,0.845668608589622,0.0,0.0,0.0,0.0,0.0,0.0,0.0,0.19023015739565996,0.6666666666666667,0.9182901528185407,0.0,0.0,0.0,0.0,0.7916666666666666,0.0,0.0,0.0,0.0,0.0,0.0,0.0,0.0,0.0,0.0,1.0,0.0,0.7142857142857143,0.0,0.0,0.0,0.8580630830741892,0.0,0.0,0.7919441801458929,0.0,0.0,0.0,0.0,0.25,0.33333333333333326,0.0,0.0,0.0,0.0,0.0,0.0,0.5087719298245614,0.13265306122448983,0.0,0.6172566371681417,0.4472984942426924,0.0,0.61527057079318,0.0,0.3999999999999999,0.0,0.07520246818357124,0.0,1.0,0.21808851828094933,0.49815126050420167,0.0,0.3735294117647058,0.5987376014427412,0.7307692307692307,0.23809523809523814,0.7088673816374575,0.4380986165306846,0.6233766233766234,1.0,0.9432624113475178,0.0,0.2029734970911441,1.0,1.0,0.0,0.47205728257073,0.0,0.0,1.0,0.0,0.8146754468485419,1.0,0.7777777777777778,0.9015452538631347,0.0,0.5959510754955715,0.0,0.0,0.5714285714285714,0.5629251700680271,0.33470564018114457,0.625,0.09999999999999998,0.6511044176706828,0.8095238095238095,1.0,0.5624949437747755,0.5,0.7674418604651163,0.0,0.7096774193548387,1.0,0.8306232008091496,0.3571428571428571,0.0,0.7614349775784753,0.7266086415915449,0.0,0.0,0.0,1.0,0.0,1.0,0.11917836078909905,0.5396618985695708,1.0,0.0,0.0,0.0,0.726527570789866,1.0,0.49183006535947715,0.33333333333333337,0.19999999999999996,0.41091797935904395,0.891326943065019,1.0,1.0,0.0,0.0,0.0,1.0,0.9,0.8823529411764706,0.9382882882882883,0.7,0.5,1.0,1.0,0.4815506772536198,1.0,0.9571428571428572,0.15147407658420875,0.0,0.6364403205398566,0.8823529411764706,0.9618768328445748,0.3720430107526882,0.8209876543209877,0.9930875576036866,0.0819754324392078,0.9473023839397742,0.6363636363636364,0.0,1.0,0.65,0.0,1.0,1.0,1.0,0.0,0.0,0.0,0.0,0.7634338138925295,0.30843251456064813,1.0,0.0,0.06717587805610203,0.0,0.9576271186440678,0.9202360818693266,0.0,0.0,0.0,0.0,0.0,0.0,0.0,0.9726017497662612,0.8229827408172297,0.410688267536252,0.0,0.0,0.0,0.0,0.0,0.0,0.8823050626729612,0.0,0.0,0.0,0.0,0.0,0.0,0.0,0.0,1.0,0.8425371557371276,0.3258161316722742,0.0,0.0,0.0,0.6138839018551765,0.0,0.0,0.0,0.0,0.0,0.0,0.0,0.0,0.0,0.0,0.6666666666666667,0.0,1.0,0.0,0.0,0.0,0.6958919741346519,0.0,0.0,0.7774581589958158,0.25374732334047123,0.2768387391502969,0.0,0.0,0.0,0.0,0.0,0.0,0.0,0.0,0.0,0.0,0.16666666666666663,0.6059763724808895,0.0,0.0,0.4110233258088788,0.0,0.0,0.15384615384615385,0.6,0.0,0.6199059561128526,0.6666666666666667,0.6666666666666667,0.3305223410950283,0.0,0.0,0.5021341463414635,0.12182875264270587,1.0,0.44234890698671225,0.28070562293274537,0.5424499696785932,1.0,0.8380952380952381,1.0,0.0,0.0,0.49693251533742333,0.4,0.0,0.6475343573160874,0.5714285714285714,0.0,0.4337999416739575,0.0,0.1121047588629831,0.0,0.33333333333333337,0.41176470588235303,0.0,1.0,0.2857142857142857,0.0,1.0,0.0,0.0,0.0,0.5,0.0,0.6457312806158153,0.0,0.0,1.0,0.37632042253521125,0.5,0.5853858784893268,0.68,0.0,0.0,1.0,0.5333333333333333,0.0,0.23529411764705876,0.0,0.0,0.43897465773376054,0.5714285714285714,0.0,0.0,0.6507936507936507,0.0,0.0,0.0,0.0,0.3311627906976744,0.0,0.0,0.0,0.0,0.13215712383488665,0.24,0.0,0.0,0.0,0.0,0.0,0.0,0.0,0.0,0.6206896551724137,0.5,0.0,0.5,0.0,0.151346539060761,0.26923076923076916,0.7689873417721519,0.0,0.0,0.0,0.0,0.7854406130268199,0.0,0.0,0.8218012866333095,0.0,1.0,0.0,0.5,0.0,0.29268292682926833,0.0,0.6666666666666667,0.8294930875576036,0.0,0.0,0.0,0.0,0.0,0.6268082486919052,0.0,0.912268456375839,0.6724137931034482,0.19062097397577937,0.0,1.0,0.7998441500612268,0.0,0.0,0.0,0.0,1.0,0.0,0.0,0.9560017532508193,0.46732073293897003,0.4877478143085826,0.0,0.0,0.0,0.0,0.0,0.0,0.5243301717310256,0.0,0.0,0.0,0.0,0.5,0.0,0.0,0.546849208661035,0.0,0.9746287128712872,0.0,m2
0.0,0.7057535565668955,0.0,0.8323186018193539,0.0,0.0,0.0,0.0,0.0,0.7013050382817143,0.0,0.5912076806467912,0.0,0.0,0.0,0.876845275722307,0.0,0.0,0.0,0.6626458795331855,0.7474427446365528,0.0,0.33333333333333326,0.0,0.0,0.0,0.0,0.0,0.2857142857142857,0.0,0.0,0.0,0.0,0.0,0.0,0.0,0.0,0.522635098103694,0.08571428571428563,0.0,0.5069935217903416,0.0,0.3641088572872303,0.3484848484848484,1.0,0.0,0.39434383819379093,1.0,0.33333333333333337,0.0,0.0,0.0,0.0,0.1801259622113367,0.0,0.0,0.7272163670179789,0.6753712237583205,0.0,0.0,0.25210084033613445,0.8473520249221184,0.0,0.1428571428571429,0.4,0.5,0.0,0.0,0.0,0.4450825556353194,0.5714285714285714,0.2750018616427137,0.7179487179487178,0.0,0.7227997227997228,0.0,0.3501350135013501,0.0,0.2666666666666666,0.8571428571428572,0.0,0.2857142857142857,0.0,0.18181818181818188,0.28161229441898084,0.081332125056638,0.0,0.8894493235224306,1.0,0.0,0.33333333333333337,0.40161725067385456,0.0,0.2941176470588235,0.0,0.5,0.28892371995820276,0.5977609851665266,0.36797326040717104,0.3725335438042622,0.0,0.853548852403377,0.5124674358020097,0.33333333333333337,0.0,0.5890725436179981,0.75,0.0,0.0,0.0,0.7717034521788342,0.7777777777777778,0.0,0.11111111111111105,0.8327420172326406,0.9149293880295898,0.16945516945516959,0.0,0.6666666666666667,0.0,0.5,0.0,0.0,1.0,0.2727272727272726,0.0,0.6000000000000001,0.0,0.9285714285714286,0.0,0.4954473220804879,0.0,0.0,0.12240566037735856,0.41666666666666663,0.0,0.8333333333333334,0.3726750084545146,0.0,0.13923171860536887,0.0,0.21314479000281872,0.64358922829582,0.4444444444444444,0.0,1.0,0.0,0.5827232796486091,0.21687763713080155,0.0,0.0,0.0,0.0,0.0,0.9803921568627451,0.0,0.40115541778216135,0.8756632359521831,0.23499199917410818,0.49209222353615456,0.33333333333333326,0.9960182025028441,0.24591782545657292,0.84,0.0,0.0,0.5224157955865273,0.206896551724138,0.16666666666666663,0.7,0.001585081585081527,0.4573453876916662,0.0,0.0,0.0,0.0,0.0,0.9998350593197375,0.0,0.0,1.0,0.9794737494027923,0.0,0.9377399683806369,0.0,0.8948858042921835,0.5110299902445165,0.11794051175797715,0.6666666666666667,0.0,0.0,0.0,0.5741935483870968,0.0,0.7916666666666666,0.0,0.0,0.0,0.0,0.0,0.7326787512588117,0.0,0.7161290322580645,0.0,0.0,0.0,0.8480260636259103,0.0,0.0,0.0,0.8729663472253176,0.8861120429386112,0.0,0.0,0.0,0.4098360655737705,0.0,0.0,0.0,0.25,0.33333333333333326,0.0,0.0,0.0,0.0,0.0,0.0,0.0,0.8451776649746193,0.17067307692307698,0.19435736677115978,0.46153846153846145,0.0,0.3401094605160283,0.7298211696471726,0.7333333333333334,0.0,0.4286033020972779,0.6153846153846154,1.0,0.0,0.5755935628202352,0.0,0.2659768715763845,0.3713486637663145,0.0,0.0,0.8713052576510594,0.2730573710965867,0.06493506493506473,0.0,0.7040598290598291,0.8527918781725888,0.2029734970911441,1.0,0.5,1.0,0.05695570112135029,0.5,0.11111111111111116,0.4910714285714284,1.0,0.8259013282732448,0.7,0.0,0.854104636324968,0.0,0.5072068562524348,0.0,0.0,1.0,0.0,0.0,0.0,0.0,0.750578034682081,0.0,1.0,0.9488163787587972,0.5,0.0,1.0,0.19354838709677402,1.0,0.32515831276161855,0.31135531135531125,0.0,0.0,0.9260792430514488,0.08299866131191436,0.9846449136276392,0.0,1.0,0.6363636363636365,0.0,0.5564368517388651,0.43466666666666665,1.0,0.0,0.0,0.0,0.8782657031684269,1.0,0.2609992542878449,0.0,0.9423631123919308,0.7965779467680608,0.6221459227467812,1.0,1.0,0.5880115900036219,1.0,0.0,0.0,0.9,0.5882352941176471,0.44467496542185336,1.0,0.5,1.0,0.5,0.8890759446315002,0.6666666666666667,0.2857142857142857,0.12645322840279005,0.5555555555555556,0.0,0.8823529411764706,0.5671609245529874,0.25602312881464817,0.7613086296110833,0.0,0.038600942370423996,0.9406021155410903,0.6363636363636364,0.0,1.0,0.44999999999999996,0.25,0.5833333333333334,0.0,1.0,0.8656716417910448,0.0,0.0,0.9888888888888889,0.0,0.37038689172289085,0.8780663780663781,0.677056479962503,0.6295158562207507,0.5,0.9576271186440678,0.3451681881733696,0.9545454545454546,0.0,0.0,0.0,0.375,0.1724137931034483,1.0,0.7940938051622385,0.5470488123720494,0.0,0.0,0.0,0.0,0.0,0.8846153846153846,0.0,0.0,1.0,0.9743447382423023,0.0,0.9361158432708688,0.0,0.9383846794338052,0.9222600518806745,0.5990852235601607,1.0,0.0,0.5013847219016847,1.0,0.8798044878915796,0.0,0.5954244431065623,0.0,0.0,0.0,0.0,0.0,0.7103188041217163,0.0,0.48642779587404983,0.0,0.0,0.0,0.8833955223880596,0.0,0.0,0.0,0.8891150632097707,0.703336339044184,0.21363636363636362,0.0,0.0,0.0,0.3561741882016124,0.0,0.0,0.0,0.0,0.0,0.0,0.0,0.0,0.0,0.0,0.0,0.9738725841088046,0.0,0.0,0.4110233258088788,0.01534113847396057,0.5477880939377391,0.0,0.0,0.0,0.0,1.0,0.33333333333333337,0.0,0.0,0.0,0.0,0.0,0.25,0.0,0.33347511697150156,0.8005299927728258,0.0,0.2857142857142857,0.1428571428571428,1.0,0.0,0.49693251533742333,0.6,0.0,0.0,0.0,0.0,0.0,0.3999999999999999,0.1121047588629831,0.5,0.33333333333333337,0.41176470588235303,0.0,0.8888888888888888,0.2857142857142857,0.0,0.5,0.24061597690086645,0.0,0.0,0.5,0.0,0.2850180505415162,0.0,0.7049368541905856,1.0,0.0,0.0,0.0,0.0,0.0,0.0,0.33333333333333337,0.5691756272401434,0.2046757829730923,1.0,0.5986277873070327,0.625,0.37425552353506264,0.18796992481203012,0.25,0.0,0.81292984869326,0.0,0.0,0.33333333333333337,0.0,0.5829447035309794,0.0,0.0,0.2857142857142857,0.7571428571428571,0.36977441236788144,0.0,0.0,0.0,0.0,0.0,0.0,0.0,0.0,0.061514195583596276,0.0,0.0,0.0,0.5,0.5,0.1726418838470699,0.0,0.0,0.0,0.0,0.3534333525678015,0.0,0.0,0.0,0.0,0.6119898319446406,0.7739153866882242,0.6,0.0,0.0,0.5,0.0,0.0,0.3784090909090909,0.11714285714285722,0.0,0.33333333333333326,0.0,0.0,0.9166666666666666,0.0,0.0,0.0,0.0,0.27494338617290515,1.0,0.5,0.13672788956481075,0.0,0.0,0.0,0.0,0.0,0.5,0.5714285714285714,0.625306755069531,0.18271407644160365,0.0,0.0,0.0,0.0,0.0,0.9572519083969465,0.0,0.0,1.0,0.9594594594594594,0.0,0.9191416309012875,0.5,0.7260656883298393,0.25142857142857156,0.3518898013898092,0.0,0.0,0.0,m2
0.0,0.0,0.0,0.685709402439806,0.0,0.0,0.0,0.0,0.8372139303482588,0.0,0.0,0.0,0.0,0.0,0.0,0.0,0.0,0.0,0.6516608938780621,0.0,0.0,0.4813404417364813,0.0,0.0,0.006175156968088569,0.0,0.0,0.7202272667352159,0.0,0.0,0.8016671749517129,0.0,0.0,0.0,0.0,0.0,0.0,0.8235885829246825,0.0,0.28755252100840334,0.41811946270362965,0.0,0.0,0.7272727272727273,0.4372662359741585,0.8515341471461564,0.16052661001788904,0.0,0.33333333333333337,0.28205128205128194,0.0,0.0,0.0,0.3732713470252458,0.0,0.8036741351188943,0.5076697057425571,0.9282142857142857,0.8608470181503889,0.8259325044404973,0.8438661710037175,0.0,0.5653016719166466,1.0,0.0,1.0,0.0,0.0,0.0,0.0,0.1428571428571428,0.31656681064511616,0.558974358974359,1.0,0.11782518926359264,0.0,0.0,0.0,1.0,0.5714285714285714,0.4087942916387144,0.31281070745697914,0.0,1.0,0.3378204210224832,0.03533613981375183,0.0,0.5907864302235929,0.0,0.0,0.6666666666666667,0.4541778975741242,0.11111111111111116,0.2941176470588235,0.9090909090909091,1.0,0.2809822361546499,0.6461714449131336,0.0,0.0,0.0,0.40587408217466026,0.9728260869565217,0.33333333333333337,0.0,0.0,0.75,0.0,0.19999999999999996,0.6666666666666667,0.8063607085346216,0.0,0.2233589087809037,0.11111111111111105,0.0,0.6315362788812322,0.19291506615450282,0.875,0.6666666666666667,0.875968992248062,0.5,0.0,0.6666666666666667,0.29999999999999993,1.0,0.016544117647058876,0.558974358974359,0.25,0.8571428571428571,0.5,0.5013131335055239,0.5769833277386147,0.0,0.21807829181494698,0.9166666666666666,0.6228720011774518,0.0,0.03314803376569897,0.4855805689770978,0.6619436439321166,0.5633575464083939,0.5070284406668846,0.03024517684887451,0.36363636363636365,0.0,0.0,0.0,0.6563126252505012,0.7151898734177214,0.22248427672955973,0.0,0.6666666666666667,0.0,0.0,0.0,0.911891302191808,0.4010992882813049,0.9914956011730205,0.477890005145008,0.9843902898005269,0.33333333333333326,0.0,0.2810651425413482,0.0,0.0,0.0,0.5095785440613028,0.206896551724138,0.0,0.0,0.5128782195548887,0.4376866129494049,0.4787775673333118,0.0,0.0,0.0,0.0,0.0,0.0,0.0,0.0,0.9970194198623402,0.0,1.0,0.4206349206349206,0.9482212046495245,0.2968427043704881,0.0,0.0,0.0,0.0,0.0,0.0,0.0,0.7916666666666666,0.0,0.8191340782122905,0.0,0.0,0.5945945945945946,0.0,0.0,0.0,0.0,0.0,0.0,0.0,0.0,0.0,0.8693157366231531,0.0,0.0,0.7142857142857143,0.0,0.0,0.0,0.0,0.0,0.6444444444444444,0.25,0.0,0.703862660944206,0.0,0.0,0.0,0.0,0.0,0.0,1.0,0.0,0.0,0.46153846153846145,0.0,0.0,0.0,0.3999999999999999,0.016780609073958952,0.0,0.0,0.0,0.1896032144650931,0.6175213675213675,0.0,0.25,0.3450671172439689,0.4,0.9790104947526237,0.4117647058823529,0.913074972835929,0.6233766233766234,0.85,0.9025182778229082,0.0,0.8552036199095023,1.0,1.0,0.0,0.05695570112135029,0.5,0.0,0.3969465648854963,0.0,0.8259013282732448,1.0,1.0,0.0,0.0,0.0,0.0,1.0,0.8571428571428571,0.7020968908170644,0.32448186528497414,0.0,1.0,0.6951562731447193,0.0,1.0,0.8240435356200528,0.0,0.0,1.0,0.967741935483871,0.0,0.32515831276161855,0.7857142857142857,0.8125,0.0,0.8317239195820801,0.0,0.15384615384615385,0.0,0.5635859984890456,0.6363636363636365,0.0,0.11917836078909905,0.0,1.0,0.0,0.5,1.0,0.8721281741233373,1.0,0.6629381058911261,0.0,0.0,0.0,0.673092556032981,1.0,1.0,0.9307260610312171,1.0,0.0,1.0,0.44999999999999996,0.5882352941176471,0.49407582938388617,1.0,0.0,1.0,1.0,0.8966605865020345,1.0,0.2857142857142857,0.0,0.962962962962963,0.6364403205398566,0.0,0.7945922372437855,0.0,1.0,0.4801885402857563,0.9310040780337264,0.0,0.6363636363636364,0.0,0.0,0.44999999999999996,0.75,1.0,1.0,1.0,0.0,0.0,0.0,0.0,0.9486636053220299,0.2829484113103736,0.9753036437246964,0.0,0.9106960391144316,0.5,0.0,0.35404090384298204,0.0,0.0,0.0,0.0,0.375,0.0,0.0,0.0,0.5477309461643665,0.2946727597107891,0.0,0.0,0.0,0.0,0.0,0.0,0.0,0.0,0.9982444265831888,0.0,1.0,0.5,0.9945141065830722,0.7661460706740131,0.8100209870513853,0.0,0.0,0.0,1.0,0.0,0.0,0.5185956936288438,0.0,0.7142857142857143,0.0,0.0,0.6718812675491377,0.0,0.0,0.0,0.0,0.0,0.0,0.0,0.0,0.0,0.8764738910724312,0.0,0.0,0.0,0.33333333333333326,0.0,0.262496166819994,0.3882552778451832,0.0,0.8286011801457828,0.0,0.0,0.8681181181181181,0.0,0.0,0.0,0.0,0.0,0.0,0.938961038961039,0.4625,0.06889424733034788,0.3930940304330863,0.0,0.12670671764063368,0.15384615384615385,0.6,1.0,0.3318965517241381,0.0,0.6666666666666667,0.4083688844513026,0.0,0.0,0.0,0.25668948350964527,0.0,0.625674633770239,0.7610806247361757,0.8655745603469044,0.75,0.7806122448979592,0.8571428571428572,0.0,0.17901029558286297,0.49693251533742333,0.0,0.0,0.0,0.0,0.0,0.2662565905096662,0.19999999999999996,0.1121047588629831,0.0,0.33333333333333337,0.41176470588235303,0.0,0.0,0.2857142857142857,0.0,0.0,0.0,0.0,0.0,0.5,0.0,0.3619020501138952,0.0,0.1938405797101448,0.4,0.0,0.5,0.42295887047268266,0.0,0.0,0.2129629629629629,1.0,0.5691756272401434,0.17819148936170215,0.23529411764705876,0.03606965174129362,0.625,0.23390620448587252,0.7142857142857142,0.25,0.0,0.0,0.0,0.0,1.0,0.0,0.6507936507936508,0.0,0.16139585605234463,0.2857142857142857,0.06408345752608058,0.06350653296870246,0.0,0.0,0.0,0.9642637091805298,0.0,0.0,0.0,1.0,0.061514195583596276,0.32965517241379316,0.0,0.6666666666666666,0.0,0.5,0.09182401993673928,0.26923076923076916,0.0,0.5602561941682118,0.7777777777777778,0.0,0.0,0.0,0.3174971031286208,0.5036351619299406,0.949672131147541,0.0,0.19999999999999996,0.0,0.0,0.5,0.0,1.0,0.6931818181818181,0.0,0.0,0.0,0.0,0.0,0.0,0.8805786395814097,0.0,0.027512515249673908,0.6724137931034482,0.37853632295767403,0.0,0.0,0.13672788956481075,0.0,0.0,0.0,0.0,0.0,0.0,0.0,0.0,0.4872441827866555,0.4739920381865177,0.0,0.0,0.0,0.0,0.0,0.0,0.0,0.0,0.9662162162162162,0.0,0.9789726644638029,0.0,0.8861209964412812,0.0,0.019876427173695532,0.0,0.0,0.0,m2
0.0,0.0,0.0,0.0,0.0,0.0,0.0,0.0,0.0,0.0,0.0,0.0,0.7159519424712795,0.0,0.0,0.0,0.0,0.0,0.7369301733265217,0.5976739127056885,0.0,0.0,0.25,0.0,0.0,0.20697221536520471,0.0,0.0,0.0,0.0,0.0,0.0,0.0,0.0,0.0,0.0,0.0,0.781016708140775,0.08571428571428563,0.6849170834430113,0.0,0.3846153846153846,0.8826247022305638,0.3484848484848484,0.42712691771269184,0.688099173553719,0.0,0.4462151394422311,0.33333333333333337,0.28531199051430267,0.2993702900794879,0.0,0.7028985507246377,0.0,0.0,0.0,0.5284710196597737,0.49350302598789597,0.8608470181503889,0.9079189686924494,0.3537794299876085,0.21573208722741444,0.0,0.8571428571428572,0.4,0.0,0.5344109033566119,0.22222222222222232,0.6965130348696513,0.26380755022975033,0.5714285714285714,0.43545649960402766,0.38636363636363635,0.5714285714285714,0.6666666666666667,0.0,0.36186650185414093,0.0,1.0,0.5714285714285714,0.009429514380009496,0.0,0.0,1.0,0.0,0.8857324570701717,0.0,0.02437158469945344,0.0,0.0,0.33333333333333337,0.4595687331536389,0.33333333333333337,0.0,0.5416666666666666,1.0,1.0,0.6060475857994522,0.791869918699187,0.6579580611894122,0.0,0.5439098632501932,0.8333333333333333,1.0,0.3343405348239915,0.5702587871765161,0.75,0.0,0.6,0.0,0.0,0.0,0.15115714516912127,0.0,0.0,0.7363934426229508,0.19047619047619047,0.875,0.6666666666666667,0.0,0.5,0.625,0.6666666666666667,0.0,0.0,0.02941176470588247,0.38636363636363635,0.0,0.9285714285714286,0.5,0.4954473220804879,0.6092093130474874,0.0,0.5145770334186246,0.0,0.0,0.8333333333333334,0.0,0.0,0.0,0.0,0.16710856823890607,0.0,0.4444444444444444,0.0,0.0,0.3076923076923077,0.0,0.0,0.4801247077162899,0.0,0.0,0.0,0.0,0.9803921568627451,0.0,0.9751859010056672,0.9092536158274077,0.26423677868341955,0.7124507577681208,1.0,0.0,0.0,0.0,0.0,0.0,0.5149039523073526,0.206896551724138,0.07692307692307698,0.0,0.36773972175432024,0.10665473883007781,0.48864992497272475,0.0,0.0,0.0,0.0,0.0,0.0,0.5071243964245641,0.9487714006919188,0.977484949010935,0.0,0.0,0.655,0.0,0.6363909473262568,0.13205634564267377,0.6666666666666667,0.0,0.0,0.0,0.0,0.0,0.0,0.0,0.0,0.0,0.0,0.0,0.0,0.0,0.0,0.8214611872146118,0.0,0.0,0.0,0.0,0.0,0.6693452522466834,0.7254140903551924,0.0,0.0,0.0,0.0,0.4098360655737705,0.5537431778395634,0.0,0.0,0.5,0.0,0.0,0.0,0.0,0.0,0.0,0.0,0.0,0.8448767191178292,0.8548915587455141,0.85423197492163,0.0,0.7174203113417346,0.9731503579952268,0.7010943912448699,0.3999999999999999,0.9555555555555556,0.30288713910761156,0.0,1.0,0.07314252674183286,0.0,1.0,0.2574558734023127,0.0,0.0,0.0,0.4285714285714286,0.7395871061209707,1.0,1.0,0.69374492282697,0.6696428571428572,0.0,0.75,1.0,0.0,0.8410270417918602,0.0,0.5,0.5994180407371484,0.5,0.6666666666666666,0.6437499999999999,0.0,0.5229681978798586,0.0,0.21996879875195008,1.0,0.0,0.8571428571428571,0.28982637831251923,0.0,0.0,0.0,0.21881875105770865,0.8095238095238095,1.0,0.0,0.0,0.0,1.0,0.0,1.0,0.0,0.0,0.8125,0.861003861003861,0.8014720915968104,0.9228187919463087,1.0,1.0,0.625,0.5,1.0,0.0,0.36996336996337,1.0,0.0,0.5,0.0,0.4694000602954477,1.0,0.6397748592870544,0.33333333333333337,0.0,0.0,0.6837378381268042,1.0,1.0,0.47100313479623834,1.0,0.8,1.0,0.44999999999999996,0.0,0.3218749999999999,0.6437499999999999,0.5,1.0,1.0,0.8953195388256853,1.0,0.2857142857142857,1.0,0.0,0.0,0.8823529411764706,0.7911160058737151,0.2803889789303079,0.0,0.0,0.0,0.0,0.6363636363636364,0.0,0.0,0.65,0.0,0.625,0.5,1.0,0.0,0.0,0.0,0.9888888888888889,0.0,0.9452159691432137,0.9428571428571428,0.6247344819447722,0.8911524456254305,1.0,0.0,0.0,0.0,0.0,0.0,0.0,0.375,0.10526315789473684,0.0,0.031034616779810342,0.5552015928322549,0.7221569745981679,0.0,0.0,0.0,0.0,0.0,0.0,0.5827424878213476,0.9259259259259259,0.9893794167817399,0.0,0.0,0.5,0.0,0.9261167048944524,0.7573437220132545,1.0,0.0,0.0,0.0,0.0,0.0,0.0,0.0,0.0,0.0,0.0,0.0,0.0,0.0,0.0,0.6382898221717745,0.0,0.0,0.0,0.0,0.0,0.7201173554555111,0.7958783703527735,0.0,0.0,0.33333333333333326,0.0,0.0,0.0,0.0,0.0,0.5454545454545454,0.0,0.0,0.0,0.0,0.0,0.0,0.0,0.0,0.32855040470934516,0.0,0.7992565055762082,0.0,0.02263374485596703,0.6596326690113326,0.0,0.6,0.5798319327731092,0.5944533762057878,1.0,0.33333333333333337,0.4083688844513026,0.5467144563918758,0.0,0.4737704918032788,0.11192468619246887,0.0,0.0,0.7610806247361757,0.21016066000868439,0.75,0.923469387755102,0.1428571428571428,0.331384015594542,0.0,1.0,0.4,0.0,0.1578947368421052,0.5714285714285714,0.33779848573092597,0.32979200957653765,0.6,0.6969157769869514,0.5,0.0,0.41176470588235303,0.0,1.0,0.2857142857142857,0.0,1.0,0.23161764705882348,0.0,0.0,0.0,0.14362017804154303,0.5851985559566786,0.0,0.5678612716763005,0.0,0.0,0.0,0.10620012277470836,0.0,0.42800199302441466,0.0586419753086419,1.0,0.288840262582057,0.20916666666666672,1.0,0.5497512437810945,0.0,0.027131782945736482,0.5714285714285714,0.0,0.24418604651162779,0.788108108108108,0.0,0.0,1.0,0.0,0.04236200256739431,0.0,1.0,0.0,0.06408345752608058,0.03968627450980389,0.0,0.0,0.0,0.0,0.0,0.33333333333333337,0.0,0.0,0.9022082018927444,0.6142857142857143,0.5,0.0,0.5,0.5,0.19102580728828933,0.26923076923076916,0.0,0.40035531403490443,0.0,0.35775862068965525,0.0,0.0,0.0,0.5889136904761905,0.5858067997841339,0.9801488833746899,0.19999999999999996,0.0,0.0,0.5,0.29268292682926833,0.0,0.0,0.27323272438443214,0.0,0.0,0.0,0.0,0.9166666666666666,0.0,0.8947368421052632,0.0842445213379468,0.2068965517241378,0.4664182144020854,0.6666666666666667,0.0,0.0,0.0,0.0,0.0,0.0,0.1428571428571428,0.0,0.0,0.6721336045391286,0.661391413350047,0.47868872624392644,0.0,0.0,0.0,0.0,0.0,0.0,0.704954470495447,0.9433962264150944,0.9594594594594594,0.0,0.0,0.0,0.0,0.23307961324830306,0.0,0.0,0.0,0.0,m2
0.0,0.0,0.0,0.0,0.0,0.0,0.0,0.7777389684480149,0.0,0.6667877812670318,0.0,0.0,0.0,0.0,0.0,0.900236840833293,0.0,0.0,0.0,0.0,0.0,0.4813404417364813,0.33333333333333326,0.0,0.0,0.0,0.0,0.0,0.2857142857142857,0.0,0.0,0.8854916774878999,0.0,0.0,0.0,0.0,0.45081640780565513,0.0,0.20000000000000007,0.0,0.5120967741935483,0.5769230769230769,0.2591496426766766,0.7272727272727273,1.0,0.0,0.4041435826408124,0.0,0.0,0.28205128205128194,0.7670398844228884,0.0,0.5217391304347827,0.8159987241120048,0.0,0.7029702970297029,0.4250625661136769,0.48725113517289553,0.8608470181503889,0.049011177987962284,0.22016222479721914,0.0,0.5596465390279823,0.0,0.0,0.5,0.5344109033566119,0.5555555555555556,0.0,0.28786791098348885,0.5714285714285714,0.27444652908067546,0.7179487179487178,0.5714285714285714,0.11782518926359264,0.0,0.36186650185414093,0.19354838709677413,0.0,0.5714285714285714,0.43746245344226853,0.0,0.0,0.0,0.3675425322144267,0.10517746662324967,0.0,0.12924049799090975,0.66,0.5134722928317236,0.6666666666666667,0.4595687331536389,1.0,0.2941176470588235,0.9106145251396648,0.5,0.2932511491851233,0.15667424965142718,0.0,0.0,0.125,0.5439098632501932,0.012653516933383013,0.5,0.041109605983862485,0.3197713070070469,0.75,0.0,0.19999999999999996,0.0,0.5136018680677173,0.7777777777777778,0.011516626115166018,0.33333333333333326,0.8323000304909036,0.5803631472763955,0.16945516945516959,0.0,0.6666666666666667,0.0,0.5,0.0,0.6666666666666667,0.0,1.0,0.0,0.6000000000000001,0.75,0.8571428571428571,0.0,0.0,0.0,0.3978819969742815,0.0,0.41666666666666663,0.8344988344988346,0.8333333333333334,0.030775716694772304,0.0,0.5497395187298437,0.4653008130081302,0.0,0.19161977491961413,0.36363636363636365,0.7777777777777778,0.5,0.0,0.0,0.5666666666666667,0.9308617234468938,0.0,0.0,0.0,0.0,0.0,0.0,0.0,0.8756632359521831,0.0,0.4916017058126948,0.0,0.0,0.24591782545657292,0.0,0.0,0.0,0.0,0.206896551724138,0.16666666666666663,0.0,0.008702975856260453,0.633449904459747,0.0,0.0,0.0,0.0,0.0,0.0,0.7681627132572612,0.0,0.0,0.0,0.0,0.9071564564900885,0.0,0.0,0.0,0.07649968136881702,0.6666666666666667,0.0,0.40633173987552973,0.0,0.0,0.0,0.0,0.0,0.0,0.0,0.5212121212121212,0.0,0.7326787512588117,0.0,0.0,0.0,0.0,0.0,0.8480260636259103,0.0,0.0,0.0,0.0,0.0,0.7142857142857143,0.0,0.0,0.4098360655737705,0.0,0.0,0.21212121212121204,0.0,0.0,0.0,0.603063178047224,0.0,0.0,0.0,0.0,0.5087719298245614,0.1396103896103894,0.8597692862292718,0.19435736677115978,0.46153846153846145,0.6560415122312824,0.6359832635983262,0.9274193548387096,0.3999999999999999,0.0,0.8879615579160344,0.23076923076923073,1.0,0.1896032144650931,0.9261828530771967,0.0,0.8951048951048951,0.8593397580479804,0.0,0.5318202047174009,0.31263048016701445,0.43889479277364507,0.6000000000000001,0.12959719789842372,0.6621052631578948,0.0,0.8552036199095023,0.5,1.0,1.0,0.827023426224048,0.75,0.11111111111111116,0.049281314168377555,1.0,0.8259013282732448,0.7,0.0,0.0,0.0,0.46727605118829985,0.5,0.0,0.8571428571428571,0.3552812071330591,0.08242612752721623,0.0,0.0,0.6951562731447193,0.0,1.0,0.3579498484430972,0.5,1.0,1.0,0.0,0.5,0.32366735300846494,0.3571428571428571,0.0,0.0,0.11135857461024479,0.0,0.0,0.45833333333333337,0.5651644336175395,0.4545454545454546,1.0,0.11917836078909905,0.5189255189255191,1.0,0.0,0.5,0.0,0.7643135075041689,1.0,0.22593320235756376,0.33333333333333337,0.9579579579579579,0.0,0.6119818878439568,1.0,1.0,0.0,1.0,0.0,1.0,0.44999999999999996,0.8823529411764706,0.41839762611275955,1.0,1.0,1.0,1.0,0.3400823610157858,0.6666666666666667,0.7857142857142857,0.12535816618911177,0.5555555555555556,0.8367777309152257,0.8823529411764706,0.6989247311827957,0.2803889789303079,0.21194029850746254,0.5771122038444345,0.0,0.6476810414971522,0.6363636363636364,0.8571428571428572,1.0,0.0,0.0,0.0,0.9318181818181818,1.0,0.0,0.0,0.0,0.0,0.0,0.0,0.9811320754716981,1.0,0.6669030126570821,0.0,0.0,0.2893186608160867,0.0,0.0,0.0,0.9084556254367575,0.375,0.1724137931034483,0.0,0.5268940828198685,0.823946225339125,0.0,0.0,0.0,0.0,0.0,0.0,0.7370537628762219,0.0,0.0,0.0,0.0,0.9850199733688415,0.0,0.0,0.0,0.9071688602632316,1.0,0.0,0.3265781504775217,1.0,0.0,0.0,0.0,0.0,0.0,0.0,0.6969596827495044,0.0,0.6089026116042712,0.0,0.0,0.0,0.0,0.0,0.8833955223880596,0.0,0.0,0.0,0.0,0.0,0.0,0.0,0.0,0.0,0.3608849690939243,0.0,0.0,0.0,0.0,0.0,0.9186672185430463,0.0,0.0,0.0,0.0,0.5,0.0,0.30000000000000004,0.0,0.36482449589245725,0.7280701754385965,0.0,0.7692307692307692,0.6363636363636364,0.0,0.0,0.0,0.0,0.4083688844513026,0.7682198327359617,0.0,0.46869521662910096,0.6132292959744636,0.25,0.41092327698309505,0.7854104636324968,0.6066246920339446,0.75,0.0,0.1428571428571428,0.0,0.17460846384538486,0.0,0.0,0.0,0.26483762597984317,0.5714285714285714,0.0,0.7346938775510204,0.3999999999999999,0.1121047588629831,0.5,0.0,0.41176470588235303,0.0,0.8888888888888888,0.0,0.0,1.0,0.0,0.0,0.0,0.0,0.0,0.4399441340782123,0.0,0.03588681849551412,0.0,0.8395490026019081,0.5,0.10620012277470836,0.0,0.0,0.45656779661016955,0.33333333333333337,0.5691756272401434,0.4331715924128805,0.23529411764705876,0.0,0.0,0.0,0.5064935064935064,0.0,0.8333333333333334,0.17412935323383105,0.0,0.0,0.0,0.0,0.35584958217270213,0.0,0.19999999999999996,0.4285714285714285,0.7571428571428571,0.0754062154914027,0.0,0.0,0.0,0.0,0.0,0.0,0.0,0.0,0.0,0.0,0.0,0.6666666666666666,0.0,0.0,0.0,0.0,0.5563349408154319,0.0,0.0,0.6156606851549755,0.0,0.0,0.0,0.7149921915668922,0.0,0.6965473550839405,0.19999999999999996,0.0,0.5,0.0,0.0,0.0,0.6714285714285714,0.8942857142857142,0.0,0.0,0.0,0.0,0.0,0.0,0.042680776014109245,0.0,0.22413793103448265,0.2358726824736438,1.0,0.0,0.13672788956481075,0.0,0.0,0.0,0.8768974145120935,0.7,0.5,0.0,0.5350046045226646,0.5189576547231272,0.0,0.0,0.0,0.0,0.0,0.0,0.6160543973429681,0.0,0.0,0.0,0.0,0.9118621603711067,0.0,0.0,0.28870506535947704,0.0,0.0,0.0,0.6442121430945749,m2
0.0,0.0,0.0,0.0,0.0,0.75,0.0,0.0,0.0,0.0,0.0,0.0,0.0,0.0,0.0,0.9161871403552664,0.0,0.653483606557377,0.0,0.0,0.0,0.0,0.25,0.4833273574757979,0.10595286885245891,0.0,0.0,0.0,0.0,0.0,0.7960224906289046,0.0,0.0,0.0,0.0,0.7943052850715198,0.6976744186046512,0.35978314440611137,0.7306046776953794,0.3170571202948145,0.8757628596338274,0.8461538461538461,0.3641088572872303,0.38636363636363635,0.0,0.4679338842975207,0.35967057006820224,0.0,0.33333333333333337,0.6178245980614081,0.41119797836215755,0.0,0.0,0.0,0.0,0.43849579416130624,0.5776831345826234,0.44522292993630574,0.45299145299145305,0.9234303215926494,0.3537794299876085,0.0,0.0,0.1428571428571429,0.0,0.0,0.1252956383037237,0.5555555555555556,0.0,0.254093623579272,0.0,0.7387163561076604,0.558974358974359,0.5714285714285714,0.0,0.0,0.0,0.0,0.0,0.8571428571428572,0.0,0.3023324475937408,0.0,0.0,0.7603680113234254,0.881133123495649,0.0,0.8713429924770131,0.0,0.0,0.33333333333333337,0.0,1.0,0.2941176470588235,0.5416666666666666,0.0,0.0,0.1032129514321295,0.8421052631578947,0.14998243765367025,0.0,0.0,0.8333333333333333,0.33333333333333337,0.5832263908809541,0.5873989406189015,0.75,0.0,0.0,0.0,0.5574890573289206,0.0,0.0,0.4444444444444444,0.5329730811568097,0.20467258966765378,0.0,0.875,0.6666666666666667,0.0,0.0,0.625,0.0,0.75,1.0,0.2095588235294117,0.558974358974359,0.75,0.0,0.0,0.0,0.6119907114207304,0.39144736842105254,0.9039463025112834,0.41666666666666663,0.5560411810411812,0.0,0.4005626223091976,0.5304015552725079,0.0,0.6628943089430895,0.3662494496509213,0.19071543408360148,0.36363636363636365,0.7777777777777778,1.0,0.0,0.0,0.21687763713080166,0.0,0.0,0.0,0.0,0.0,0.0,0.0,0.9667157740589465,0.0,0.4966364596653138,0.7080447838659449,1.0,0.8484107579462103,0.0,0.15999999999999992,0.0,0.0,0.5211798624972276,0.0,0.07692307692307698,0.0,0.3974670908977478,0.5871939583417922,0.6558270620533062,0.0,0.0,0.0,0.0,0.0,0.7613260724538824,0.0,0.0,0.0,0.0,0.0,0.0,0.0,0.0,0.24245447558235778,0.6666666666666667,0.0,0.5728035143769967,0.0,0.0,0.0,0.0,0.0,0.0,0.0,0.0,0.0,0.0,0.0,0.0,0.0,0.0,0.0,0.9240719910011248,0.0,0.8427225130890053,0.0,0.0,0.0,0.0,0.0,0.7919441801458929,0.8681318681318682,0.0,0.0,0.21212121212121204,0.25,0.0,0.6866913123844731,0.0,0.0,0.0,0.0,0.8786242466553635,0.5087719298245614,0.8269230769230769,0.8548915587455141,0.0,0.8821966341895483,0.9184581171237954,0.02545968882602545,0.13406292749658,0.0,0.9101196249595862,0.42844483828090385,0.0,0.0,0.6980891719745224,0.6149272275470359,0.0,0.6293706293706294,0.0,0.0,0.8432470258922323,0.9075144508670521,0.975103734439834,0.6233766233766234,1.0,0.7129485179407177,0.0,0.0,1.0,1.0,0.0,0.0,0.75,0.0,0.2387096774193549,0.0,0.9867172675521821,1.0,0.6666666666666667,0.8692962103634958,0.0,0.0,0.0,0.48677884615384603,1.0,0.7020968908170644,0.29953198127925107,0.0,0.0,0.9316297173802673,0.8095238095238095,1.0,0.9310445155659005,0.0,0.0,1.0,0.7096774193548387,1.0,0.32366735300846494,0.6325602546612097,0.0,0.5969811320754717,0.4657534246575342,0.2799352750809063,0.5,0.0,0.0,0.0,0.0,0.980272523896685,0.45590994371482185,1.0,0.0,0.0,0.0,0.762585969738652,1.0,0.3161512027491409,0.6666666666666667,0.8842478842478843,0.2456207159177457,0.0,1.0,1.0,0.0,0.0,0.8,0.0,0.44999999999999996,0.5882352941176471,0.7749752720079128,1.0,0.0,0.0,0.5,0.5219315895372234,1.0,0.7857142857142857,0.9811704834605598,0.5555555555555556,0.38547904191616755,0.0,0.0,0.0,0.0,0.0,0.8216080402010051,0.905638665132336,0.6363636363636364,0.8571428571428572,1.0,0.44999999999999996,0.0,0.5833333333333333,0.0,1.0,0.0,0.0,0.0,0.0,0.0,0.956880316903695,0.0,0.7200704225352113,0.8912166814202813,1.0,0.9576271186440678,0.0,0.13636363636363646,0.0,0.0,0.0,0.0,0.10526315789473684,0.0,0.0,0.9922911918487733,0.7416214192098858,0.0,0.0,0.0,0.0,0.0,0.7401648066120611,0.0,0.0,0.0,0.0,0.0,0.0,0.0,0.0,0.9569373153774443,1.0,0.0,0.4250125502008032,1.0,0.0,0.0,0.0,0.0,0.0,0.0,0.0,0.0,0.0,0.0,0.0,0.0,0.0,0.0,0.894316163410302,0.0,0.9684321290775166,0.0,0.0,0.0,0.0,0.33333333333333326,0.8010245349150714,0.0,0.35620102471368287,0.0,0.0,0.0,0.0,0.8686716791979949,0.0,0.0,0.0,0.0,0.6071787148594376,1.0,0.9508196721311476,0.0,0.25278810408921926,0.8010610079575596,0.6414950419527079,0.5292961069602831,0.3076923076923076,0.0,0.33193277310924374,0.21616871704745155,0.0,0.6666666666666667,0.683116025746823,0.4307692307692309,0.0,0.0,0.0,0.0,0.3653846153846153,0.852803738317757,0.21016066000868439,1.0,0.923469387755102,0.1428571428571428,0.0,0.0,0.4444444444444444,0.0,0.0,0.12765957446808518,0.5714285714285714,0.0,0.11280898876404499,0.0,0.562870699881376,0.0,0.0,0.23529411764705876,0.0,0.0,0.5,0.0,0.5,0.0,0.0,0.0,0.0,0.5738498789346246,0.5513964313421256,0.0,0.7049368541905856,0.0,0.0,0.0,0.3627992633517495,0.15789473684210542,0.0,0.02164502164502169,0.33333333333333337,0.0,0.0,0.0,0.0,0.0,0.29003021148036257,0.5714285714285714,0.25,1.0,0.7611940298507464,0.0,0.0,0.6666666666666667,0.0,0.3563458856345887,0.0,0.0,0.4285714285714285,0.0,0.28537854624811143,0.0,0.0,0.0,0.0,0.0,0.33333333333333337,0.0,0.0,0.061514195583596276,0.026369168356997985,0.0,0.6666666666666666,0.0,0.5,0.03428458184700767,0.3846153846153846,0.5375527426160338,0.82572948573271,0.0,0.0,0.0,0.3829787234042553,0.33410942956926637,0.0,0.6190163934426229,0.0,0.20000000000000007,0.0,0.5,0.0,0.0,0.0,0.3784090909090909,0.0,0.0,0.0,0.0,0.0,0.0,0.0,0.7048022598870056,0.7867750308497511,1.0,0.9635824116536282,0.33333333333333337,0.5,0.0,0.33333333333333326,0.0,0.0,0.0,0.0,0.0,0.0,0.0,0.8069339314082796,0.4835767257001019,0.0,0.0,0.0,0.0,0.0,0.9366544644278211,0.0,0.0,0.0,0.0,0.0,0.0,0.0,0.15836926695413567,0.0,0.0,0.0,0.588749807926433,m2
0.0,0.0,0.0,0.0,0.0,0.0,0.0,0.0,0.6689497716894977,0.0,0.0,0.0,0.0,0.8257099501409062,0.0,0.0,0.0,0.0,0.7374188971490223,0.0,0.0,0.4813404417364813,0.33333333333333326,0.0,0.006175156968088569,0.0,0.0,0.029322268326417822,0.0,0.0,0.0,0.628045491324283,0.0,0.0,0.0,0.0,0.0,0.2673388991289891,0.0,0.9177427068388331,0.5836604157581045,0.3846153846153846,0.7984420642648491,0.43038850912866666,0.4269311064718164,0.0,0.6808943885342836,1.0,0.0,0.6220912998369645,0.3786182343532325,0.0,0.0,0.0,0.0,0.0,0.6970369196640787,0.6753459577567371,0.3115916341722793,0.8227091633466136,0.0,0.0,0.4067796610169492,1.0,0.0,0.0,0.641933887024916,0.0,0.0,0.08948545861297519,0.0,0.0,0.558974358974359,0.0,0.5070422535211269,0.0,0.0,0.19354838709677413,0.4,0.5714285714285714,0.08763532763532766,0.7988857938718663,0.6428571428571428,0.18181818181818188,0.6287686160552126,0.04215364412344069,0.0,0.49820598548479167,0.75,0.8230808337569904,0.6666666666666667,0.7222612359550562,0.0,0.2941176470588235,0.8796992481203008,0.0,0.0,0.6060475857994522,0.3290322580645161,0.0,0.125,0.6080265182905175,0.2084115659031167,0.33333333333333337,0.0,0.6332824944924589,0.75,0.0,0.19999999999999996,0.6666666666666667,0.708128078817734,0.7777777777777778,0.32052863436123347,0.0,0.0,0.9098856758574311,0.0,0.0,0.6666666666666667,0.3597628240485383,0.0,0.5,0.6666666666666667,1.0,1.0,0.0,0.558974358974359,0.0,0.9285714285714286,0.0,0.913341606211022,0.9500759713479487,0.0,0.44643104643104636,0.0,0.9038469141659747,0.0,0.5490029182879377,0.0,0.13923171860536887,0.42158507181046234,0.3053386419128483,0.0,0.4444444444444444,0.11111111111111116,0.5,0.0,0.0,0.716148023549201,0.437191760951552,0.0,0.0,0.0,0.0,0.0,0.7731079283086797,0.0,0.6206788772894918,0.0,0.0,1.0,0.0,0.6687094180670984,0.16000000000000003,0.0,0.0,0.5095785440613028,0.0,0.07692307692307698,0.8,0.9144399791391846,0.4489670939821997,0.8922584898991273,0.0,0.0,0.0,0.0,0.0,0.7613260724538824,0.0,0.0,0.0,0.0,0.0,0.0,0.0,0.0,0.021060264836404996,0.0,0.925359602711736,0.5535623883036798,0.0,0.0,0.0,0.0,0.0,0.0,0.0,0.0,0.5945945945945946,0.0,0.0,0.0,0.0,0.7435897435897436,0.0,0.0,0.0,0.0,0.889615642406453,0.0,0.0,0.7142857142857143,0.0,0.0,0.0,0.0,0.0,0.21212121212121204,1.0,0.0,0.0,0.5892983341746593,0.0,0.0,0.0,0.0,0.0,0.1399999999999999,0.0,0.8628318584070797,0.717948717948718,0.7174203113417346,1.0,0.01013024602026047,0.3999999999999999,0.0,0.8125689084895259,1.0,1.0,0.6544450025113009,0.6335861321776814,1.0,0.0,0.0,0.0,0.0,0.8700417536534446,0.2730573710965867,0.0,0.8161120840630472,0.7102085620197585,0.0,0.0,1.0,1.0,0.0,0.827023426224048,0.5,0.0,0.5470737913486006,0.0,0.14632983794089605,1.0,0.0,0.5917735515258734,0.0,0.0,0.41509433962264153,0.48677884615384603,0.8571428571428571,0.0,0.8497925311203319,0.75,0.0,0.8333333333333334,0.0,1.0,0.5643280834526487,1.0,0.84,1.0,0.7096774193548387,0.0,0.853390875462392,0.9047619047619048,0.0625,0.5824,0.7043630017452007,0.2799352750809063,0.0,0.46475770925110127,0.5634618314795063,0.2727272727272728,0.0,0.5564368517388651,0.9201710620099787,1.0,0.0,0.0,1.0,0.7834912043301759,1.0,0.0,0.33333333333333337,0.6927536231884058,0.5087585681645088,0.0,1.0,1.0,0.3343151693667157,0.0,0.8,1.0,0.9,0.8235294117647058,0.4229166666666667,1.0,0.5,1.0,0.5,1.0,1.0,0.2857142857142857,0.8305343511450382,0.0,0.7103293413173652,0.0,0.7945922372437855,0.3720430107526882,0.7627118644067796,0.7532972667161699,0.0,0.6337056504599212,0.6363636363636364,0.0,1.0,0.44999999999999996,0.0,1.0,1.0,1.0,0.0,0.0,0.0,0.0,0.6594922737306844,0.0,0.8578813127019215,1.0,0.0,1.0,0.0,0.8208086630631959,0.13636363636363646,0.0,0.0,0.0,0.0,0.10526315789473684,0.6666666666666666,0.9608709561322829,0.5469833308747603,0.9554241669117306,0.0,0.0,0.0,0.0,0.0,0.7452801849952106,0.0,0.0,0.0,0.0,0.9728464419475655,0.0,0.0,0.0,0.9260683450627585,0.0,0.9387283830245805,0.4263085399449037,1.0,0.0,0.0,0.0,0.0,0.0,0.0,0.0,0.6606181954699035,0.0,0.0,0.0,0.0,0.6060606060606061,0.0,0.0,0.0,0.0,0.9025110230924445,0.0,0.0,0.0,0.0,0.0,0.25374732334047123,0.4035002430724357,0.0,0.0,0.5454545454545454,0.0,0.0,0.9097465034965034,0.0,0.0,0.0,0.0,0.0,0.0,0.0,0.79182156133829,0.49416854778028585,0.6626506024096386,0.640110978993262,0.7692307692307692,0.6,0.0,0.0,0.6666666666666667,0.0,0.6179987413467589,0.41194743130226996,0.0,0.5123007282031098,0.0,0.0,0.0,0.4064860062194582,0.8382142857142857,0.6000000000000001,0.7806122448979592,0.1428571428571428,0.0,0.43801652892561993,0.4444444444444444,0.0,0.0,0.7832140015910899,0.0,0.0,0.30157170923379184,0.0,0.0,0.0,0.33333333333333337,0.0,0.0,0.0,0.0,0.0,0.0,0.0,0.0,0.0,0.5,0.4849785407725322,0.20836065573770501,0.0,0.0,0.6,0.9865668354987888,0.5,0.5895691609977325,0.0,0.6523605150214592,0.03750000000000009,1.0,0.07712532865907107,0.2046757829730923,1.0,0.0,0.0,0.0,0.045112781954887105,0.25,0.7719298245614036,0.10729023383768921,0.0,0.0,0.5,0.0,0.11522633744855959,0.0,0.5221238938053097,0.0,0.444047619047619,0.25774820521800024,0.0,0.0,0.0,0.47850467289719634,0.0,0.0,0.0,0.0,0.16561514195583604,0.0,0.0,0.0,0.5,0.5,0.6837296230920984,1.0,0.0,0.3430151002557965,0.44444444444444453,0.5421432871763997,0.0,0.0,0.0,0.0,0.19539869608826466,0.6784737757892121,0.9117647058823529,0.0,0.5,0.0,0.0,0.0,0.6931818181818181,0.23024523160762944,0.0,0.0,0.0,0.0,0.0,0.9769372693726938,0.045038705137227186,0.0,0.22413793103448265,0.0,0.0,0.0,0.49268061894689985,0.33333333333333326,0.0,0.0,0.0,0.0,0.0,0.8571428571428571,0.856571907432476,0.1346457824400059,0.8059454743061828,0.0,0.0,0.0,0.0,0.0,0.613202953366702,0.0,0.0,0.0,0.0,0.9160493827160494,0.0,0.0,0.21505791505791483,0.0,0.0,1.0,0.5951423036805246,m2
0.0,0.0,0.0,0.0,0.0,0.0,0.0,0.6186061381074168,0.0,0.7773575390821986,0.6551724137931034,0.0,0.0,0.0,0.0,0.0,0.0,0.5816406131277418,0.0,0.0,0.0,0.0,0.0,0.0,0.0,0.20650321587598275,0.0,0.029322268326417822,0.2857142857142857,0.0,0.0,0.8854916774878999,0.8489945636289239,0.0,0.0,0.8884663584114775,0.0,0.3051528331521083,0.0,0.0,0.0,0.1794871794871794,0.2591496426766766,0.0,0.6528783178214408,0.6858141858141857,0.45064939313638896,0.0,0.33333333333333337,0.30565815983881794,0.2958228967143066,0.0,0.3112033195020746,0.4592525889239082,0.0,0.0,0.5504472879628581,0.0,0.11418803418803403,0.9214795587280986,0.6343101343101343,0.0,0.8306332842415316,0.1428571428571429,0.0,0.5,0.8540211759405272,0.33333333333333337,0.7855992975267087,0.0,0.5714285714285714,0.0,0.38636363636363635,0.5714285714285714,0.5714285714285714,0.0,0.0,0.19354838709677413,0.0,0.5714285714285714,0.0866944455681865,0.7852794687327062,0.6428571428571428,0.0,0.38223393243624737,0.7953789893617021,0.0,0.4940492413918416,0.5714285714285714,0.0,0.0,0.6304347826086957,0.0,0.17391304347826086,0.0,1.0,0.6437054631828978,0.0,0.0,0.3915156871409632,0.125,0.24272630764524905,0.5124674358020097,0.0,0.06867951982539078,0.0,0.75,0.0,0.19999999999999996,0.6666666666666667,0.8062956485958235,0.0,0.0,0.0,0.5290799056313469,0.9481534090909091,0.6209987195902689,0.0,0.6666666666666667,0.0,0.0,0.875,0.0,0.29999999999999993,0.2727272727272726,0.03857487275649607,0.38636363636363635,1.0,0.0,0.0,0.6461363308371951,0.7044042913608132,0.5286654135338346,0.19559384996388396,0.4722222222222222,0.9082769296142289,0.8333333333333334,0.0,0.5103864578634185,0.38820988304709725,0.7709051180771493,0.9591596468080787,0.0,0.4444444444444444,0.0,0.0,0.0,0.5303030303030304,0.22345890410958913,0.0,0.0,0.0,0.0,0.0,0.0,0.0,0.40115541778216135,1.0,0.0778310187065161,0.0,1.0,0.0,0.0,1.0,0.0,1.0,0.5266575887713418,0.0,0.0,0.8,0.0,0.5617693306898202,0.3355389548585136,0.0,0.0,0.0,0.0,0.0,0.7658833087700647,0.0,0.0,0.0,0.0,0.0,0.7483870967741936,0.0,0.3471860604846786,0.023049476310812445,0.0,0.4937349738367982,0.6686778812734603,0.0,0.0,0.0,0.0,0.0,0.8191340782122905,0.0,0.5212121212121212,0.0,0.9510734929810074,0.652542372881356,0.0,0.0,0.0,0.0,0.0,0.0,0.8177339901477833,0.0,0.0,0.0,0.0,0.0,0.0,0.4098360655737705,0.5244502575002046,0.0,0.21212121212121204,0.25,0.33333333333333326,0.0,0.5913611250627826,0.8655913978494624,0.0,0.0,0.8811251621733366,0.0,0.12613458528951482,0.0,0.0,0.0,0.3589325426241661,0.6824953445065176,0.0,0.7333333333333334,0.8926093514328809,0.28954378954378956,0.0,1.0,0.02602230483271395,0.634536416684677,0.0,0.19999999999999996,0.46954666666666667,0.0,0.0,0.7088673816374575,0.0,0.0,1.0,0.9113428943937418,0.0,0.9364659166115156,1.0,1.0,1.0,0.97350450696531,0.2500000000000001,1.0,0.0,0.5,0.14108674928503329,0.6437499999999999,0.6666666666666667,0.0,0.0,0.0,0.0,0.0,0.8571428571428571,0.2776477693062581,0.8042584434654919,0.75,0.0,0.7507192418344897,0.6666666666666666,1.0,0.5750071983875612,0.5,0.0,0.0,0.6129032258064515,0.5,0.32063223257126716,0.07142857142857151,0.8125,0.12891986062717775,0.10620756547041732,0.5454545454545454,0.49425287356321845,0.46475770925110127,0.3317904993909867,0.6363636363636365,0.75,0.5564368517388651,0.0,1.0,0.0,0.5,1.0,0.872359686179843,0.0,0.2869888475836433,0.33333333333333337,0.8842478842478843,0.7965779467680608,0.8980500211954218,1.0,1.0,0.0,0.0,1.0,0.0,0.44999999999999996,0.5882352941176471,0.03864168618266972,0.6437499999999999,0.5,0.0,1.0,0.8897968898762297,0.0,0.0,0.8327904451682953,0.37037037037037035,1.0,0.8823529411764706,0.0,0.9362007168458781,0.7627118644067796,0.7086458744571653,1.0,0.0,0.6363636363636364,0.0,0.0,0.44999999999999996,0.25,0.10810810810810811,0.0,1.0,0.0,0.0,0.0,0.0,0.0,0.37038689172289085,1.0,0.7601238685088137,0.0,1.0,0.0,0.0,0.8181818181818182,0.0,0.9948829037815341,0.0,0.0,0.0,0.6666666666666666,0.0,0.5609304591401778,0.5657586937750215,0.0,0.0,0.0,0.0,0.0,0.7353332808068075,0.0,0.0,0.0,0.0,0.0,0.5,0.0,0.7686994196027139,0.6115776881620975,0.0,0.4678430362356175,0.7503864690370101,1.0,0.0,0.0,0.0,0.0,0.7142857142857143,0.0,0.30114551637730447,0.0,0.6101564503718901,0.7614804660726525,0.0,0.0,0.0,0.0,0.0,0.0,0.9676155654217812,0.0,0.0,0.0,0.0,0.0,0.0,0.0,0.0,0.0,0.0,0.0,0.0,0.0,0.6628926805932068,0.5023326753992463,0.0,0.0,0.6028261418117588,0.0,0.5846613545816735,0.0,0.4185673556664291,0.0,0.40160642570281124,0.0,0.15384615384615385,0.29999999999999993,0.7569039284325165,0.0,0.0,0.33333333333333337,0.42421320241956684,0.3657322221019591,0.0,0.0,0.13476123010250862,0.0,0.0,0.28072870939420547,0.0,0.4736842105263157,0.923469387755102,0.0,0.0,0.6863925108659311,0.07563025210084018,0.0,0.0,1.0,0.5714285714285714,0.5357771260997066,0.0,0.6,0.0,0.5,0.0,0.0,0.0,0.0,0.0,0.0,0.0,0.1916844349680169,0.0,0.0,0.0,0.0,0.5553145336225596,0.0,0.051761322789359965,0.375,0.0,0.5,0.4441707717569786,0.0,0.0,0.02164502164502169,1.0,0.0,0.4880319148936171,0.0,0.0,0.0,0.0,0.7142857142857142,0.25,0.6046511627906976,0.03183023872679047,0.0,0.0,0.0,0.0,0.5955435516542877,0.5,0.0,0.0,0.0,0.3613913043478262,0.24,0.0,0.0,0.0,0.0,0.6666666666666667,0.0,0.0,0.061514195583596276,0.3222222222222221,0.5,0.0,0.0,0.0,0.18113642918950112,0.6923076923076923,0.650632911392405,0.0,0.7777777777777778,0.4412650602409639,0.0,0.5733194009056078,0.36798564736369976,0.0,0.3066298342541436,0.8819918144611187,0.0,0.0,0.0,0.5,0.0,0.625,0.3784090909090909,0.0,0.0,1.0,0.0,0.0,0.0,0.0,0.0,0.9369250985545335,0.22413793103448265,0.0,0.6666666666666667,1.0,0.0,0.33333333333333326,0.0,0.9890397799222741,0.0,0.0,0.0,0.8571428571428571,0.0,0.6563872535277078,0.22707822564680447,0.0,0.0,0.0,0.0,0.0,0.9329288843950118,0.0,0.0,0.0,0.0,0.0,0.5555555555555556,0.0,0.0,0.2641665104069002,0.0,0.7717007220771239,0.5922853842561873,m2
0.0,0.7057535565668955,0.0,0.0,0.0,0.0,0.0,0.7228106676754302,0.8541070082893745,0.0,0.0,0.0,0.0,0.0,0.0,0.0,0.0,0.0,0.6523880426068034,0.0,0.0,0.0,0.25,0.0,0.0,0.12887245841035122,0.0,0.029322268326417822,0.0,0.0,0.0,0.0,0.0,0.0,0.75,0.8259438601800712,0.360116873630387,0.1497555917641834,0.7305227175616009,0.7855660377358491,0.0,0.0,0.0,0.3776066453231809,0.6510741510741511,0.6887165951831079,0.49615562986648454,0.0,0.33333333333333337,0.28205128205128194,0.0,0.0,0.0,0.3602241999892555,0.0,0.450974196945761,0.7008423381264358,0.0,0.45299145299145305,0.0,0.33882783882783885,0.3767371601208459,0.8306332842415316,0.0,0.0,1.0,0.0,0.33333333333333337,0.6916973963571349,0.0,0.1428571428571428,0.18571879272268355,0.38636363636363635,1.0,0.6785714285714286,0.0,0.0,0.0,0.0,0.5714285714285714,0.08745807085003665,0.7852794687327062,0.6428571428571428,1.0,0.052524705563828045,0.0,0.0,0.888401577414956,0.0,0.0,0.33333333333333337,0.7222612359550562,0.0,0.0,0.0,0.0,0.0,0.21208940060954973,0.32612903225806444,0.2573887018331462,0.125,0.0,0.20952735392631183,0.20000000000000007,0.0,0.0,0.75,0.0,1.0,0.0,0.6076535335870795,0.7777777777777778,0.03556975505857274,0.11111111111111105,0.8397929971371945,0.5792163543441227,1.0,0.0,0.6666666666666667,0.06779100529100501,0.0,0.625,0.0,0.75,0.5,0.10378220354467393,0.38636363636363635,0.75,0.0,0.0,0.5004264870931537,0.8412344893413936,0.5286654135338346,0.0,0.41666666666666663,0.0,0.0,0.036030471484455484,0.0,0.0,0.46380487804878057,0.5688427196609109,0.0,0.36363636363636365,0.0,0.6666666666666667,0.1923076923076923,0.0,0.25,0.437191760951552,0.0,0.6666666666666667,0.0,0.0,0.0,0.0,0.0,1.0,0.0,0.0,1.0,0.0,0.0,1.0,0.0,0.0,0.5179863660199264,0.0,0.0,0.0,0.9770278637770898,0.5664648968114008,0.317709223546354,0.0,0.0,0.0,0.0,0.0,0.5465152603792447,0.6831719457961282,0.8192690882463887,0.0,0.0,0.0,0.0,0.0,0.0,0.0,0.0,0.0,0.0,0.0,0.5741935483870968,0.0,0.0,0.0,0.0,0.0,0.5212121212121212,0.5945945945945946,0.0,0.0,0.0,0.0,0.0,0.0,0.0,0.0,0.0,0.8688466150306251,0.0,0.0,0.0,0.0,0.0,0.4098360655737705,0.5447929090317685,0.0,0.21212121212121204,1.0,0.0,0.0,0.0,0.0,0.0,0.8955223880597015,0.8699956775003602,0.5087719298245614,0.0,0.8114086146682189,0.6172566371681417,0.0,0.0,0.0049333991119884235,0.198267244251916,0.7333333333333334,0.9105327368849125,0.8613214039917412,0.0,1.0,0.02602230483271395,0.0,0.0,0.0,0.23934514950615615,0.0,0.43048576214405354,0.8700417536534446,0.0,0.6233766233766234,0.12959719789842372,0.7319453480806766,1.0,0.9388924252068745,0.5,1.0,0.0,0.05695570112135029,0.2500000000000001,0.0,0.0,0.0,0.7902764537654909,0.6437499999999999,0.7777777777777778,0.9796999117387467,0.0,0.0,0.0,0.0,0.8571428571428571,0.0,0.8042584434654919,0.625,0.0,0.43009931245225363,0.1428571428571428,1.0,0.9021923792573416,0.5,0.0,1.0,0.7096774193548387,0.0,0.6669526424159232,0.07142857142857151,0.0,0.5586206896551725,0.4248753857108948,0.2799352750809063,0.0,0.0,0.0,0.2727272727272728,0.08333333333333337,0.5564368517388651,0.2282608695652174,1.0,0.0,0.5,0.0,0.7388804841149774,1.0,0.22569444444444442,0.0,0.8,0.0,0.9794433537359972,1.0,1.0,0.5880115900036219,0.0,0.8,0.0,0.9,0.8823529411764706,0.5515873015873015,0.6437499999999999,1.0,0.0,0.5,0.30650406504065053,1.0,0.0,0.1504664970313826,0.5555555555555556,0.0,0.0,0.6989247311827957,0.3720430107526882,0.0,0.6358562482983936,0.8216080402010051,0.24084621643612703,0.6363636363636364,0.0,1.0,0.0,0.0,0.5833333333333334,1.0,1.0,0.0,0.0,0.0,0.0,0.0,0.0,1.0,1.0,0.0,1.0,0.0,0.0,0.8181818181818182,0.0,0.0,0.0,0.0,0.0,0.0,0.9737845336663398,0.8229827408172297,0.5404202463513095,0.0,0.0,0.0,0.0,0.0,0.5617492056110982,0.3850030235839549,0.8148148148148148,0.0,0.0,0.0,0.0,0.0,0.0,0.4970337307192496,0.0,0.0,0.0,0.0,0.8931977113795295,0.0,0.0,0.0,0.0,0.0,0.7058580858085809,0.8467153284671534,0.0,0.0,0.0,0.0,0.0,0.0,0.0,0.0,0.0,0.7732399844418515,0.0,0.0,0.0,0.33333333333333326,0.0,0.0,0.0,0.0,0.0,0.5454545454545454,0.0,0.0,0.0,0.0,0.0,0.9,0.5841703981604744,1.0,0.0,0.8968609865470852,0.0,0.0,0.0,0.49469214437367304,0.3076923076923076,0.29999999999999993,0.7569039284325165,0.0,0.0,0.33333333333333337,0.4245052631578947,0.0,0.0,0.4390182819934886,0.1424285357113092,0.0,0.26363636363636367,0.4067495559502664,0.0,1.0,0.0,0.1428571428571428,0.6051446945337621,0.6863925108659311,0.0,0.0,0.0,0.0234375,0.5714285714285714,0.445063140101422,0.0,0.19999999999999996,0.1121047588629831,0.5,0.33333333333333337,0.41176470588235303,0.0,0.0,0.2857142857142857,0.0,0.0,0.19253731343283575,0.0,0.0,0.0,0.18411214953271038,0.0,0.0,0.8182941903584672,0.5,0.0,0.0,0.5804597701149425,0.631578947368421,0.1496702181633689,0.0,0.33333333333333337,0.0,0.0,1.0,0.0,0.0,0.31488494028546476,0.5714285714285714,0.75,0.6046511627906976,0.38095238095238093,0.0,0.0,0.8333333333333334,0.0,0.3063885267275097,0.0,0.31264023934180996,0.2857142857142857,0.0,0.06350653296870246,0.72,0.0,0.0,0.062130177514792884,0.0,0.33333333333333337,0.0,0.0,0.0,0.32965517241379316,0.5,0.6666666666666666,0.0,0.5,0.22214580467675382,0.7692307692307693,0.7082717872968981,0.0,0.0,0.40158689531609926,0.0,0.0,0.0,0.0,0.0,0.2526603001364256,0.9016393442622951,0.0,0.0,0.0,0.41463414634146345,0.0,0.0,0.19497907949790794,0.0,0.0,0.0,0.0,0.0,0.0,0.04166666666666663,0.9170784997138844,0.0,0.0,0.33333333333333337,1.0,0.0,0.33333333333333326,0.0,0.0,0.0,1.0,0.0,0.0,0.9555184876285794,0.5189576547231272,0.22004735838612466,0.0,0.0,0.0,0.0,0.0,0.9366544644278211,0.8876821949128323,0.7358490566037736,0.0,0.0,0.0,0.5,0.0,0.25952233889232035,0.032282212033311386,0.0,0.0,0.0,m2
0.0,0.0,0.0,0.0,0.0,0.0,0.0,0.0,0.0,0.0,0.0,0.5988818360129113,0.0,0.0,0.0,0.900236840833293,0.0,0.0,0.0,0.0,0.7474427446365528,0.0,1.0,0.3484476534296027,0.0064415786403991815,0.20330962800875285,0.0,0.0,0.2857142857142857,0.0,0.0,0.884327120779996,0.83596104623866,0.0,0.0,0.0,0.360116873630387,0.6845941468801768,0.8863344281022418,0.3170571202948145,0.608510011778563,0.0,0.05355404089581306,0.0,0.7948717948717948,0.0,0.0,0.0,0.0,0.634278565471226,0.0,0.0,0.7028985507246377,0.4609309128452207,0.0,0.7915281850765722,0.5498738626378299,0.47971176117354375,0.39457937346004934,0.1489795918367347,0.6651480637813212,0.0,0.40353460972017663,0.33333333333333337,0.0,0.5,0.0,0.5555555555555556,0.4378675628198274,0.26234596074851657,0.1428571428571428,0.286840327302755,0.6000000000000001,0.5714285714285714,0.5714285714285714,0.0,0.7966573816155988,0.0,0.0,0.2857142857142857,0.9309797214756902,0.9498094027954257,0.6428571428571428,0.18181818181818188,0.0,0.31217436609934013,0.0,0.0,1.0,0.0,0.0,0.7222612359550562,0.75,0.2941176470588235,0.0,0.5,0.2808390732623669,0.0,0.31282894736842115,0.1320437342304458,0.125,0.4789367015308891,0.5124674358020097,0.33333333333333337,0.04074724172517541,0.6379333603129638,0.75,0.0,0.19999999999999996,0.0,0.0,0.0,0.2422338568935425,0.0,0.0,0.9149293880295898,0.16945516945516959,0.875,0.6666666666666667,0.3174296745725317,0.5,0.5,0.6666666666666667,1.0,1.0,0.19716046075542482,0.7179487179487178,0.0,0.0,0.0,0.0,0.7421265141318978,0.0,0.15026868588177822,0.9166666666666666,0.0,0.8333333333333334,0.4018086276426739,0.0,0.0,0.4653008130081302,0.0,0.1971391155434674,0.36363636363636365,0.0,0.5,0.3076923076923077,0.578268876611418,0.716148023549201,0.4194952132288947,0.0,0.6666666666666667,0.0,0.0,0.0,0.6209029880215875,0.890094406087079,0.5345542820268567,0.2040984875858155,0.36122472701911423,0.0,0.9566322478157268,0.5556013912757698,0.0,0.9680362868300688,0.0,0.0,0.0,0.16666666666666663,0.0,0.0,0.7534054370067231,0.42793781777644846,0.0,0.0,0.0,0.0,0.0,0.7637386997707514,0.0,0.0,0.0,0.0,0.0,0.0,0.0,0.0,0.13684576062588427,0.0,0.0,0.19348951911220702,0.0,0.0,0.0,0.0,0.0,0.0,0.0,0.0,0.0,0.0,0.0,0.7161290322580645,0.0,0.0,0.0,0.8480260636259103,0.0,0.0,0.0,0.0,0.9556650246305418,0.0,0.0,0.7919441801458929,0.0,0.557213197886506,0.0,0.21212121212121204,0.25,0.33333333333333326,0.0,0.6024111837886367,0.8655913978494624,0.0,0.0,0.0,0.5087719298245614,0.7551020408163265,0.8565105127259314,0.0,0.6882196634189548,0.0,0.06017004578155627,0.0,0.3999999999999999,0.0,0.16969428444838275,0.23076923076923073,1.0,0.6151636990235496,0.5663464959089293,0.0,0.5714285714285714,0.2381017693046219,0.0,0.9238985313751669,0.7088673816374575,0.6833156216790648,0.6000000000000001,0.0,0.9297971918876755,0.0,0.27235401459854014,0.5,1.0,1.0,0.05695570112135029,0.75,1.0,0.0,0.0,0.8014423076923076,1.0,0.11111111111111105,0.5716652858326429,0.0,0.6793922867160109,0.0,0.48677884615384603,0.5714285714285714,0.8940677966101696,0.7918994413407822,1.0,0.09999999999999998,0.3764044943820226,0.5238095238095237,1.0,0.0,0.5,0.0,0.0,0.7096774193548387,1.0,0.8574133035022804,0.0,0.6875,0.0,0.7266086415915449,0.2799352750809063,0.0,0.46475770925110127,0.5651644336175395,0.6363636363636365,0.0,0.11917836078909905,0.5,1.0,0.0,0.0,0.0,0.5413929040735872,1.0,0.8333333333333334,0.33333333333333337,0.0,0.7965779467680608,0.6221459227467812,1.0,1.0,0.0,1.0,0.8,1.0,0.9,0.5882352941176471,0.7915742793791575,0.7,0.5,0.0,1.0,0.42937685459940655,1.0,0.2857142857142857,0.0,0.962962962962963,0.0,0.8823529411764706,0.0,0.2803889789303079,0.0,0.5288294976490968,0.09572864321608054,0.905638665132336,0.6363636363636364,0.0,1.0,0.65,0.25,1.0,0.5,1.0,0.0,0.0,0.0,0.0,0.7634338138925295,0.7240816326530612,0.16233766233766234,0.7704302627779382,0.5447853233639097,0.0,0.9576271186440678,0.7323860672681259,0.0,0.9667962506573724,0.0,0.9139710942876806,0.0,0.1724137931034483,0.0,0.8100119961943107,0.8229827408172297,0.5684484803095551,0.0,0.0,0.0,0.0,0.0,0.7372209269464463,0.0,0.0,0.0,0.0,0.0,0.0,0.0,0.0,0.6391994917407877,0.0,0.0,0.09195820081781025,1.0,0.0,0.0,0.0,0.0,0.0,0.0,0.0,0.0,0.0,0.0,0.894047619047619,0.0,0.0,0.0,0.894316163410302,0.0,0.0,0.0,0.0,0.703336339044184,0.27142857142857135,0.33333333333333326,0.5845527667409633,0.25374732334047123,0.0,0.0,0.0,0.0,0.0,0.0,0.9082608695652173,0.5013907581875281,0.0,0.0,0.0,0.5,0.3469026548672567,0.32799999999999996,0.06058446186742672,0.5409304002884963,0.0,0.22178529296106964,0.15384615384615385,1.0,0.0,0.42553191489361697,0.0,0.0,0.6842105263157896,0.0,0.0,0.5021341463414635,0.015269554378311456,0.0,0.5993322203672788,0.1875797532964696,0.2422846614463382,1.0,0.2857142857142856,1.0,0.0,0.43801652892561993,0.7647058823529412,0.0,0.0,0.0,0.5714285714285714,0.5233580246913578,0.31044370661032294,0.19999999999999996,0.1121047588629831,0.0,0.0,1.0,0.0,0.6666666666666666,0.0,0.0,0.0,0.8238276299112801,0.0,0.0,0.5,0.1367799113737077,0.36409836065573764,0.0,0.7586370089919545,1.0,0.0,0.5,0.5853858784893268,0.68,0.6325224071702945,0.0,0.0,0.5691756272401434,0.0,0.0,0.3276157804459692,0.0,0.2450175849941384,0.18796992481203012,0.25,0.4098360655737705,0.0746268656716419,0.0,0.0,0.44444444444444453,0.0,0.0,0.0,0.1628318584070796,0.0,0.7928571428571428,0.23023402909550905,0.5499999999999999,0.0,0.0,0.6149532710280374,0.0,0.0,0.0,0.0,0.061514195583596276,0.19303338171262707,0.5,0.0,0.0,0.0,0.10804597701149443,0.8666666666666667,0.0,0.6355369646267164,0.7777777777777778,0.26208503203261524,0.0,0.3829787234042553,0.0,0.0,0.0,0.0,0.21052631578947356,0.0,0.0,0.0,0.29268292682926833,0.625,0.6931818181818181,0.32242990654205617,0.0,0.0,0.0,0.0,0.0,0.6268082486919052,0.6984463276836158,0.46507392329119346,0.2068965517241378,0.6991465149359886,0.6666666666666667,0.5,0.32995087503837883,0.0,0.9621419092966982,0.0,0.8742733188720173,1.0,0.5,0.0,0.6068044788975021,0.46745222014657284,0.22368863740633138,0.0,0.0,0.0,0.0,0.0,0.9360762436076244,0.0,0.0,0.0,0.0,0.0,0.0,0.0,0.2613719928563927,0.6221535458685752,0.0,0.0,0.8493864155251142,m2
0.5714285714285714,0.706499193362526,0.0,0.0,0.0,0.0,0.0,0.0,0.0,0.0,0.0,0.0,0.0,0.8161413562559694,0.5,0.9163901254552813,0.0,0.0,0.7369192610965091,0.0,0.0,0.0,0.25,0.0,0.0,0.2028341967491708,0.6347901054446581,0.029322268326417822,0.0,0.0,0.0,0.0,0.0,0.0,0.0,0.0,0.0,0.0,0.2314814814814815,0.2813880706921943,0.41811946270362965,0.8461538461538461,0.26416733010060056,0.33749429136854936,0.9822920147009689,0.688921859545005,0.6761990950226244,0.0,0.33333333333333337,0.6178245980614081,0.20171529156211387,0.0,0.4755825087775295,0.3580743668043831,0.0,0.0,0.4251960379694595,0.4461875228018972,0.0,0.0,0.8461771844660193,0.0,0.0,0.0,0.0,1.0,0.16952016219869337,0.5555555555555556,0.0,0.21871261067240955,0.0,0.2968247063940842,0.558974358974359,0.5714285714285714,0.0,0.8333333333333334,0.0,0.0,0.0,0.2857142857142857,0.08859258047363905,0.978021978021978,0.0,1.0,0.4011562849682955,0.014026602176541947,0.0,0.0,0.5714285714285714,0.8603219696969697,0.6666666666666667,0.9578651685393258,1.0,0.2941176470588235,0.0,0.0,0.0,0.20571740713765463,0.36797326040717104,0.3752740026304252,0.125,0.24183583406884368,0.8858569051580699,0.5,0.33001723327588917,0.6495709570957096,0.75,0.0,0.0,0.0,0.0,0.7777777777777778,0.014105058365758372,0.33333333333333326,0.5811495265360054,0.2887181560857258,0.19291506615450282,0.0,0.6666666666666667,0.6245752175714878,0.5,0.625,0.0,0.75,0.5,0.0,0.558974358974359,0.0,0.8571428571428571,0.0,0.6461363308371951,0.0,0.46190476190476193,0.0,0.0,0.902341083403606,0.0,0.10706197241095339,0.0,0.6619436439321166,0.4138114209827357,0.0,0.19071543408360148,0.4444444444444444,0.0,0.8333333333333334,1.0,0.0,0.6013986013986014,0.9308617234468938,0.0,1.0,0.0,0.0,0.9803921568627451,0.6230685311911137,0.4421004356798901,0.9935264976478915,0.0778310187065161,0.5273021001615508,1.0,0.9417226110555634,0.0,0.84,0.9640261857520189,0.0,0.5104602510460253,0.206896551724138,0.16666666666666663,0.8,0.0,0.523485080839504,0.47171115415954623,0.0,0.0,0.0,0.0,0.0,0.586891394229683,0.7830224181495619,0.0,0.0,0.0,0.0,0.0,0.0,0.0,0.0,0.0,0.5469986807387861,0.07192490380414096,0.0,0.5741935483870968,0.0,0.0,0.0,0.7729591836734694,0.0,0.0,0.0,0.0,0.0,0.0,0.0,0.7435897435897436,1.0,0.8480260636259103,0.0,0.0,0.8688466150306251,0.0,0.0,0.0,0.0,0.0,0.4098360655737705,0.3829333635197344,0.6206896551724137,0.21212121212121204,0.25,0.33333333333333326,0.0,0.0,0.0,0.0,0.0,0.0,0.0,0.12944162436548223,0.916154413572658,0.0,0.4472984942426924,0.88860103626943,0.6860084230229293,0.14111922141119215,1.0,0.9237435008665511,0.4286033020972779,0.0,1.0,0.709164498409945,0.0,0.0,0.5771428571428572,0.48032896199155384,0.0,0.0,0.314151190164792,0.40619340818544003,0.0862068965517242,0.0,0.9432624113475178,0.0,0.2029734970911441,0.5,1.0,1.0,0.0,0.75,0.0,0.09019607843137267,0.0,0.8146754468485419,1.0,0.6666666666666667,0.2847682119205297,1.0,0.0,0.0,0.0,0.5714285714285714,0.2013189864630338,1.0,0.0,0.0,0.7345663265306123,0.0,1.0,0.0,0.5,0.6825396825396826,1.0,0.967741935483871,0.5,0.32515831276161855,0.07142857142857151,0.0,0.574750830564784,0.6482678983833718,0.2799352750809063,0.49425287356321845,0.0,0.4033358605003792,0.8181818181818182,1.0,0.0,0.7873671044402752,1.0,0.0,0.0,0.0,0.5468561064087062,1.0,0.22569444444444442,0.33333333333333337,0.5952380952380952,0.0,0.673092556032981,1.0,1.0,0.6036478428621537,1.0,0.8,0.0,0.9,0.8823529411764706,0.4492753623188407,1.0,0.5,1.0,0.5,0.8973303312962367,0.6666666666666667,0.0,0.0,0.0,0.8367777309152257,0.0,0.5671609245529874,0.3658682634730538,1.0,0.7227868610988363,0.0988647635842611,0.6476810414971522,0.6363636363636364,0.0,1.0,0.44999999999999996,0.0,0.0,1.0,1.0,0.8656716417910448,0.0,0.0,0.9888888888888889,0.6675436498445348,0.37038689172289085,0.977994227994228,0.6243938828795226,0.6914930186115795,1.0,0.9576271186440678,0.0,0.9545454545454546,0.9664415534416657,0.0,0.0,0.375,0.1724137931034483,0.6666666666666666,0.0,0.5569255865278511,0.27986332147537896,0.0,0.0,0.0,0.0,0.0,0.6398067241479081,0.673633608527537,0.0,0.0,0.0,0.0,0.0,0.0,0.0,0.0,0.0,0.41385503979714033,0.0,1.0,0.7966804979253113,0.0,0.0,0.0,0.7142857142857143,0.0,0.0,0.0,0.0,0.0,0.0,0.0,0.5417925478348439,0.6666666666666667,0.8833955223880596,0.0,0.0,0.6524114671163574,0.0,0.0,0.0,0.33333333333333326,0.0,0.0,0.0,0.5986233598623361,0.0,0.0,0.0,0.0,0.0,0.0,0.0,0.0,0.0,0.0,0.0,1.0,0.05932932072227015,0.36482449589245725,0.9467871485943775,0.0,0.3076923076923076,0.9,0.7569039284325165,0.0,0.0,0.33333333333333337,0.6377416719615141,0.4736041711927004,0.0,0.47295266716754325,0.14216626365379792,0.0,0.0,0.7861080485115766,0.25948406676783,0.3088942307692307,1.0,1.0,0.0,0.0,0.0,0.0,0.0,0.0,0.5714285714285714,0.0,0.25445544554455435,0.0,0.1121047588629831,0.0,0.0,0.0,0.6666666666666667,0.0,0.2857142857142857,0.0,1.0,0.20871107607410333,0.5,0.0,0.0,0.0,0.20836065573770501,0.0,0.0,0.375,0.4799532892175943,0.5,0.6559934318555007,0.0,0.0,0.0,0.33333333333333337,0.07933740191804695,0.0,1.0,0.03606965174129362,1.0,0.0,0.0,0.0,0.24418604651162779,0.15134370579915135,0.0,0.0,0.0,0.0,0.0,0.0,0.20174482006543093,0.4285714285714285,0.28688524590163933,0.2658412235979606,0.0,0.0,0.0,0.6724795640326976,0.0,0.33333333333333337,0.0,0.0,0.0,0.0,0.0,0.0,0.0,0.5,0.18113642918950112,0.0,0.7065868263473054,0.6111204717775907,0.0,0.418767871068365,0.0,0.38662486938349017,0.0,0.7993119266055045,0.16840600428877772,0.0,0.9,0.0,0.0,0.0,1.0,0.0,0.7777777777777778,0.8942857142857142,0.0,0.6923076923076923,0.0,0.0,0.9166666666666666,0.6268082486919052,0.0,0.8047874535699546,0.22413793103448265,0.017229664142884737,1.0,0.5,0.0,0.0,0.9900191514437242,0.0,0.0,0.1428571428571428,0.5,0.8571428571428571,0.0,0.4872441827866555,0.47021204346513734,0.0,0.0,0.0,0.0,0.0,0.9360762436076244,0.8876821949128323,0.0,0.0,0.0,0.0,0.0,0.0,0.0,0.61350873144088,0.0,0.7185363892239647,0.6008371385083714,m2
0.0,0.0,0.0,0.8422908731838059,0.0,0.9421296296296297,0.0,0.0,0.0,0.0,0.0,0.0,0.7361817725017272,0.0,0.0,0.0,0.0,0.0,0.0,0.6820865548749875,0.0,0.0,0.0,0.48539754440338534,0.0,0.0,0.5821910677724955,0.0,0.2857142857142857,0.0,0.0,0.0,0.0,0.0,0.0,0.7943052850715198,0.45081640780565513,0.8441497805584088,0.0,0.3041074249605056,0.5069935217903416,0.1794871794871794,0.2591496426766766,0.6458423466297483,1.0,0.0,0.0854984894259816,0.0,0.6666666666666667,0.0,0.38386497367606065,0.0,0.7028985507246377,0.44216867469879517,0.0,0.4399478657543173,0.0,0.0,0.0,0.0,0.9814159292035398,0.23224932249322494,0.0,0.1428571428571429,0.0,0.0,0.9080358616137726,0.22222222222222232,0.7637724885462063,0.0,0.0,0.0,0.7179487179487178,1.0,0.9480249480249481,0.0,0.7354758961681088,0.3548387096774194,0.0,0.8571428571428572,0.0,0.0,0.0,0.18181818181818188,0.7245465377995498,0.012134308510638236,0.0,0.16044661032632168,0.4,1.0,0.33333333333333337,0.06882022471910121,1.0,0.6521739130434783,0.0,0.4736842105263158,0.44896681277395123,0.0,0.0,0.0,0.0,0.580060422960725,0.20952735392631183,0.7333333333333334,0.03955455485912507,0.66363567477457,0.75,0.0,0.19999999999999996,0.6666666666666667,0.0,0.0,0.07906244533846407,0.4444444444444444,0.5329730811568097,0.8969555035128806,0.19047619047619047,0.875,0.6666666666666667,0.5935263326567674,0.0,0.625,0.6666666666666667,0.0,1.0,0.0,0.6000000000000001,0.0,0.9285714285714286,0.0,0.2827867937585107,0.9514460629090141,0.0,0.515605058591484,0.0,0.0,0.8333333333333334,0.4036203522504892,0.5449711175526036,0.7054590315616326,0.21343956389558683,0.6658321310362387,0.29381965552178324,0.36363636363636365,0.0,0.5,0.1923076923076923,0.0,0.0,0.0,0.0,0.29166666666666663,0.0,0.8276368491321763,0.0,0.6134882931795045,0.7732965400127361,0.6504447466393205,0.0,0.36122472701911423,0.0,0.0,0.0,0.0,0.0,0.0,0.5178777393310268,0.0,0.07692307692307698,0.7,0.5233255633255633,0.0,0.0,0.0,0.0,0.0,0.0,0.0,0.7638527608246086,0.0,0.0,0.0,0.0,0.0,0.0,0.0,0.0,0.02310752102188518,0.0,0.7503006304128658,0.0,0.0,0.0,0.0,0.7916666666666666,0.0,0.8318452380952381,0.0,0.0,0.0,0.0,0.0,0.0,0.8214611872146118,0.0,0.0,0.0,0.0,0.0,0.0,0.9022780152589145,0.0,0.0,0.0,0.42233009708737856,0.4098360655737705,0.0,0.6206896551724137,0.21212121212121204,0.25,0.0,0.0,0.0,0.0,0.0,0.0,0.8812259615384616,0.5087719298245614,0.8025039123630673,0.0,0.0,0.4472984942426924,0.3589325426241661,0.6663405088062622,0.6969072164948454,1.0,0.0,0.0,0.23076923076923073,1.0,0.0,0.634536416684677,1.0,0.7692307692307692,0.3833023491634273,0.0,0.5968022245394508,0.0,0.0,0.06493506493506473,0.12959719789842372,0.42715559960356786,0.6696428571428572,0.0,1.0,1.0,0.0,0.9485955368047074,0.0,1.0,0.0,0.0,0.1408918406072106,0.7,0.7777777777777778,0.9817201078813306,0.0,0.5959510754955715,0.10227272727272718,0.0,1.0,0.24792679439519594,0.0,0.0,0.33333333333333326,0.9942844581226643,0.33333333333333326,1.0,0.40170212765957447,0.5,0.47089947089947093,1.0,0.19354838709677402,0.5,0.6177276642392922,0.0,0.6875,0.7786377708978328,0.46122696902206917,0.0,0.15420560747663548,0.0,0.48867069486404835,0.2727272727272728,1.0,0.11917836078909905,0.773523685918235,1.0,0.0,0.0,1.0,0.20515222482435602,1.0,0.6426116838487973,0.6666666666666667,0.6714697406340058,0.6631205673758865,0.6168458781362007,1.0,1.0,0.9339007605939877,0.0,0.8,1.0,0.44999999999999996,0.5882352941176471,0.44475138121546953,1.0,0.5,1.0,0.5,0.635152944440591,1.0,0.2857142857142857,0.8305343511450382,0.0,0.0,0.8823529411764706,0.48306734137796803,0.9102457309454395,1.0,0.5319622802445149,0.9440137109279361,0.2784491440080564,0.6363636363636364,0.0,1.0,0.0,0.0,0.52,0.0,1.0,0.7906976744186047,0.0,0.8121459324722411,0.0,0.6456874720691197,0.8269697972302311,0.13053964425685882,0.7977396154410685,0.5417200081811364,0.0,0.0,0.0,0.0,0.0,0.0,0.0,0.0,0.10526315789473684,1.0,0.9575941376303219,0.0,0.0,0.0,0.0,0.0,0.0,0.0,0.734638936436842,0.0,0.0,0.0,0.0,0.0,0.0,0.0,0.0,0.9256761662733708,0.0,0.752395685617292,0.0,1.0,0.0,0.0,0.8507799671592775,0.0,0.7142857142857143,0.0,0.0,0.0,0.0,0.0,0.0,0.7269116186693148,0.0,0.0,0.0,0.0,0.0,0.0,0.8909069231380653,0.0,0.0,0.0,0.8029790115098172,0.0,0.3608849690939243,0.5794261721483555,0.0,0.0,0.0,0.0,0.0,0.0,0.0,0.0,0.36877617496510007,1.0,0.3340619307832422,0.19999999999999996,0.05932932072227015,0.4110233258088788,0.40160642570281124,0.0,0.0,1.0,0.0,0.0,0.0,0.6666666666666667,0.0,0.41194743130226996,0.0,0.4737704918032788,0.08803501945525294,0.0,0.39742698191933246,0.0,0.0,0.3088942307692307,0.0,0.8571428571428572,0.2636625119846596,0.0,0.49693251533742333,0.0,0.0,0.8158179848320694,0.5714285714285714,0.5328523328523329,0.0,0.0,0.0,0.5,0.33333333333333337,0.6666666666666667,0.0,1.0,1.0,0.0,0.5,0.2136279926335175,0.0,0.0,0.5,0.5887850467289719,0.2364931237721023,0.0,0.03398392652123983,0.375,0.8386243386243386,0.0,0.0,0.23029045643153523,0.6568501920614597,0.0,0.0,0.28884026258205686,0.0,0.0,0.0,0.0,0.8242224316682375,0.5714285714285714,0.0,0.4098360655737705,0.17912552891396338,0.0,0.0,0.44444444444444453,0.0,0.0,0.0,0.0,0.4285714285714285,0.0,0.36977441236788144,0.5499999999999999,0.0,0.0,0.537193575655114,0.0,0.33333333333333337,0.0,1.0,0.061514195583596276,0.0,0.0,0.0,0.5,0.5,0.0,1.0,0.0,0.352936437605736,0.44444444444444453,0.3018160284247927,0.0,0.3829787234042553,0.3684262948207172,0.49586776859504145,0.0,0.3482078853046594,0.6052631578947367,0.0,0.0,0.0,0.41463414634146345,0.0,0.0,0.11714285714285722,0.0,0.5,0.0,0.8058690744920993,0.0,0.6268082486919052,0.6467276565798734,0.5631419597634477,0.0,0.6856455337563797,1.0,0.0,0.0,0.0,0.0,0.0,0.0,0.0,0.0,0.5714285714285714,0.8280044787260512,0.0,0.0,0.0,0.0,0.0,0.0,0.0,0.9358974358974359,0.0,0.0,0.0,0.0,0.0,0.5,0.0,0.28870506535947704,0.0,0.0,0.6684719535783366,0.0,m2
0.0,0.0,0.8455545371219065,0.0,0.0,0.75,0.0,0.7228106676754302,0.5625170253336964,0.0,0.0,0.0,0.8676979494860803,0.8257099501409062,0.0,0.0,0.0,0.0,0.7319753799095865,0.0,0.0,0.446257197696737,0.33333333333333326,0.7498274331919929,0.10595286885245891,0.15935040068080275,0.6347901054446581,0.0,0.8571428571428572,0.0,0.0,0.0,0.83596104623866,0.0,0.0,0.8259438601800712,0.42666666666666664,0.23760454002389464,0.7315436241610738,0.0,0.0,0.0,0.05355404089581306,0.6458423466297483,0.0,0.0,0.6810140845070423,0.4462151394422311,0.33333333333333337,0.248379015620395,0.0,0.0,0.7350781998084903,0.8927858407079646,0.7711711711711712,0.8452197553239691,0.7173687247547607,0.6645590682196338,0.0,0.9232720355104629,0.0,0.13608709574127442,0.0,0.1428571428571429,0.0,0.0,0.1252956383037237,0.33333333333333337,0.4359077809798271,0.5639672176691206,0.8571428571428571,0.3782942519194853,0.558974358974359,0.5714285714285714,1.0,0.0,0.0,0.3548387096774194,0.2666666666666666,0.5714285714285714,0.8182336182336182,0.8915329275041506,0.6428571428571428,0.0,0.392035037685883,0.3311159155163811,0.0,0.0,0.66,0.0,0.33333333333333337,0.6379915730337079,0.11111111111111116,0.2941176470588235,1.0,0.0,0.27651356993736953,0.8170018542290686,0.9010989010989011,0.8694047069681587,0.125,0.0,0.0,0.5,0.0,0.32173025155481294,0.75,0.0,1.0,0.6666666666666667,0.0,0.7777777777777778,0.2661329451722464,0.4444444444444444,0.41301059001512874,0.20467258966765378,1.0,0.0,0.6666666666666667,0.35320871651339447,0.5,0.0,0.0,0.75,0.9090909090909091,0.09355015530787525,0.558974358974359,0.25,0.0,0.0,0.5861322236847692,0.5696303085853955,0.0,0.0,0.41666666666666663,0.0,0.0,0.4010448305187706,0.4937338599422756,0.0,0.7290969899665551,0.5741801014514589,0.7669491525423728,0.36363636363636365,0.11111111111111116,1.0,0.0,0.0,0.2195121951219512,0.40407073740407073,0.0,0.6666666666666667,0.0,0.0,0.0,0.6925239827985445,0.0,0.0,0.16341612490970714,0.0,1.0,0.0,0.7301806143884726,0.0,0.0,0.0,0.5207727219830095,0.0,0.16666666666666663,0.7,0.0,0.5867520785062015,0.8947621766611781,0.0,0.0,0.0,0.0,0.0,0.0,0.0,0.0,0.0,0.0,0.0,0.0,0.0,0.22122919092425353,0.0,0.0,0.0,0.0,0.0,0.0,0.8888888888888888,0.0,0.0,0.0,0.0,0.7666666666666666,0.5945945945945946,0.0,0.0,0.0,0.913323782234957,0.4736842105263158,0.0,0.0,0.0,0.0,0.889615642406453,0.0,0.0,0.7142857142857143,0.0,0.25,0.8681318681318682,0.599850232617424,0.6206896551724137,0.0,1.0,0.0,0.0,0.0,0.8655913978494624,0.0,0.0,0.8844416831943416,0.5087719298245614,0.1396103896103894,0.8552529182879378,0.18584070796460184,0.0,0.0,0.06416772554002548,0.7988980716253443,0.0,0.0,0.5366853690116531,1.0,1.0,0.11652435961828234,0.6177077471393735,0.0,0.75,0.8158142032487582,0.7374036751630113,0.9692307692307692,0.8758021895054737,0.0,0.06493506493506473,1.0,0.0,0.1725888324873096,0.19318905155951616,1.0,1.0,0.0,0.0,0.2500000000000001,0.5070422535211268,0.8176470588235294,1.0,0.0,1.0,0.6666666666666667,0.9818020417221482,0.0,0.0,0.23113207547169812,0.5672043010752688,0.8571428571428571,0.8722665741062131,0.9407163441745574,0.625,0.0,0.5974374255065554,0.5238095238095237,1.0,0.0,0.5,0.0,1.0,0.6129032258064515,0.0,0.3329130723291308,0.5238095238095237,0.0,0.0,0.9602094240837696,0.2799352750809063,0.9302325581395349,0.45833333333333337,0.0,0.0,1.0,0.11917836078909905,0.5647279549718576,1.0,0.0,0.5,1.0,0.645466847090663,1.0,0.18791946308724827,0.6666666666666667,0.9579579579579579,0.2456207159177457,0.9725931947509,1.0,1.0,0.30434782608695654,1.0,0.0,0.0,0.44999999999999996,0.3529411764705882,0.4396984924623115,1.0,0.0,0.0,1.0,0.7420266451352442,1.0,0.2857142857142857,0.12645322840279005,0.5555555555555556,0.0,0.0,0.5537634408602151,0.9362007168458781,0.0,1.0,0.8216080402010051,0.4687910643889619,0.6363636363636364,0.0,1.0,0.44999999999999996,0.0,0.5833333333333334,1.0,1.0,0.0,0.0,0.0,0.0,0.7883035282745288,0.0,0.0,1.0,0.0,1.0,0.0,0.8478451017811705,0.0,0.0,0.0,0.0,0.0,0.1724137931034483,1.0,0.01344623505418474,0.9921565952803164,0.9549950775866111,0.0,0.0,0.0,0.0,0.0,0.0,0.0,0.0,0.0,0.0,0.0,0.0,0.0,0.663057352876447,0.8350188001571357,0.0,0.0,0.0,1.0,0.0,1.0,0.0,0.0,0.0,0.0,0.3242972724997917,0.6686246708527446,0.0,0.0,0.0,0.7815847988680009,0.691358024691358,0.0,0.0,0.0,0.0,0.8683306518241509,0.0,0.0,0.0,0.0,0.8000545181954477,0.0,0.0,0.5847083430165001,0.0,0.5454545454545454,0.0,0.0,0.0,0.848605577689243,0.0,0.0,0.6028261418117588,0.16666666666666663,0.5607064017660045,0.9090909090909091,0.35273854633138135,0.1458885941644562,0.0,0.24852304056715258,0.0,0.0,0.0,0.21616871704745155,1.0,0.33333333333333337,0.3305223410950283,0.0,0.0,0.4445975201731944,0.6483873656138011,1.0,0.44999999999999996,0.4850088183421516,0.7971497877501517,0.0,0.923469387755102,0.0,0.29424011103400427,0.0,0.1705426356589148,0.0,0.0,0.0,0.5714285714285714,0.5284679089026916,0.43313868613138684,0.8,0.6892366656020441,0.0,0.0,0.41176470588235303,0.0,0.0,1.0,0.0,0.0,0.8686493184634448,0.75,0.0,0.0,0.0,0.389958012596221,0.0,0.0,0.0,0.0,0.0,0.49092970521541957,0.7095435684647302,0.06208425720620858,0.7654320987654321,1.0,0.1134421134421133,0.6378473753859727,0.37037037037037046,0.5497512437810945,0.0,0.3491965389369591,0.5714285714285714,0.0,0.0,0.17412935323383105,0.0,0.0,0.8333333333333334,0.0,0.0,0.0,0.38075313807531386,0.4285714285714285,0.698956780923994,0.46569481857074957,1.0,0.0,0.0,0.24416243654822334,0.0,0.0,0.0,0.0,0.2570977917981073,0.30020283975659223,0.0,0.6666666666666666,0.0,0.0,0.8943179305770507,0.3846153846153846,0.0,0.0,0.0,0.30642602142007136,0.0,0.38662486938349017,0.3670886075949368,0.0,0.8218012866333095,0.38670284938941635,0.9836065573770492,0.0,0.5,0.0,0.0,0.0,0.3784090909090909,0.2824267782426777,0.0,0.0,0.0,0.0,0.0,0.9769372693726938,0.04166666666666663,0.7875352599925489,1.0,0.0,0.0,0.0,0.9555122828040743,0.0,0.0,0.0,0.0,1.0,0.5,0.5714285714285714,0.0,0.7916875312969454,0.8067559945732534,0.0,0.0,0.0,0.0,0.0,0.0,0.0,0.0,0.0,0.0,0.0,0.5,0.0,0.0,0.0,0.0,0.0,0.0,m2
0.0,0.706499193362526,0.0,0.0,0.9,0.95,0.0,0.0,0.6678134556574924,0.6761293821064109,0.6551724137931034,0.5416666666666667,0.715928182203328,0.0,0.0,0.0,0.0,0.5147063856324221,0.4539425691358845,0.5976739127056885,0.0,0.0,0.0,0.0,0.005346380662303418,0.2028341967491708,0.7017064244455222,0.7202272667352159,0.0,0.77227200843437,0.7627254509018035,0.0,0.5265921348715934,0.8636363636363636,0.7714285714285715,0.0,0.0,0.4474947564670241,1.0,0.6849170834430113,0.5069935217903416,0.8461538461538461,0.8938185443668993,0.7272727272727273,0.859375,0.6887165951831079,0.8472408700322234,0.0,0.6666666666666667,0.316961717901195,0.13094887284514511,0.0,0.0,0.29864727272727287,0.0,0.6980702622464127,0.546221380616285,0.6390170333569908,0.35387323943661975,0.8259325044404973,0.0,0.4937533948940793,0.5596465390279823,0.0,0.0,1.0,0.8540211759405272,0.0,0.2402194441946216,0.0,0.5714285714285714,0.399925802263031,0.7,0.5714285714285714,0.6785714285714286,0.0,0.3501350135013501,0.7741935483870968,0.0,0.0,0.0,0.0,0.6428571428571428,0.0,0.7090317561355117,0.2906445406445406,0.5,0.13892675672326182,0.30000000000000004,0.5354368932038835,0.6666666666666667,0.0,0.5,1.0,0.0,0.5789473684210527,0.547544409613375,0.0,0.32065040650406496,0.1783741120757697,0.125,0.8206058560459033,0.012653516933383013,0.0,0.040102233311020696,0.34578634085213034,0.75,0.0,1.0,0.0,0.304387257680535,0.11111111111111116,0.009715025906736119,0.11111111111111105,0.21374622356495476,0.9006779661016949,0.19047619047619047,1.0,0.6666666666666667,0.35916407061266864,0.0,0.5,0.33333333333333337,0.0,0.0,0.7372086793463702,0.7,0.75,0.0,0.0,0.2827867937585107,0.0,0.9215225563909775,0.0,0.9166666666666666,0.0,0.6666666666666667,0.361196058443765,0.9416983523447402,0.0,0.9970691676436108,0.9191397248795475,0.8876712328767123,1.0,0.0,0.6666666666666667,1.0,0.0,0.6017543859649123,0.5006495193556768,0.5,0.2823886639676113,0.9142857142857143,0.9262505196064847,0.0,0.0,0.0,0.9906585133515656,0.18502202643171806,0.49209222353615456,1.0,1.0,0.5791662645951945,0.76,0.0,0.0,0.0,0.206896551724138,0.9333333333333333,0.7,0.5233255633255633,0.0,0.2789152369361234,0.0,0.0,0.0,0.0,0.9912840657991653,0.0,0.740044629912127,0.0,0.9970284664302838,0.0,1.0,1.0,0.9796240954333275,0.5904659746979211,0.11628286485804107,0.0,0.4931749313245165,0.6704248704663212,0.0,0.5741935483870968,0.0,0.0,0.8571428571428572,0.7916666666666666,0.0,0.0,0.5,0.6362799263351748,0.6525514008735485,0.626212899543379,0.8214611872146118,0.0,0.0,0.0,0.0,0.7148376192200894,0.5914622729825876,0.7011434735706581,0.0,0.0,0.0,0.0,0.0,0.4214318349558922,0.6666666666666667,0.6444444444444444,0.25,0.0,0.6930299747201156,0.0,0.8655913978494624,0.7619047619047619,0.8421052631578947,0.0,0.0,0.45696400625978095,0.8345864661654135,0.8330341113105925,0.4472984942426924,0.88860103626943,1.0,0.9902676399026764,0.3999999999999999,0.8982894128525196,0.9487179487179487,0.23076923076923073,1.0,0.036674043629466024,0.0,0.0,0.3735294117647058,0.4774575018477456,0.0,0.3990267639902677,0.7088673816374575,0.2732558139534883,0.6233766233766234,0.85,0.017871649065800188,0.5583756345177664,0.8493611297915266,0.0,1.0,1.0,0.9485955368047074,0.5,0.0,0.0,0.5,0.0,0.7,0.11111111111111105,0.6783625730994152,0.0,0.5537902859736723,0.625,0.0,0.0,0.263010794140324,0.0,0.75,0.33333333333333326,0.6067415730337078,0.5238095238095237,0.0,0.44209852847088926,0.0,0.6124031007751938,1.0,0.7096774193548387,1.0,0.9123108296662016,0.07142857142857151,0.8125,0.29183508488278087,0.7266086415915449,0.08299866131191436,0.0,0.16666666666666663,1.0,0.4545454545454546,0.0,0.11917836078909905,0.4078947368421053,1.0,0.0,0.5,0.0,0.0,0.0,0.0,0.0,0.2079207920792081,0.9287341360234298,0.5747634069400631,0.375,1.0,0.0,0.0,0.8,0.0,0.0,0.3529411764705882,0.9250585480093677,1.0,0.5,0.0,0.0,0.6537390335607854,0.021739130434782705,0.7571428571428571,0.0,0.962962962962963,0.0,0.6470588235294118,0.5570817383472191,1.0,0.0,0.969883255315549,1.0,0.7513043478260869,0.6363636363636364,0.0,1.0,0.8,0.0,0.0,0.5681818181818181,0.0,0.2857142857142857,0.9117647058823529,0.9302583770690351,0.0,0.0,0.37038689172289085,0.9875430691757222,0.6081813701330705,0.6295158562207507,1.0,0.9915254237288136,0.7353461888128618,0.8181818181818182,0.0,0.0,0.7855336368234699,0.375,0.9310344827586207,1.0,0.9536587273929834,0.0,0.5340319622740373,0.0,0.0,0.0,0.0,1.0,0.0,0.8936478078425698,0.0,0.99501573976915,0.0,1.0,1.0,0.9943977591036415,0.7977671000565291,0.16355102371125663,0.0,0.46761446611115864,0.7498409813721036,0.0,0.8718730933496034,0.0,0.0,1.0,0.7142857142857143,0.0,0.0,0.680951481970927,0.7087496953448695,0.7785359801488834,0.894047619047619,0.6261564216276541,0.0,0.0,0.0,0.0,0.17113854595336087,0.2458470342059188,0.6004851004851005,0.0,0.27142857142857135,0.0,0.0,0.262496166819994,0.0,0.8724919093851132,0.8188075367805214,0.0,0.75,0.8681181181181181,0.0,0.5013907581875281,1.0,1.0,0.0,0.0,0.968141592920354,0.96,0.58071988595866,0.4110233258088788,0.8457811869196609,0.9438444924406048,0.7692307692307692,0.6363636363636364,0.5798319327731092,0.6708199356913183,0.0,0.6666666666666667,0.2952478188230925,0.46790778222751384,0.0,0.0,0.0,0.25,0.9351851851851852,0.19373159444678167,0.6818993216708318,0.0,0.6952380952380952,0.0,0.5532296650717704,0.17352056168505514,0.8067226890756303,0.0,0.0,0.736842105263158,0.0,0.46868041436731533,0.0,0.6,0.6892366656020441,1.0,0.0,0.41176470588235303,0.0,1.0,1.0,0.0,1.0,0.2194252150199285,0.0,0.0,0.5,0.5829383886255926,0.42625284738041,1.0,0.14666981577704297,0.8,0.7708539399934058,0.5,0.3928790669122161,0.42000000000000004,0.6731439960139511,0.0,1.0,1.0,0.0,1.0,0.3276157804459692,0.0,0.44013981939994173,0.1986062717770034,0.25,0.8333333333333334,0.016172506738544645,0.0,0.0,1.0,0.0,0.7508394895903291,1.0,0.31264023934180996,0.2857142857142857,0.2447916666666664,0.25774820521800024,0.0,1.0,0.0,0.6408317580340264,0.0,0.0,1.0,1.0,0.2570977917981073,0.6206896551724137,0.0,1.0,0.0,1.0,0.0,0.0,0.9902548725637181,0.6113958990536278,0.7777777777777778,0.38721413721413733,1.0,0.0,1.0,0.4247619047619047,0.783010874170315,0.7631021704605611,0.19999999999999996,0.0,0.0,0.0,1.0,0.0,0.7777777777777778,0.3130841121495328,1.0,0.0,1.0,0.8829268292682927,0.0,0.0,0.0,0.0,0.2068965517241378,0.15217690507868054,0.33333333333333337,0.875,0.3417375364365779,0.33333333333333326,0.0,0.0,0.8767123287671232,0.1428571428571428,1.0,0.5714285714285714,0.7116181010466079,0.0,0.15067786900897462,0.0,0.0,0.0,0.0,0.9391727493917275,0.0,0.5167311051361059,0.0,1.0,0.0,0.9867273416761472,0.888888888888889,0.9203354297693921,0.2161112246984258,0.3518898013898092,0.0,0.32689987937273823,0.5922853842561873,runif
0.0,0.706499193362526,0.8122762148337596,0.8339016766126741,0.9,0.0,0.0,0.0,0.6709235609846382,0.0,0.6551724137931034,0.8837452337240502,0.0,0.0,0.0,0.8782677963646897,0.0,0.0,0.0,0.0,0.0,0.0,0.0,0.7308581484420827,0.06610015653569401,0.0,0.0,0.0,0.2857142857142857,0.768370607028754,0.0,0.8850656261085491,0.5559541172296899,0.8571428571428572,0.6842105263157894,0.0,0.6976744186046512,0.2498031108485924,0.9689104392470052,0.2847280529900176,0.6445536445536446,0.0,0.0,0.0,0.9817115251897861,0.9412795793163892,0.21659791652100935,1.0,0.0,0.3892678034102306,0.7994596841230258,0.0,0.0,0.0,0.0,0.9162105263157895,0.0,0.0,0.3165236051502144,0.8585034013605441,0.3933181473044799,0.0,1.0,0.8571428571428572,0.4,0.0,0.879746835443038,0.44444444444444453,0.7423054755043228,0.4450825556353194,0.0,0.44416295095257396,0.0,1.0,0.0,0.0,0.34749303621169925,0.19354838709677413,0.16455696202531644,0.5714285714285714,0.7997974888618874,0.9715087097726601,0.6428571428571428,1.0,0.0,0.0,0.5,0.44548885316933406,1.0,0.8406593406593407,0.6666666666666667,0.0869565217391306,0.33333333333333337,0.0,0.0,0.0,0.4482758620689655,0.3509475722783234,0.3611793611793611,1.0,0.125,0.5016535485151135,0.0,0.8333333333333334,0.6259245330324683,0.3068582955118506,0.75,0.0,0.5,0.6666666666666667,0.24748442740776244,1.0,0.8929068150208623,0.33333333333333326,0.16842900302114794,0.25139664804469264,0.3519653423499576,0.0,0.6666666666666667,0.7160968983472944,0.0,0.5,0.33333333333333337,0.8571428571428572,1.0,0.0,0.7483870967741936,0.75,0.9285714285714286,0.0,0.913341606211022,0.5710718635809988,0.0,0.059122085048011086,0.41666666666666663,0.0,0.0,0.6707004887130555,0.6236782170164308,0.6911447084233262,0.40508922313871354,0.9706332713551351,0.6441921221864952,0.0,0.11111111111111116,0.0,1.0,0.8610271903323263,0.6067510548523207,0.8364928909952607,0.0,0.0,0.9142857142857143,0.0,0.9802073515551367,0.9073203492276696,0.890094406087079,0.7347090383821708,0.0697362308367313,0.0,0.33333333333333326,0.0,0.6035312482016459,0.72,0.9985009831214593,1.0,0.24280230326295593,0.0,0.6666666666666667,0.0,0.9126385249265936,0.45281522601110236,0.0,0.0,0.0,0.0,0.0,0.0,0.0,0.6262946037711674,0.9439541870071348,0.9860322480174417,0.6666666666666667,1.0,0.0,0.8961737891037771,0.8529790611988137,0.11822641870160633,0.6666666666666667,0.0,0.09109744149816101,0.0,0.5741935483870968,0.8888888888888888,0.7916666666666666,0.8571428571428572,0.0,0.0,0.0,0.5,0.0,0.6666666666666667,0.9130674002751031,0.0,0.0,0.0,0.8321873657069188,0.0,0.0,0.0,0.0,0.0,0.0,0.0,0.7919441801458929,0.4098360655737705,0.0,0.0,0.0,0.25,0.0,0.0,0.6244520214320507,0.8655913978494624,0.6666666666666667,0.7611940298507462,0.0,0.5087719298245614,0.27661347939985725,1.0,0.059490084985835856,0.9545454545454546,0.12343558282208589,0.0,0.0,1.0,0.9214608920491274,0.0,0.6153846153846154,1.0,0.3653225806451612,0.9308652666522336,1.0,0.0,0.0,0.0,0.8250191864927091,0.0,0.0,0.6271186440677966,0.85,0.2511904761904762,0.0,1.0,0.75,1.0,0.0,0.827023426224048,0.75,1.0,0.23542116630669574,0.0,0.8146754468485419,0.0,0.7777777777777778,0.4338830584707646,0.0,0.5674080798910577,0.41509433962264153,0.5457227138643068,0.8571428571428571,0.8611111111111112,1.0,0.625,0.0,0.2745292368681863,0.1428571428571428,0.0,0.5630997500201596,0.5,0.7777777777777778,1.0,0.19354838709677402,1.0,0.6579907695610174,0.0,0.0625,0.7712,0.0,0.08299866131191436,1.0,0.0,0.5638401559454191,0.4545454545454546,0.08333333333333337,0.0,0.5609408410548824,1.0,0.0,0.0,1.0,0.0,1.0,0.95837023914969,0.33333333333333337,0.0,0.0,0.676212938005391,0.0,1.0,0.5840056120659418,0.0,0.8,0.0,0.9,0.8235294117647058,0.45163690476190466,0.7769230769230769,0.5,1.0,0.0,1.0,1.0,0.2857142857142857,0.12174069411976263,0.5555555555555556,0.0,0.0,0.47430249632892796,0.9395209580838323,0.4968704221600746,0.7534919905230029,1.0,0.5258918296892982,0.0,0.0,0.0,0.44999999999999996,0.75,0.0,1.0,1.0,0.8656716417910448,0.9117647058823529,0.0,0.9888888888888889,0.9511552735544115,0.854220600769482,0.1482683982683981,0.24498616874135548,0.0,0.5,0.0,0.7845161610809379,0.6818181818181819,0.9952323510827733,1.0,0.0,0.0,0.6551724137931034,0.0,0.8810144594698044,0.5534713290785993,0.0,0.0,0.0,0.0,0.0,0.0,0.0,0.5827424878213476,0.9259259259259259,0.9850926469355245,0.5,1.0,0.0,0.9754816112084063,0.957552276223577,0.5101331171601673,1.0,0.0,0.0,0.0,0.8931977113795295,0.7238493723849373,0.5859982713915297,1.0,0.0,0.0,0.0,0.6626865671641793,0.0,0.9001692047377327,0.4739187965735775,0.0,0.0,0.0,0.8833955223880596,0.0,0.0,0.0,0.0,0.0,0.27142857142857135,0.0,0.5842729112460248,0.7561260210035006,0.23705879267844976,0.0,0.0,0.0,1.0,0.0,0.9186046511627907,0.5013907581875281,1.0,0.75,0.0,0.5,0.0,0.808,0.2564102564102564,0.5409304002884963,0.5348516218081434,0.5142972211035038,0.15384615384615385,0.9,0.3681645912290198,0.008287292817679592,1.0,0.0,0.47030263796730853,0.7768508863399375,0.0,0.43767243541509915,0.0,0.25,0.9661898569570871,0.0,0.0,1.0,0.978021978021978,1.0,0.0,1.0,1.0,0.4,0.0,0.8095238095238095,0.4285714285714285,0.7668308702791462,0.2761667421839602,0.0,0.10081743869209803,1.0,0.33333333333333337,0.0,0.0,0.8888888888888888,0.0,0.0,0.0,0.8561938257131692,0.5,0.0,0.0,0.13323353293413187,0.0,1.0,0.0,1.0,0.9787377657779278,0.5,0.0,0.15789473684210542,0.6940024479804162,0.0,0.0,0.48951048951048937,0.8383333333333334,0.37037037037037046,0.9054726368159204,0.0,0.23914943198368788,0.8714285714285714,0.75,0.03508771929824561,0.009628610729023324,0.0,0.0,0.5,0.0,0.5670103092783506,0.0,0.7716814159292036,0.4285714285714285,0.0,0.4742010652463382,0.5499999999999999,1.0,0.0,0.9214953271028037,0.0,0.0,1.0,1.0,0.16561514195583604,0.0,1.0,1.0,0.5,1.0,0.6837296230920984,0.8666666666666667,0.0,0.0,0.0,0.10291734197730962,0.0,1.0,0.3852926463231615,1.0,0.1141759776536313,0.9247470489038786,0.6052631578947367,1.0,0.5,0.5,1.0,1.0,0.7715909090909091,0.7106184364060677,0.0,0.33333333333333326,1.0,0.0,0.9166666666666666,0.8805786395814097,0.6481546572934975,0.0,0.4482758620689654,0.5625336927223719,0.0,0.0,0.361354825545807,1.0,0.9960571401749253,0.9891863103783634,0.0,0.0,1.0,0.0,0.8808912023606252,0.07360861759425508,0.39705254164886816,0.0,0.0,0.0,0.0,0.0,0.0,0.3355325737184027,0.9433962264150944,0.9797297297297297,1.0,0.9873805660717505,0.0,0.7722419928825623,0.7856917743460449,0.2983615930247101,0.0,0.0,0.6182741591967609,runif
0.5714285714285714,0.0,0.8451672010994045,0.8339016766126741,0.0,0.0,0.0,0.0,0.6709235609846382,0.0,0.6551724137931034,0.5441173749745601,0.6914889598247171,0.0,0.5,0.742192110858686,0.0,0.47105273344257637,0.0,0.0,0.0,0.0,0.0,0.0,0.006175156968088569,0.0011844938980617448,0.0,0.029322268326417822,0.2857142857142857,0.0,0.8408674074873234,0.8840868352917746,0.0,0.0,0.0,0.0,0.0,0.8868871825162433,0.07070707070707072,0.2847280529900176,0.6333766023040728,0.8461538461538461,0.2591496426766766,0.9625513776830568,0.9814814814814815,0.688099173553719,0.45722833822290654,0.0,0.33333333333333337,0.0,0.386434058065356,0.0,0.0,0.8529262914362145,0.8040062843676355,0.4192479856759177,0.5738394320043692,0.0,0.6607142857142857,0.8585034013605441,0.9568261376896149,0.0,0.40353460972017663,0.0,0.8,1.0,0.8540211759405272,0.33333333333333337,0.9236401673640168,0.5302767610608105,0.8571428571428571,0.28124303025797337,1.0,1.0,0.11642411642411654,0.8333333333333334,0.7354758961681088,0.0,0.0,0.2857142857142857,0.9440058898114443,0.3007731958762885,0.6428571428571428,0.0,0.8278282096269738,0.3348958733574119,0.5,0.0,0.66,0.5292670929660599,0.0,0.06882022471910121,0.11111111111111116,0.2941176470588235,0.0,1.0,0.44896681277395123,0.39099645928173987,0.8055302339714372,0.46646132785763184,0.125,0.5740274437685671,0.012653516933383013,0.5,0.49552616222524803,0.0,0.0,0.0,0.0,0.6666666666666667,0.796255262574784,0.11111111111111116,0.1494962625934354,0.11111111111111105,0.17982799061766996,0.5803631472763955,0.0,0.0,0.0,0.0,0.0,0.875,0.33333333333333337,0.0,1.0,0.7175295186194368,1.0,0.75,0.4285714285714285,0.0,0.0,0.8997988433492582,0.0,0.0,0.41666666666666663,1.0,0.8333333333333334,0.9382151029748284,0.0,0.6911447084233262,0.5908029459313814,0.9707340999509511,0.0,0.36363636363636365,0.0,0.0,0.8269230769230769,0.9326500732064422,0.0,0.9028169014084507,0.0,0.0,0.0,0.9919103920348475,0.9803921568627451,0.0,0.0,0.8741830562057331,0.20409848758581528,0.0,1.0,0.9645284269849163,0.8649795799541149,0.0,0.9618866654453585,0.0,0.0,0.0,0.16666666666666663,0.0,0.9126385249265936,0.5093570836187935,0.0,0.0,0.0,0.0,0.0,0.9998053717399766,0.5617012769572931,0.501420565365511,0.817076605332332,0.9751368654626144,0.6666666666666667,0.8407341622261693,0.32203389830508466,0.0,0.9902130471724833,0.056755698236329866,0.0,0.0,0.694295683876152,0.0,0.0,0.8888888888888888,0.7916666666666666,0.0,0.0,0.0,0.0,0.5945945945945946,0.0,0.652542372881356,0.7116487902220006,0.8089275473140891,0.0,1.0,0.8147680656358472,0.0,0.8427225130890053,0.0,0.0,0.0,0.0,0.0,0.0,0.0,0.4094579782117531,0.0,0.21212121212121204,0.25,0.0,0.6977832011389059,0.5920248472096984,0.0,0.0,0.0,0.0,0.0,0.8018994413407821,0.7392739273927393,0.0,0.717948717948718,0.9184581171237954,0.9411764705882353,0.9444444444444444,1.0,0.8914634146341464,0.4286033020972779,0.23076923076923073,0.0,0.0,0.6335861321776814,0.0,0.0,0.8578827429044955,0.0,0.25343018563357556,0.7088673816374575,0.0,0.6271186440677966,0.8161120840630472,0.9508547008547008,0.0,0.0,0.0,1.0,0.0,0.9294446384910933,0.2500000000000001,1.0,1.0,1.0,0.8146754468485419,1.0,0.8888888888888888,0.0,0.8888888888888888,0.5959510754955715,0.0,0.0,0.5714285714285714,0.8940677966101696,0.3548387096774194,1.0,1.0,0.9934738955823293,0.5238095238095237,0.0,0.0,0.5,1.0,0.0,0.19354838709677402,0.0,0.3562807969720775,0.3571428571428571,0.8125,0.7672316384180791,0.0,0.9333333333333333,0.3193473193473193,0.0,0.5006090133982947,0.4545454545454546,1.0,0.980272523896685,0.0,0.0,0.0,0.0,1.0,0.8616071428571428,0.0,0.4716981132075473,0.0,0.0,0.0,0.0,1.0,0.0,0.0,0.0,0.8,0.0,0.44999999999999996,0.8823529411764706,0.9376811594202898,1.0,0.5,0.33333333333333326,1.0,0.0,1.0,0.2857142857142857,0.12535816618911177,0.5555555555555556,1.0,0.8823529411764706,0.46910356832027855,0.3720430107526882,0.5252879318978467,0.4809222391173662,1.0,0.21580928481806771,0.6363636363636364,0.0,0.0,0.8,0.75,0.08695652173913038,1.0,1.0,0.0,0.0,1.0,0.9888888888888889,0.0,0.37038689172289085,0.8540587219343696,0.7133068878470971,0.0,1.0,0.9576271186440678,0.9172188988788194,0.0,0.966307961011888,0.0,0.8320384757676655,0.0,0.1724137931034483,0.0,0.8744099175869073,0.5403669266146771,0.0,0.0,0.0,0.0,0.0,1.0,0.4252558688125404,0.5152053506113492,0.8148148148148148,0.9756389495177076,0.5,1.0,0.5,0.0,1.0,0.6984906671429847,0.0,0.0,0.732559039876113,1.0,0.0,0.8435870698644421,0.5812875751503006,0.0,0.0,0.0,0.0,0.6591844369622147,0.0,0.7761066969353008,0.894047619047619,0.5889155197548862,0.0,0.6666666666666667,0.6354111506165367,0.0,0.9716077132379037,0.0,0.0,0.0,0.0,0.0,0.0,0.2627737226277371,0.0,0.0,0.0,0.0,0.0,0.4012219959266803,0.6699623352165726,0.0,0.0,0.0,0.0,0.0,0.3512264486313542,0.9090909090909091,0.07027213227695495,0.5409304002884963,0.9467871485943775,0.0,0.7692307692307692,0.9,0.7641759406465288,0.0,0.0,0.6666666666666667,0.0,0.41194743130226996,0.0,0.4390182819934886,0.6615070794336453,1.0,0.42877594846098777,0.28072870939420547,0.0,1.0,1.0,0.8571428571428572,0.0,0.33922025991336224,1.0,0.8,0.0,1.0,0.5714285714285714,0.9088491653124539,0.4337999416739575,0.8,0.1121047588629831,0.5,1.0,0.41176470588235303,0.6666666666666667,0.6666666666666666,0.0,0.0,0.0,0.8657473129182721,0.0,0.0,0.5,0.6525849335302807,0.36409836065573764,1.0,0.09519038076152309,1.0,0.8292437650844731,0.5,0.0,0.5633333333333335,0.08810572687224683,0.0,0.0,0.48951048951048937,0.8191442434936039,0.5882352941176471,0.6666666666666667,0.0,0.8042635658914729,0.4285714285714286,0.0,1.0,0.005730659025787954,1.0,0.0,0.0,0.0,0.5728744939271254,1.0,0.1628318584070797,0.2857142857142857,0.0,0.0,0.56,0.0,1.0,0.0,0.0,1.0,1.0,1.0,0.0,0.5944055944055944,1.0,1.0,1.0,0.0,0.13062193854831516,0.7692307692307693,0.0,0.0,1.0,0.9808,0.0,1.0,0.0,1.0,0.9432046138415245,0.8887139743279244,0.9,0.0,0.0,0.5,0.8780487804878049,1.0,0.0,0.9147465437788018,0.0,0.0,0.0,1.0,0.9166666666666666,0.0,0.0,0.431263970737655,0.2068965517241378,0.07735801158523925,0.0,0.5,0.7841730936590343,0.0,0.962120382394818,0.0,0.8715679190751445,0.0,0.5,0.0,0.8724774444479867,0.03488372093023251,0.0,0.0,0.0,0.0,0.0,0.950185873605948,0.6160543973429681,0.3590626087629064,0.7878787878787878,0.9797297297297297,1.0,0.9118621603711067,1.0,0.0,0.9760341773470876,0.042516229313340315,0.0,0.0,0.9013885107541519,runif
0.0,0.0,0.7391304347826086,0.8422908731838059,0.0,0.9421296296296297,0.828125,0.6186061381074168,0.0,0.0,0.6593532229965157,0.5416666666666667,0.0,0.0,0.0,0.0,0.8947368421052632,0.0,0.0,0.7013291323572242,0.0,0.717948717948718,0.0,0.0,0.04064909089732227,0.20389362860773264,0.0,0.14924452667283383,0.0,0.768370607028754,0.0,0.0,0.5803671294164089,0.8571428571428572,0.7704194260485651,0.8259438601800712,0.42666666666666664,0.5587981184602092,1.0,0.6848341232227488,0.8443266057031547,0.8461538461538461,0.2591496426766766,0.0,1.0,0.6853426713356678,0.0,1.0,0.6666666666666667,0.301642579371989,0.3181356594193463,0.0,0.0,0.7422870133150506,0.7799305957200694,0.7139659803043867,0.0,0.9189754312598013,0.44134078212290506,0.0,0.0,0.0,0.0,0.0,0.6000000000000001,1.0,0.8540211759405272,0.33333333333333337,0.9746340373226059,0.44460966542750924,0.0,0.0,0.6000000000000001,0.9090909090909091,1.0,0.8333333333333334,0.9375,0.7741935483870968,0.0,0.5714285714285714,0.6628131021194605,0.9565217391304348,0.0,1.0,0.11304516004254894,0.02850779510022272,0.0,0.38711234463617716,0.0,0.9709035222052067,0.6666666666666667,0.9565846599131693,0.33333333333333337,0.368421052631579,0.8752166377816291,0.5,0.28877061156334816,0.4741531716285977,0.7935483870967742,0.0,0.125,0.9161822427584836,0.2084115659031167,0.33333333333333337,0.04143161589569999,0.31047694543532833,0.75,0.0,1.0,0.0,0.20000000000000007,0.0,0.0,0.0,0.5954321252412611,0.9886249581799933,0.8392857142857143,0.0,0.6666666666666667,0.5208289368167813,0.5,0.875,0.33333333333333337,0.0,0.9090909090909091,0.18710031061574994,0.7179487179487178,0.75,0.8571428571428571,0.5,0.8760369596007284,0.7063686110140878,0.38309239472030165,0.5043155602161813,0.41666666666666663,0.9451659451659452,0.0,0.68731754784301,0.4232975437564347,0.9878442073927065,0.0,0.0,0.8214285714285714,1.0,0.0,0.5,0.1923076923076923,0.0,0.8571428571428572,0.0,0.0,0.791044776119403,0.0,0.9993211920529801,0.0,0.7651366034170538,0.35215453194650814,0.9163118353880108,0.2461276372690342,0.36122472701911423,1.0,0.0,0.0,0.0,0.9980128391238428,0.8957287257505936,0.5240352811466373,0.206896551724138,0.07692307692307698,0.8,0.029411764705882137,0.9204847135394365,0.8650197487426272,0.0,0.0,0.0,0.0,0.0,0.6119280817303905,0.501420565365511,0.9854712969525159,0.986348273848495,0.6666666666666667,1.0,0.0,0.0,0.17687210734858327,0.09117247919425786,0.6666666666666667,0.7290969453740617,0.433026899763411,0.0,0.0,0.6666666666666667,0.7916666666666666,0.0,0.0,0.8839285714285714,0.7666666666666666,0.0,0.0,0.6962962962962963,0.6145512000601911,0.0,0.0,0.0,0.0,0.9322033898305084,0.0,0.0,0.8572692621835012,0.0,0.7142857142857143,0.0,0.0,0.0,0.0,0.0,0.0,1.0,0.9166666666666666,0.0,0.0,0.8655913978494624,0.6666666666666667,0.8205741626794258,0.8751673025829522,0.5087719298245614,0.49809673085535144,0.5014164305949007,0.82183908045977,0.8974358974358975,0.9184581171237954,0.8164251207729469,0.0,1.0,0.8715728715728716,0.8619146005509642,0.8148148148148148,1.0,0.07314252674183286,0.0,0.0,0.6293706293706294,0.8142431627403195,0.7429733727810651,0.3784461152882205,0.0,0.8903002309468822,1.0,0.12959719789842372,0.3606060606060606,0.0,0.19318905155951616,0.0,0.0,0.0,0.9485955368047074,0.2500000000000001,1.0,0.5391061452513966,0.0,0.15625,1.0,0.8571428571428572,0.9693486590038314,0.8333333333333334,1.0,1.0,0.5129032258064515,0.8571428571428571,0.9438384433962265,0.29953198127925107,0.0,0.9,0.2215050110412773,0.33333333333333326,1.0,0.39290780141843984,0.0,0.8941798941798942,1.0,0.967741935483871,1.0,0.627226572584115,0.3571428571428571,0.6875,0.0,0.6987432675044883,0.941747572815534,0.0,0.0,1.0,0.2727272727272728,0.0,0.11917836078909905,0.5189255189255191,1.0,0.0,0.5,0.0,0.8582949308755761,1.0,0.3086303939962475,0.33333333333333337,0.7365657813465103,0.9710586443259711,0.9831069313827935,0.0,1.0,0.6737849779086893,1.0,0.8,0.0,0.44999999999999996,0.3529411764705882,0.7749752720079128,0.7,0.5,1.0,1.0,1.0,0.0,0.7857142857142857,0.8305343511450382,0.5555555555555556,1.0,0.0,0.0,0.0,0.9090909090909091,0.7320032225960855,0.0,0.9402129402129402,0.6363636363636364,0.0,1.0,0.0,0.0,0.22666666666666668,0.0,1.0,0.8656716417910448,0.0,1.0,0.0,0.8579634464751958,0.0,0.9775208297908519,1.0,0.5617316460267542,1.0,0.0,0.0,0.0,0.9954319065345392,0.9679086029886644,0.0,0.375,0.10526315789473684,0.6666666666666666,0.6632796224650312,0.9640386584421746,0.9551485703606802,0.0,0.0,0.0,0.0,0.0,0.4095611166045485,0.13949682961750842,1.0,0.986561296534018,0.5,1.0,0.0,0.0,0.7588732022694287,0.6956969968623936,1.0,0.7590444911992611,0.3265781504775217,0.0,0.0,0.7238493723849373,0.8484785327219675,0.0,0.7142857142857143,1.0,0.21325679627423366,0.0,0.0,0.7527855153203342,0.4739187965735775,0.0,0.0,0.0,0.0,0.7647058823529411,0.0,0.0,0.7927286356821589,0.0,0.875,0.0,0.0,0.262496166819994,0.4035002430724357,0.0,0.5729047072330654,0.5454545454545454,1.0,0.0,0.0,0.5023326753992463,1.0,0.75,0.7365630272354784,1.0,0.9672131147540983,0.96,0.5790197764402407,0.8039581777445854,0.9467871485943775,0.0,0.15384615384615385,1.0,0.7569039284325165,0.0,0.6666666666666667,0.6666666666666667,0.4083688844513026,0.5467144563918758,0.0,0.0,0.6005933879627012,0.6923076923076923,0.7546511627906977,0.0,0.8206814106395697,1.0,0.0,0.1428571428571428,0.0,0.0,0.75,1.0,0.0,0.8096304591265397,0.5714285714285714,0.9043149341552256,0.29603960396039586,0.0,0.0,0.0,1.0,0.6666666666666667,0.6666666666666667,1.0,1.0,0.0,0.0,0.7811023622047244,0.0,0.0,1.0,0.4849785407725322,0.20836065573770501,0.0,0.0,0.0,1.0,0.5,0.6559934318555009,0.8666666666666667,0.1496702181633689,0.45656779661016955,0.0,0.5691756272401434,0.549731182795699,0.5882352941176471,0.0,0.0,0.4222431668237512,0.0,0.25,0.7916666666666667,0.10270270270270254,0.0,0.0,1.0,0.0,0.2682926829268294,0.0,0.0,0.0,0.7928571428571429,0.9513786914667972,0.72,1.0,0.0,0.8875739644970414,0.0,1.0,1.0,0.0,0.0,0.0,0.5,1.0,0.0,0.5,0.6932952924393723,0.6923076923076923,0.5563349408154319,0.21892332789559565,0.0,0.9561217268223637,0.0,0.9411764705882353,0.6945219123505977,1.0,0.15419254658385095,0.0,1.0,0.0,0.0,0.0,0.41463414634146345,0.0,0.9,0.0,0.0,0.5,0.0,1.0,0.0,0.9537953795379538,0.04268077601410947,0.0,0.0,0.06997994205482505,0.0,0.0,0.0,0.0,0.9901793590120552,0.8571837278139064,0.0,0.1428571428571428,0.0,0.8571428571428571,0.5057831436339341,0.8882084690553746,0.8061472589647527,0.0,0.0,0.0,0.0,0.0,0.9358974358974359,0.6967181908170259,1.0,0.9797297297297297,1.0,1.0,0.0,0.0,0.0,0.0,0.0,0.634142386074923,0.6645335103063055,runif
0.0,0.0,0.0,0.8332025957355772,0.75,0.7941176470588235,0.828125,0.0,0.66484375,0.6319166114010553,0.0,0.0,0.0,0.8161413562559694,1.0,0.8927993789221712,0.8947368421052632,0.6228953918231397,0.0,0.0,0.5484873262469339,0.0,0.33333333333333326,0.75,0.0,0.02224564719566724,0.6347901054446581,0.6997643670637518,0.8571428571428572,0.768370607028754,0.0,0.0,0.5265921348715934,0.8571428571428572,0.0,0.7943052850715198,0.0,0.874603021845828,1.0,0.2761358201817312,0.42790132994867836,0.3846153846153846,0.7984420642648491,0.33749429136854936,0.981736733287388,0.0,0.2130487427139358,1.0,0.0,0.6220912998369645,0.38386497367606065,0.0,0.43905769887333557,0.0,0.0,0.7060280221570543,0.6970369196640787,0.6708401692427252,0.38483547925607997,0.8747553816046967,0.9336917562724014,0.4937533948940793,0.0,0.7142857142857143,0.0,0.0,0.5344109033566119,0.5555555555555556,0.2402194441946216,0.1967479674796747,0.5714285714285714,0.3673265346930613,0.7,1.0,0.6271186440677966,0.0,0.995982694684796,0.19354838709677413,1.0,0.8571428571428572,0.8930504916583802,0.978021978021978,0.0,0.0,0.3046257991726212,0.0,0.5,0.9661442006269593,0.5714285714285714,0.0,0.0,0.0,0.7777777777777778,0.07894736842105265,0.8796992481203008,0.0,0.8622129436325678,0.0,0.0,0.20199857244825148,0.0,0.5777810390372763,0.2084115659031167,0.0,0.9052852348993289,0.0,0.75,0.6666666666666667,0.19999999999999996,0.6666666666666667,0.8677824267782426,0.11111111111111116,0.0,0.0,0.17982799061767007,0.0,1.0,1.0,0.0,0.8487460815047022,0.0,0.875,0.33333333333333337,0.75,1.0,0.7158779462817468,0.7884615384615384,0.75,0.0,0.0,0.0,0.0,0.5702356099015806,0.7319912684938151,0.7222222222222222,1.0,0.0,0.28738241972105083,0.0,0.9891568931179464,0.7290969899665551,0.0,0.0,1.0,0.7777777777777778,0.0,0.1923076923076923,0.0,1.0,0.3323323323323324,0.0,0.0,0.0,0.9880385852090032,0.0,0.9068216825269555,0.9496214533361635,0.9907590357783385,0.20409848758581528,0.0,1.0,1.0,0.6417881318011748,0.72,0.0,0.9968602825745683,0.5184455391351942,0.0,0.0,0.9,0.9121761575475607,0.9223467424939366,0.8568060162227842,0.0,0.0,0.0,0.0,0.0,0.0,0.5284156602712181,0.0,0.9868916142941404,0.0,0.0,0.9166666666666666,0.0,0.2211853204079064,0.05683132229187804,0.0,0.5012866495113398,0.47234000953160726,0.0,0.0,0.0,0.7916666666666666,0.65,0.0,0.8839285714285714,0.0,0.5945945945945946,0.6362799263351748,0.0,0.0,0.0,0.7435897435897436,1.0,0.8321355786763918,0.7142857142857143,0.8176596093878221,0.0,0.0,0.8861120429386112,0.0,0.0,0.7940379403794038,0.4098360655737705,0.0,0.6206896551724137,0.6444444444444444,0.5,0.9166666666666666,0.0,0.0,0.8655913978494624,0.6666666666666667,0.0,0.8819776057961469,0.0,0.801500223914017,0.7213054638797213,0.0,0.46153846153846145,0.7174203113417346,1.0,0.28019323671497576,1.0,0.0,0.0,0.8148148148148148,1.0,0.6544450025113009,0.6335861321776814,0.0,0.3735294117647058,0.0,0.0,0.4099920697858842,0.8707983193277311,0.2917628945342571,1.0,0.85,0.958041958041958,0.5583756345177664,0.0,0.0,1.0,0.0,0.827023426224048,0.75,0.5,0.23542116630669574,0.5,0.6738197424892705,0.7,0.7777777777777778,0.8561151079136691,0.0,1.0,0.0,0.5258064516129033,1.0,0.9498362607919023,1.0,0.0,1.0,0.5833333333333333,0.1428571428571428,0.0,0.981638418079096,0.5,0.0,0.0,0.0,1.0,0.0,0.0,0.0625,0.9268502581755594,0.13535064404007358,0.0,0.0,0.14540059347181,0.5643418467583498,0.2727272727272728,0.75,0.5446410412853366,0.0,1.0,0.0,0.0,1.0,1.0,0.0,0.275894538606403,0.33333333333333337,0.0,0.005331302361005319,0.9707884639188018,0.0,0.0,0.7360523278183917,0.0,0.8,0.0,0.9,0.8823529411764706,0.9328125,0.8344827586206897,0.0,0.0,1.0,0.0,0.0,0.0,0.8064746914684314,0.7777777777777778,1.0,0.0,0.0,0.3720430107526882,0.9090909090909091,0.9737785416155168,0.09798994974874387,0.21292775665399244,0.9090909090909091,0.8571428571428572,0.0,0.0,0.0,1.0,1.0,1.0,0.0,0.0,1.0,0.0,0.8282548476454293,0.9526282669130708,0.9166666666666666,0.6090484386525695,0.0,1.0,1.0,0.8173061577025263,0.6818181818181819,0.0,1.0,0.0,0.0,0.0,0.6666666666666666,0.9606627580932959,0.9640386584421746,0.9547845199780203,0.0,0.0,0.0,0.0,0.0,0.0,0.5414016201815908,0.0,0.9850926469355245,0.0,0.0,1.0,0.0,0.6640166230011744,0.4955367913148371,0.0,0.47975573459229237,0.24887302779864773,0.0,0.0,0.0,0.5962137550922597,0.75,0.7142857142857143,1.0,0.0,0.6756861981701383,0.6497765468622143,0.0,0.0,0.0,0.691358024691358,0.6666666666666667,0.8780903665814151,0.6923076923076923,0.9714169048591261,0.0,0.0,0.5057471264367817,0.23181818181818192,0.0,0.765659140568099,0.0,0.23708366115919222,0.5986233598623361,0.8245211277710023,0.5454545454545454,1.0,0.0,0.0,0.501257183908046,1.0,0.0,0.44471544715447153,0.0,0.35232067510548515,0.9090909090909091,0.371747211895911,0.3829787234042553,0.5845410628019323,0.640110978993262,0.3076923076923076,0.9,0.0,0.7023364485981308,0.6666666666666667,0.0,0.5142722710163111,0.41194743130226996,0.0,0.4602034709754639,0.0,0.0,0.7425531914893617,0.4075537988581466,0.8382142857142857,1.0,1.0,0.7,0.5569395017793594,0.0,0.7964601769911505,0.0,0.0,0.812206572769953,0.5714285714285714,0.18015963511972632,0.2899177845088705,0.6,0.6892366656020441,1.0,0.33333333333333337,0.41176470588235303,0.0,1.0,0.0,0.0,0.5,0.7637795275590551,0.7142857142857142,0.0,0.5,0.5079575596816975,0.0,1.0,0.6580773042616452,0.0,0.0,0.5,0.0408163265306124,0.7894736842105263,0.405210643015521,0.060381355932203506,1.0,1.0,0.4550164861045689,0.23529411764705876,0.03606965174129362,0.0,0.0,0.045112781954887105,0.25,0.9772727272727273,0.0,0.0,1.0,0.5,0.0,0.4221698113207548,1.0,0.0,0.0,0.0,0.16124706671136424,0.72,1.0,1.0,0.9206049149338374,0.0,1.0,1.0,0.0,0.0675,0.4920634920634921,0.5,0.6666666666666666,0.0,0.0,0.05430381061156686,0.0,0.5577507598784195,0.826892177589852,1.0,0.8385650224215246,0.0,0.6976744186046513,0.0,1.0,0.793887007663518,0.0,0.9,1.0,0.5,0.5,0.41463414634146345,0.0,1.0,0.2921896792189679,0.0,0.0,0.0,0.9523809523809523,0.0,0.8709677419354839,0.854320987654321,0.8032449137265001,0.2068965517241378,0.06068273831431725,0.0,0.75,0.4783516955215338,1.0,0.0,0.9584538406554132,0.0,0.0,0.5,1.0,0.8490308618742943,0.7909186906019007,0.775338928340865,0.0,0.0,0.0,0.0,0.0,0.0,0.3590626087629064,0.0,0.9797297297297297,0.0,0.0,0.8571428571428572,0.0,0.0,0.05036715275623138,0.0,0.7506963788300836,0.6798673476797947,runif
0.5714285714285714,0.7057535565668955,0.0,0.0,0.75,0.0,1.0,0.8503937007874016,0.5605479452054793,0.6886080156199694,0.0,0.0,0.0,0.8178768272226216,0.0,0.9012795367516578,0.0,0.5328816647214553,0.0,0.0,0.0,0.0,0.0,0.7308581484420827,0.040669298983753155,0.19119295885188925,0.7014608920491273,0.6997643670637518,0.0,0.77227200843437,0.7863738108561835,0.8854916774878999,0.83596104623866,0.8636363636363636,0.0,0.0,0.45081640780565513,0.0,0.7302584606597173,0.0,0.0,0.3846153846153846,0.8919182083739046,0.9749935104265813,0.6488156539649845,0.46403596403596403,0.9801776831893885,0.41176470588235303,0.6666666666666667,0.30565815983881794,0.2490882430349287,0.0,0.4755825087775295,0.45644921361621005,0.7011159015977682,0.7250222090612971,0.7271859439098016,0.6401651112706389,0.8284296348812478,0.0,0.9818024263431543,0.5821138211382115,0.8645066273932254,1.0,0.4,0.0,0.1252956383037237,0.22222222222222232,0.0,0.2620986186076296,0.1428571428571428,0.32387609649122806,0.7,0.0,0.9473684210526316,0.8333333333333334,0.7966573816155988,0.3548387096774194,0.4,0.2857142857142857,0.9434511770892323,0.7988857938718663,0.0,1.0,0.1290661070304301,0.3597365309913867,0.0,0.9708698401228435,0.6734693877551021,0.9827942188575362,0.33333333333333337,0.7173913043478262,0.11111111111111116,0.4342105263157895,0.5658248253627083,0.2666666666666666,0.5157620041753653,0.7182059707753619,0.0,0.889743026575884,0.125,0.24659369005886633,0.8693710457759584,0.5,0.06893261776982706,0.311023102310231,0.0,0.0,0.0,0.6666666666666667,0.5280813456238715,0.7777777777777778,0.3193717277486907,0.33333333333333326,0.26373212942061697,0.3348946135831381,0.0,1.0,0.0,0.0,0.5,0.875,0.6666666666666667,1.0,1.0,0.7394422310756972,0.7,0.75,0.0,0.0,0.0,0.7197283311772316,0.0,0.9260265993592856,0.4722222222222222,0.0,0.8333333333333334,0.0,0.9068749593742551,0.0,0.0,0.8334384062539402,0.19161977491961424,0.0,0.0,0.0,1.0,0.5303030303030304,0.6047098402018503,0.9186320754716981,0.5,0.0,0.0,0.0,0.9802073515551367,0.9073038397328882,0.973316189939411,0.6206788772894918,0.0778310187065161,0.0,0.0,0.0,0.594813127120901,0.0,0.9677363439044978,0.9886268453264734,0.0,0.0,0.9487179487179487,0.7,0.0,0.9473534217425998,0.0,0.0,0.0,0.0,0.0,0.9966643729371013,0.0,0.0,1.0,0.9775231424592447,0.6666666666666667,0.0,0.0,0.9802848539884338,0.2211853204079064,0.02259305477176432,0.0,0.918157627977699,0.2247261476712098,0.0,0.5741935483870968,0.0,0.0,0.65,0.845108695652174,0.9424083769633508,0.7666666666666666,0.5,0.7326787512588117,0.0,0.0,0.0,0.6796116504854368,0.0,0.8321873657069188,0.0,0.8427225130890053,0.0,0.0,0.0,0.0,0.0,0.7919441801458929,0.0,0.552216814012781,0.6206896551724137,0.6444444444444444,0.5,0.0,0.6907441016333938,0.6008256745466161,0.8655913978494624,0.7931034482758621,0.0,0.0,0.5087719298245614,0.13265306122448983,0.861322842389968,0.0,0.0,0.7174203113417346,0.8557692307692308,0.9898926089703095,0.7333333333333334,0.7676634899769964,1.0,0.0,1.0,0.22194922194922195,0.0,0.0,0.3735294117647058,0.40913006029285104,0.7422106824925816,0.9683511995916284,0.8707983193277311,0.2840690978886754,0.6000000000000001,0.2571428571428571,0.9638009049773756,0.5583756345177664,0.9416058394160584,1.0,0.5,0.0,0.0,0.0,0.11111111111111116,0.0,0.0,0.0,0.7,0.0,0.9642384105960264,0.8333333333333334,0.6236949614162506,0.75,0.48677884615384603,0.5714285714285714,0.9587929915639195,0.8042584434654919,0.0,0.9,0.0,0.5238095238095237,1.0,0.9790786354735649,1.0,0.9224806201550387,1.0,0.7096774193548387,0.0,0.9057005367388488,0.6325602546612097,0.0625,0.19013360739979435,0.9265330904675166,0.0,1.0,0.45833333333333337,0.0,0.8181818181818182,0.9166666666666666,0.5564368517388651,0.5898801597869507,0.0,0.0,0.0,1.0,0.6696428571428572,1.0,0.1996481970096744,0.33333333333333337,0.5025935025935026,0.0,0.0,0.375,0.0,0.0,1.0,0.8,1.0,0.9,0.5882352941176471,0.9308785529715762,1.0,1.0,0.0,0.5,0.0,0.8260869565217391,0.2857142857142857,0.9811928159945781,0.37037037037037035,0.0,0.8823529411764706,0.36496350364963503,0.3224550898203592,0.0,0.7532972667161699,0.6741037854098771,0.9065743944636678,0.0,0.0,0.0,0.65,0.25,0.0,1.0,0.0,0.8095238095238095,0.0,0.0,0.9888888888888889,0.8282548476454293,0.9526282669130708,0.2885245901639344,0.749751491053678,0.0,0.0,0.0,0.7447620723018735,0.0,0.949240723768337,0.9926627045271114,0.3925925925925925,0.0,0.9473684210526316,1.0,0.0,0.9649251004749726,0.0,0.0,0.0,0.0,0.0,0.9762693156732892,0.0,0.0,1.0,0.9893513354857646,0.5,0.0,0.0,0.9956345494231369,0.663952884115711,0.6360099397808895,0.0,0.8566245921346385,0.09129762662544327,0.0,0.7743484224965707,0.0,0.0,1.0,0.7142857142857143,0.875,0.2325213540018981,0.6662638469284994,0.7067113712564641,0.0,0.0,0.0,0.46121593291404606,0.0,0.8883455582722086,0.0,0.9714169048591261,0.0,0.0,0.0,0.3317073170731707,0.0,0.5840092699884125,0.262496166819994,0.7053231939163498,0.8724919093851132,0.8245211277710023,0.5454545454545454,0.75,0.8682602921646747,0.6711986247851227,0.5013907581875281,1.0,0.0,0.0,0.5,0.0,0.8968609865470852,0.35236457437661217,0.0,0.5845410628019323,0.9252850963429021,0.7692307692307692,0.29999999999999993,0.28616852146263905,0.95,1.0,0.6666666666666667,0.42154506437768235,0.46790778222751384,0.0,0.47878252083859574,0.1315882249250837,1.0,0.8642384105960265,0.4078138718173837,0.6358118361153262,1.0,0.0,1.0,0.6009280742459396,0.7999133824166306,0.0,0.6,0.0,0.0,0.5714285714285714,0.0,0.3260378424173962,0.19999999999999996,0.1121047588629831,1.0,0.33333333333333337,0.9411764705882353,0.6666666666666667,0.6666666666666666,0.4736842105263158,0.0,0.0,0.8623764295406087,0.0,0.0,1.0,0.4449039881831611,0.36409836065573764,0.0,0.6597633136094674,0.6,1.0,0.0,0.5853858784893268,0.0,0.6634026927784578,0.060381355932203506,0.0,0.523225241016652,0.2046757829730923,0.23529411764705876,0.5497512437810945,0.0,0.0,0.0,0.25,0.7719298245614035,0.08408071748878931,1.0,0.0,1.0,0.0,0.0,0.0,0.3802816901408451,0.4285714285714285,0.6354166666666666,0.7517868745938922,0.0,1.0,1.0,0.0,0.0,1.0,0.0,0.0,0.061514195583596276,0.6637426900584795,0.0,0.6666666666666666,0.0,0.5,0.05430381061156686,0.8666666666666667,0.0,0.8630422944273007,1.0,0.3018160284247927,0.0,0.0,0.8644264194669756,0.0,0.06044886724539489,0.9510992397780974,0.9117647058823529,1.0,0.0,0.5,1.0,0.625,0.7715909090909091,0.8836772983114447,1.0,0.75,0.0,0.0,0.9166666666666666,0.8805786395814097,0.8541666666666667,0.0,0.22413793103448265,0.0,0.5,0.0,0.36136694841154193,0.0,0.9622144660163919,0.9851019977604311,0.7905443434911956,0.0,1.0,0.5714285714285714,0.0,0.9878257887517147,0.0,0.0,0.0,0.0,0.0,1.0,0.0,0.0,0.9848484848484849,0.9594594594594594,1.0,0.0,0.0,0.8861209964412812,0.0,0.2985871720220765,0.0,0.9670285484519502,0.8890240605569073,runif
0.0,0.7065637065637065,0.7854500616522812,0.0,0.0,0.95,0.828125,0.0,0.0,0.6725272145770371,0.0,0.0,0.6835936252435246,0.0,0.5,0.0,0.8947368421052632,0.0,0.0,0.0,0.0,0.0,0.0,0.0,0.0,0.0,0.6142888595332452,0.14924452667283383,0.2857142857142857,0.0,0.0,0.8850656261085491,0.5265921348715934,0.8636363636363636,0.7777777777777778,0.0,0.42666666666666664,0.17140124342419893,0.7324849871318273,0.9122807017543859,0.43727676155428075,0.5769230769230769,0.3641088572872303,0.38636363636363635,1.0,0.8509254627313657,0.8500331564986737,0.0,0.33333333333333337,0.8454170350722074,0.38163397843875824,0.0,0.9787712287712288,0.8159148412390873,0.7763904653802497,0.0,0.5555775629852637,0.9290822407628129,0.6607142857142857,0.828030954428203,0.0,0.3719939117199391,0.5593220338983051,0.5714285714285714,0.8,0.5,0.16952016219869337,0.5555555555555556,0.23039081716315934,0.5578937610086215,0.0,0.5897233201581027,0.0,1.0,1.0,0.0,0.0,0.3548387096774194,0.0,0.2857142857142857,0.0,0.29689440993788796,0.0,1.0,0.4043842682140555,0.7193130630630631,0.0,0.6440538595950251,0.6734693877551021,0.9928400954653938,0.0,0.30323450134770913,0.33333333333333337,0.0,1.0,0.0,0.44839114082741327,0.4279627163781625,0.6838709677419355,0.14930678990401702,0.0,0.40581283538571267,0.0,1.0,0.6716676718938479,0.2938557435440783,0.0,0.6666666666666667,0.0,0.0,0.4730831973898857,0.7777777777777778,0.372749391727494,0.7777777777777778,0.21488230827638577,0.5826235093696763,0.5357142857142858,1.0,0.0,0.6098817567567567,0.5,0.625,0.33333333333333337,0.0,0.0,0.0,0.7483870967741936,0.0,0.8571428571428571,0.0,0.8573637417858524,0.726065808297568,0.4931714719271625,0.1832209040862216,0.9166666666666666,0.9903176490572447,0.6666666666666667,0.6833895446880269,0.0,0.629937246216316,0.2137692549512733,0.0,0.0,0.0,0.11111111111111116,0.0,0.8269230769230769,0.49786324786324787,0.0,0.9326364692218351,0.0,0.0,0.0,1.0,0.0,0.9927212960788918,0.5027659574468085,0.9913699418270153,0.28920652968407357,0.4916017058126948,0.971830985915493,1.0,0.836474290012091,1.0,0.9778350846749574,0.9638036595991868,0.0,0.0,0.9333333333333333,0.7,0.7480932733183296,0.43729922547841005,0.8495337707111996,0.0,0.0,0.0,0.0,0.9999758535760854,0.9439268891461419,0.4699518979034747,0.809029500438881,0.0,0.6666666666666667,0.9917695473251029,0.0,1.0,0.8437234477766938,0.8735105407882676,0.0,0.49274014929862453,0.5860728058742444,0.0,0.5741935483870968,0.6666666666666667,0.0,0.0,0.8434873949579832,0.0,0.0,0.0,0.6362799263351748,0.0,0.0,0.8214611872146118,0.0,1.0,0.0,0.9322033898305084,0.0,0.0,0.0,0.0,0.0,0.0,0.0,0.4098360655737705,0.5220787413262087,0.6666666666666667,0.0,0.0,0.0,0.0,0.595452763622109,0.8655913978494624,0.7619047619047619,0.5909090909090908,0.0,0.5087719298245614,0.0,0.8629071463296063,0.9090909090909091,0.46153846153846145,0.6560415122312824,0.0,0.3676190476190476,0.3999999999999999,0.709688233322159,1.0,1.0,1.0,0.9567702750982494,0.6335861321776814,1.0,0.9592209373097992,0.6933927245731255,0.7320185614849188,0.0,0.7108559498956158,0.913074972835929,0.5121951219512195,0.8167539267015707,0.6666666666666666,0.4,0.8493611297915266,0.75,1.0,1.0,0.0,0.75,0.5070422535211268,0.8176470588235294,0.0,0.9615384615384616,0.0,0.1428571428571429,0.9818824569155987,0.0,0.0,0.125,0.0,0.5714285714285714,0.2559652928416486,1.0,0.0,0.8571428571428572,0.6216216216216216,0.6666666666666666,1.0,0.5688989053444944,0.0,0.9224806201550387,0.0,0.6129032258064515,1.0,0.6555023923444976,0.7857142857142857,0.0,0.745748987854251,0.7838606469960896,0.5528781793842035,0.0,0.6296296296296295,0.5625,0.5,0.0,0.0,0.5396618985695708,0.0,0.0,0.0,0.0,0.4950936663693132,1.0,0.2639593908629443,1.0,0.0,0.0,0.8991074274784826,0.0,0.0,0.9642857142857143,1.0,0.8,0.0,0.0,0.3529411764705882,0.6162464985994398,0.7769230769230769,0.0,1.0,0.5,1.0,0.0,0.7857142857142857,0.0,0.962962962962963,1.0,0.6470588235294118,0.46910356832027855,0.2803889789303079,0.5254237288135593,0.5713233488828873,0.10591350397175647,0.21580928481806771,0.0,0.0,1.0,0.8,0.25,0.47422680412371143,0.9772727272727273,1.0,0.0,0.0,1.0,0.0,1.0,0.0,1.0,1.0,0.6305862066357593,1.0,1.0,0.9111623084898053,0.13636363636363646,1.0,1.0,0.8567375886524823,0.0,0.9310344827586207,1.0,0.21304753028890977,0.5631320906657824,0.9535063928709803,0.0,0.0,0.0,0.0,1.0,0.9541685836506554,0.5152053506113492,0.8148148148148148,0.0,0.5,0.9887005649717514,0.0,1.0,1.0,0.967141478917201,0.0,0.5171405793250066,0.4245105421686748,0.0,0.8798044878915796,0.75,0.0,0.0,0.7142857142857143,1.0,0.0,0.0,0.12479089996654402,0.0,0.0,0.5453899869807077,0.0,0.6666666666666667,0.0,0.6923076923076923,0.0,0.0,0.0,0.0,0.0,0.0,0.0,0.0,0.0,0.5794261721483555,0.7648559282002834,0.0,0.0,0.0,0.9069437883797827,0.5,1.0,0.9,0.0,0.16666666666666663,0.6421238938053098,0.0,0.8632449190492594,0.3966055403823644,0.4444893015744853,0.525564803804994,0.7692307692307692,0.6363636363636364,1.0,0.6790752351097179,0.75,0.33333333333333337,0.7914939146716597,0.41194743130226996,0.0,0.9779049122114816,0.6011036174126303,0.0,0.0,0.18765957446808512,0.852882703777336,0.0,0.978021978021978,0.0,0.5858757062146893,0.17352056168505514,0.5675675675675675,0.8,0.0,0.40866873065015485,0.5714285714285714,0.3739525635563129,0.3433830989998551,0.0,0.5282657297987863,1.0,0.33333333333333337,0.41176470588235303,0.0,0.0,0.5,0.0,0.0,0.0440985732814525,0.0,0.0,1.0,0.0,0.4162141194724591,0.0,0.9644645838301932,0.75,1.0,0.5,0.321669736034377,0.0,0.13359201773835916,0.4545454545454546,1.0,0.18008784773060038,0.1714554875176636,1.0,0.8333333333333333,0.0,0.24439197166469895,0.5714285714285714,0.25,0.9583333333333334,0.05107084019769359,1.0,1.0,0.33333333333333337,0.0,0.0,0.0,0.8826086956521739,0.7142857142857142,0.218213058419244,0.0,0.24,1.0,1.0,0.671866594943518,0.0,0.33333333333333337,1.0,1.0,0.16499999999999992,0.7008547008547008,1.0,0.6666666666666666,0.0,0.5,0.6360441767068272,0.6923076923076923,0.5375527426160338,0.645710976921168,0.7777777777777778,0.8974358974358975,1.0,1.0,0.552346570397112,1.0,0.0,0.06622758873033296,0.0,1.0,0.5,0.5,0.8780487804878049,0.0,0.0,0.913884007029877,0.0,0.0,0.0,1.0,0.0,1.0,0.0,0.6798055725251666,0.0,0.14913774998249807,0.0,0.0,0.7722825570718425,0.33333333333333326,0.953584379358438,0.9351025450951322,0.3366228070175439,0.0,1.0,0.5714285714285714,0.6566040494115928,0.43555050609378243,0.8048731683290236,0.0,0.0,0.0,0.0,1.0,1.0,0.35121539035940963,0.7878787878787878,0.0,1.0,1.0,0.0,1.0,0.7371910789632309,0.8052771625691114,0.0,0.27648739932449984,0.588214271532383,runif
0.5714285714285714,0.7065637065637065,0.0,0.0,0.75,0.0,1.0,0.0,0.0,0.7604253106294465,0.6593532229965157,0.0,0.0,0.0,0.0,0.0,0.0,0.367356819838077,0.46408547244123044,0.0,0.823050173869846,0.7843749999999999,0.0,0.48539754440338534,0.0,0.16751837905684042,0.0,0.0,0.0,0.77227200843437,0.7236951118475559,0.6278834479967624,0.0,0.0,0.0,0.8259438601800712,0.0,0.8580814717477003,0.7050277738213929,0.0,0.5891317807305805,0.5769230769230769,0.9250199030180213,0.3776066453231809,1.0,0.0,0.8903874813710879,1.0,0.33333333333333337,0.8454170350722074,0.386434058065356,0.0,0.521978021978022,0.0,0.7528378244990622,0.9031606386445096,0.7162873452442731,0.4526287696824126,0.1497395833333336,0.06911857958148382,0.9214723926380368,0.8911303234069805,0.5593220338983051,0.5714285714285714,0.0,0.0,0.9080358616137726,0.5555555555555556,0.9439681567666871,0.0,0.5714285714285714,0.2727145457090858,0.8225806451612903,0.5714285714285714,1.0,0.8333333333333334,0.7354758961681088,0.19354838709677413,0.0,0.0,0.6881950384944397,0.9639751552795031,0.0,0.0,0.54527885146328,0.790727623953638,0.0,0.0,0.625,0.9671361502347418,0.6666666666666667,0.6309696092619392,1.0,0.9130434782608695,0.584055459272097,0.0,0.5181590482154039,0.9075928408105338,0.0,0.14517838219710344,0.0,0.25733791797478456,0.0,0.0,0.6344663088849134,0.0,0.75,0.6666666666666667,0.19999999999999996,0.6666666666666667,0.5916129032258065,0.0,0.2424348434493614,0.33333333333333326,0.5851154833190761,0.5848109735697558,1.0,0.0,0.0,0.36848355788525333,0.0,0.5,0.0,0.8571428571428572,0.5454545454545454,0.09976247030878882,0.0,0.0,0.9285714285714286,0.0,0.6404184663468844,0.006191117092866794,0.39144736842105254,0.18274582560296826,0.0,0.6602422907488987,0.8333333333333334,0.5507052529182881,0.9083320207906757,0.0,0.20442839696277804,0.0,0.7378640776699029,0.8888888888888888,0.11111111111111116,0.0,0.0,0.6245210727969348,0.7103004291845494,0.0,0.0,0.29166666666666663,0.9142857142857143,0.9042601615051334,0.0,0.7080095746639661,0.35215453194650814,0.6504447466393205,0.28901405399550495,0.36018165132268953,0.9850746268656716,0.0,0.0,0.76,0.9935290490754476,0.8787228321447695,0.0,0.0,0.6666666666666667,0.9,0.3442735042735041,0.0,0.8947653207896668,0.0,0.0,0.0,0.0,1.0,0.9395729624096799,0.704457389540478,0.9533034334602194,0.9964844882574659,0.6666666666666667,1.0,0.0,0.9943181818181818,0.0,0.24947099438412046,0.6666666666666667,0.9257774129741513,0.7747728514288226,0.0,0.5741935483870968,0.0,0.0,0.65,0.0,0.8839285714285714,0.0,0.0,0.9432301598943817,0.9867109634551495,0.0,0.0,0.0,0.0,0.0,0.0,0.7401790208565864,0.8508446641944788,0.0,0.9411764705882353,1.0,0.0,0.7919441801458929,0.4098360655737705,0.0,0.0,0.21212121212121204,1.0,0.9166666666666666,0.6912459135488558,0.7608409986859396,0.0,0.0,0.0,0.8725826778497241,0.0,0.8187766432041241,0.766266188172882,0.14367816091954033,0.717948717948718,0.6347150259067357,0.9256607929515418,0.19597315436241625,1.0,0.0,1.0,0.6153846153846154,1.0,0.9614649681528662,0.6356553087568322,0.0,0.75,0.0,0.7567039106145252,1.0,0.8700417536534446,0.40619340818544003,0.0,0.0,0.9936034115138592,1.0,0.8534990189666449,0.75,1.0,0.0,0.9485955368047074,0.75,1.0,0.04301075268817223,1.0,0.84375,0.8769230769230769,0.6666666666666667,1.0,1.0,0.5934204976803037,0.5,0.0,0.0,0.9762500948478641,1.0,0.0,1.0,0.7535247154747748,0.6956521739130435,1.0,0.0,0.5,1.0,1.0,0.6129032258064515,1.0,0.8663377965703547,0.5636653024101865,0.0,0.1612595419847329,0.7493486190724334,0.0,0.0,0.0,0.40286454365381685,0.0,0.75,0.980272523896685,0.0,1.0,0.0,0.0,1.0,0.8149927919269582,1.0,0.7560137457044673,0.33333333333333337,0.5952380952380951,0.24113475177304955,0.9814377851187667,0.0,0.0,0.3343151693667157,0.0,0.8,0.0,0.9,0.8235294117647058,0.3084714548802945,0.0,0.0,1.0,0.5,0.5817989836995974,0.021739130434782705,0.7857142857142857,0.0,0.0,0.5984481086323958,0.8823529411764706,0.7962170682278766,1.0,0.0,0.5320570534995025,0.17232930414897085,0.6321752265861027,0.9090909090909091,0.0,0.0,0.44999999999999996,0.875,1.0,0.0,1.0,0.2857142857142857,0.9117647058823529,0.7431757016532103,0.0,0.6389701104613384,0.0,0.8166969147005445,1.0,0.5462281729642506,0.9850746268656716,0.0,0.0,0.8181818181818182,0.9914532147092473,0.9678476232785429,0.8854667949951877,0.0,0.6551724137931034,0.6666666666666666,0.0,0.0,0.9554241669117306,0.0,0.0,0.0,0.0,0.9761904761904762,0.9543689511757634,0.673633608527537,0.9259259259259259,0.9994918699186992,0.5,1.0,0.0,0.9274789029535865,0.0,0.8521755855701829,1.0,0.9387283830245805,0.6999874497991968,1.0,0.8101670814077497,0.0,0.0,0.75,0.0,0.875,0.0,0.0,0.6089026116042712,0.7706019871420222,0.0,0.0,0.0,0.0,0.0,0.0,0.35653865674166796,0.3843779929764819,0.0,0.7958078602620087,0.875,0.0,0.5504964396750576,0.0,0.3608849690939243,0.0,0.0,0.5454545454545454,0.75,0.8931799506984388,0.6628926805932068,0.0,0.0,0.0,0.8184300341296928,0.0,0.9391727493917275,0.96,0.5786516853932584,0.5354742345033607,0.5348516218081434,0.9438444924406048,0.3076923076923076,1.0,0.0,0.9239864864864865,0.5555555555555556,0.33333333333333337,0.8300874731803928,0.41194743130226996,0.0,0.4610013963694396,0.0,0.6923076923076923,1.0,0.3350168350168351,0.45965331739390314,0.4375,1.0,0.8571428571428572,0.9328671328671329,0.24445411048281862,1.0,0.0,0.0,0.736842105263158,0.5714285714285714,0.8024813895781637,0.0,0.3999999999999999,0.1121047588629831,0.5,0.0,0.6666666666666667,0.6666666666666667,1.0,0.368421052631579,0.0,1.0,0.728,1.0,0.0,0.5,0.0,0.5518172888015718,0.0,0.5654474350126524,0.375,1.0,0.5,0.4441707717569786,0.7894736842105263,0.6451612903225805,0.2129629629629629,0.33333333333333337,0.8725236864771748,0.8588709677419355,0.23529411764705876,0.3276157804459692,0.0,0.0,0.5714285714285714,0.25,0.8688524590163935,0.01115760111576003,0.0,1.0,0.44444444444444453,0.0,0.3641975308641976,0.0,0.24084507042253533,0.4285714285714285,0.2883755588673621,0.08675227059191981,1.0,1.0,1.0,0.3009682625067239,0.0,0.0,0.0,1.0,0.144144144144144,0.26,1.0,0.6666666666666666,0.5,0.5,0.90751062824752,0.0,0.18214285714285705,0.5896090709087831,0.0,0.8619146005509641,0.0,0.0,0.9778812572759022,0.6208677685950413,0.0,0.0,0.013157894736842035,1.0,0.5,0.5,0.0,0.7368421052631579,0.6666666666666667,0.0,0.0,1.0,1.0,0.8646814101160499,0.0,0.9537953795379538,0.0450387051372273,0.5631419597634477,0.0,0.6883579445909782,0.5,0.0,0.0,0.33333333333333326,0.9802050613406034,0.8480429704861604,0.3366228070175439,0.0,1.0,1.0,0.0,0.0,0.8069560980066698,0.0,0.0,0.0,0.0,1.0,0.936964892412231,0.8803015304956978,1.0,0.9662162162162162,1.0,0.9898770788141721,0.0,1.0,0.271326530612245,0.0,0.0,0.880403691510605,0.9066463364183304,runif
0.0,0.0,0.7391304347826086,0.6832492086577123,0.0,0.0,0.828125,0.6186061381074168,0.0,0.0,0.5,0.0,0.0,0.8257099501409062,0.5,0.876845275722307,0.0,0.0,0.6497233235100812,0.6113826690148438,0.5498281786941581,0.0,0.25,0.34608695652173904,0.04097595748817329,0.0,0.0,0.0,0.0,0.9285714285714286,0.0,0.6608785873693278,0.0,0.0,0.0,0.8353435962545628,0.0,0.0,0.0,0.3157061848872479,0.6123160762942781,0.8461538461538461,0.8826247022305638,0.3776066453231809,0.8333333333333334,0.0,0.06879089360939283,1.0,0.6666666666666667,0.2654785624677145,0.386434058065356,0.0,0.5219780219780219,0.7604190704758388,0.6890756302521008,0.7354727585894298,0.4289239287433798,0.4623907615480649,0.0,0.0,0.27098540145985417,0.8210045662100457,0.8305084745762712,0.6666666666666667,0.4,0.5,0.0,0.0,0.904300007637669,0.0,0.1428571428571428,0.5706224350205199,0.7,0.0,0.4585987261146497,0.0,0.34749303621169925,0.0,1.0,0.5714285714285714,0.6933461909353906,0.37229987293519695,0.0,0.9166666666666666,0.8732880238904335,0.3348958733574119,0.0,0.0,0.625,0.44290448930400717,0.6666666666666667,0.0,0.5,0.7647058823529411,1.0,1.0,0.0,0.43924687171091115,0.791869918699187,0.0,0.125,0.8446677124079185,0.5080736012016522,0.5,0.6680244399185336,0.32914364640883975,0.0,0.6666666666666667,1.0,0.0,0.4848000000000001,1.0,0.0,0.33333333333333326,0.0,0.3625212947189096,0.8394892359645421,0.0,0.0,0.0,0.0,0.875,0.6666666666666667,0.9,0.5454545454545454,0.7158779462817467,0.7,0.75,0.0,0.0,0.6621047036938612,0.7111299915038232,0.7977228682170543,0.0,0.7222222222222222,0.5008545182653279,0.8333333333333334,0.7853608247422681,0.0,0.1564270152505447,0.4653008130081302,0.3549293635120766,0.6441921221864952,1.0,0.0,1.0,0.0,0.544891640866873,0.0,0.9326364692218351,0.5,0.791044776119403,0.9142857142857143,0.0,0.5,0.932757598848531,0.4010992882813049,0.9915153038778204,0.07758130466570978,0.36122472701911423,0.9436619718309859,0.8503937007874016,0.8518420015569218,1.0,0.968147151188874,1.0,0.0,0.0,0.6666666666666667,0.0,0.5686274509803921,0.7566801619433198,0.5216287433678737,0.0,0.0,0.0,0.0,0.9874855919644328,0.9394636361582431,0.8813811666189895,0.815140448171694,0.996486016519345,0.0,1.0,0.9166666666666666,0.9192546583850931,0.8346760769691725,0.8709567152907508,0.6666666666666667,0.7295304722184852,0.4726768913519783,0.0,0.0,0.6666666666666667,0.7916666666666666,0.0,0.625,0.9,1.0,0.0,0.0,0.0,0.0,0.0,0.819047619047619,1.0,0.8075000000000001,0.0,0.0,0.689869428185502,0.6818978742055666,0.8861120429386112,0.0,0.0,0.7919441801458929,0.0,0.0,0.0,0.21212121212121204,0.0,0.7083333333333333,0.0,0.5923369347739096,0.0,0.0,0.0,0.8557220783514243,0.0,0.1396103896103894,0.0,0.0,0.717948717948718,0.88860103626943,0.9577464788732395,0.4027777777777778,1.0,0.0,0.0,0.6153846153846154,1.0,0.21808851828094933,0.61369301994302,0.0,0.8029411764705883,0.6502957765855002,0.7320185614849188,1.0,0.314151190164792,0.43849136411702505,0.0862068965517242,0.08027923211169263,0.0,0.8,0.9388924252068745,0.75,1.0,1.0,0.11316800558854356,0.5,0.9436619718309859,0.0,0.0,0.9819734345351043,0.7,0.6666666666666667,0.0,0.0,0.5517241379310345,0.0,0.5258064516129033,0.8571428571428571,0.0,0.38888888888888884,0.0,1.0,1.0,0.0,1.0,0.0,0.5,0.7674418604651163,1.0,0.0,1.0,0.8653791130185979,0.3571428571428571,0.8125,0.5408071748878924,0.7698504027617952,0.9210174029451138,0.0,0.0,1.0,0.6363636363636365,1.0,0.7137566137566138,0.5890593729152769,0.0,0.0,0.5,0.0,0.0,0.0,0.24226804123711343,0.33333333333333337,0.0,0.2456207159177457,0.9875538535184298,0.0,0.0,0.0,0.0,0.8,1.0,0.9,0.8235294117647058,0.9071207430340558,1.0,1.0,0.0,0.5,1.0,1.0,0.9571428571428572,0.12063377745768811,0.7777777777777778,0.0,0.8823529411764706,0.9618768328445748,0.24027303754266227,0.18181818181818177,0.49070764832022873,0.0,0.9473023839397742,0.6363636363636364,0.0,0.0,0.0,0.875,0.0,1.0,0.0,0.8095238095238095,0.9117647058823529,0.0,0.5,0.9346040092014459,0.0,1.0,0.7452567670123956,0.5631121844390778,0.9558823529411765,0.9576271186440678,0.9023360892136127,0.8181818181818182,0.9664415534416657,0.9948793664069367,0.7400630914826498,0.0,0.6551724137931034,0.0,0.0,0.8272801420141054,0.7424372035150478,0.0,0.0,0.0,0.0,1.0,0.953776730627159,0.8387421890747834,0.8148148148148148,0.989404770166794,0.0,1.0,1.0,0.9220400222345747,1.0,0.9671302866874822,1.0,0.752395685617292,0.24667419678714853,1.0,0.0,0.7238493723849373,0.5145801910507792,0.0,0.7142857142857143,0.875,0.30114551637730447,0.0,0.0,0.0,0.0,0.0,0.5439919557566617,0.6666666666666667,0.8833955223880596,0.0,0.0,0.7293481018009638,0.8049453464926244,0.4375,0.0,0.33333333333333326,0.4938670979916431,0.25374732334047123,0.0,0.0,0.0,0.5454545454545454,0.75,0.0,0.9182172219818261,0.0,0.0,0.0,0.6342062193126023,0.0,0.6075949367088608,0.5,0.07096107475025859,0.5354742345033607,0.9537612146307799,0.6416963931827189,0.3076923076923076,0.75,0.0,0.3318965517241381,0.5555555555555556,0.6666666666666667,0.36070616557442836,0.41194743130226996,0.0,0.47416603962879367,0.9556455801391919,0.6923076923076923,0.8496199782844733,0.7751954362983309,0.6356148821357569,0.3088942307692307,1.0,1.0,1.0,0.6874375208263912,0.9523809523809523,0.4,0.0,0.0,0.0,0.9043149341552256,0.0,0.19999999999999996,0.562870699881376,1.0,0.0,1.0,0.0,0.8888888888888888,0.2857142857142857,0.0,1.0,0.40383795309168447,0.0,0.0,0.5,0.68,0.4276030368763557,0.0,0.7768219832735962,1.0,0.1259765625,0.5,0.07840722495894914,0.68,0.6308203991130821,0.4722222222222222,0.0,0.0,0.4733969986357436,1.0,0.0,0.0,0.43669402110199307,0.7142857142857142,0.0,1.0,0.6507936507936507,1.0,1.0,1.0,0.0,0.7412831241283124,1.0,0.0,0.4285714285714285,0.218213058419244,0.6398916967509025,0.72,1.0,1.0,0.0,0.0,1.0,0.0,1.0,0.16561514195583604,0.3846153846153846,0.0,0.6666666666666666,0.0,0.5,0.5930599369085173,0.6923076923076923,0.781437125748503,0.0,0.5555555555555556,0.0,0.0,0.7520240573675687,0.0,0.16163456533055687,0.0,0.6571049407921601,0.5733333333333335,0.0,0.0,0.5,0.0,0.9375,0.0,0.897907949790795,1.0,0.5,1.0,0.0,0.9166666666666666,0.8805786395814097,0.0,0.6959660412047801,0.22413793103448265,0.0,0.6666666666666667,1.0,0.7791832975130488,0.33333333333333326,0.9541509925881784,0.9898611829720715,0.7905443434911956,0.0,1.0,0.0,0.0,0.7604833712042967,0.48304141705156933,0.0,0.0,0.0,0.0,0.9599133261105092,0.9375238437198448,0.7893454381103971,0.7878787878787878,0.9662162162162162,0.0,0.9878133704735376,0.8571428571428572,1.0,0.7856917743460449,0.8055836017757264,0.0,0.6416013556449904,0.6815295361203231,runif
0.0,0.0,0.0,0.0,0.75,0.9404761904761905,0.0,0.0,0.6699172033118675,0.6898251222621835,0.0,0.0,0.7263047054952286,0.0,0.0,0.745602052375558,0.8888888888888888,0.5635441994642487,0.5590449509447886,0.6553712565191677,0.5873776712602357,0.446257197696737,0.0,0.7498274331919929,0.05434723712301026,0.2234090607147603,0.0,0.7202272667352159,0.8571428571428572,0.9285714285714286,0.0,0.6608785873693278,0.5265921348715934,1.0,0.0,0.7943052850715198,0.0,0.12970230688235862,0.7042695987433957,0.6840861344537815,0.873292840051537,0.0,0.8919182083739046,0.43038850912866666,0.0,0.9445831253120319,0.0,0.0,0.33333333333333337,0.2050737820901556,0.7565313188542651,0.0,0.5217391304347827,0.46074533092348735,0.0,0.7062768589660112,0.9236497252300588,0.0,0.3510167992926614,0.0,0.5911504424778761,0.8366954851104708,0.5596465390279823,0.8571428571428572,0.0,0.5,0.1252956383037237,0.33333333333333337,0.24039240392403927,0.21871261067240966,0.0,0.28166035075350315,0.0,0.0,0.14035087719298245,0.8333333333333334,0.36186650185414093,0.7741935483870968,0.2666666666666666,0.0,0.8029447115384616,0.9006211180124224,0.6428571428571428,0.9166666666666666,0.7272490221642764,0.014002763703362842,0.5,0.8765732846122615,0.7000000000000001,0.0,0.6666666666666667,0.6309696092619392,0.7777777777777778,0.7647058823529411,0.5407279029462738,0.8947368421052632,0.8622129436325678,0.6329366398510737,1.0,0.9409448818897638,0.125,0.4536906808355472,0.5124674358020097,0.0,0.0,0.3147173883717792,0.0,0.0,0.0,0.0,0.5548548439708599,1.0,0.8860426143164951,0.7777777777777778,0.41463414634146356,0.0,0.0,0.0,0.6666666666666667,0.3174296745725317,0.0,0.0,0.6666666666666667,0.75,0.5454545454545454,0.0,0.7483870967741936,0.75,0.9285714285714286,0.0,0.047514082782267986,0.583117723156533,0.0,0.3894696722204072,0.9166666666666666,0.36223506743737954,0.0,0.9547843089331541,0.9068749593742551,0.04027439699048463,0.6434782608695652,0.5692753469083949,0.03325964630225087,1.0,0.0,1.0,0.0,0.5511450381679389,0.0,0.9457547169811321,0.5,0.6666666666666667,0.9142857142857143,0.0,0.0,0.6109708120737343,0.9654065849432001,0.0,0.786790780141844,0.3596829604181784,0.0,1.0,0.6526864121368544,1.0,0.0,0.9043762359212449,0.525548283385004,0.206896551724138,0.16666666666666663,0.8,0.5196078431372548,0.6366293034427541,0.0,0.0,0.0,0.0,0.0,0.0,0.0,0.8910551065948891,0.0,0.9970205184912151,0.0,1.0,0.7103448275862069,0.9052076832397198,0.22122919092425353,0.0,0.6666666666666667,0.9759626604434072,0.730189824310725,0.0,0.0,0.0,0.0,0.65,0.8148148148148149,0.0,0.0,0.5945945945945946,0.6362799263351748,0.0,0.0,0.8375755238462528,0.0,0.0,0.8391938700535321,0.9322033898305084,0.7401790208565864,0.6891083318337233,0.6818602927552344,0.9556650246305418,1.0,0.0,0.42233009708737856,0.8681318681318682,0.5828767123287671,0.0,0.6444444444444444,0.0,0.9166666666666666,0.0,0.6229508196721312,0.8655913978494624,0.7619047619047619,0.0,0.8053339162750026,0.0,0.13265306122448983,0.8719211822660099,0.9693486590038314,0.8974358974358975,0.0,0.8755760368663594,0.4698055271238485,0.0,0.9862542955326461,0.18598382749326137,0.23076923076923073,0.0,0.06333606333606323,0.923076923076923,0.0,0.8029411764705883,0.4646198830409356,0.0,0.38095238095238093,1.0,0.5294117647058822,0.6000000000000001,0.2571428571428571,0.9664902998236331,0.8527918781725888,0.7921273772666961,0.75,1.0,1.0,0.0,0.2500000000000001,0.0,0.6081474296799224,0.0,0.8259013282732448,0.0,0.0,0.0,0.8333333333333334,0.5509391007398975,0.625,0.48677884615384603,0.0,0.8435374149659864,0.7918994413407822,1.0,0.9,0.9871159563924677,0.0,0.0,0.9595704358812381,1.0,0.0,1.0,0.6129032258064515,1.0,0.9166164701832888,0.6325602546612097,0.9375,0.9291084854994629,0.7151103565365026,0.941747572815534,1.0,0.75,0.5651644336175395,0.6363636363636365,0.0,0.5564368517388651,0.5189255189255191,0.0,0.0,0.0,0.0,0.8907692307692308,0.5,0.9579230080572964,1.0,0.7915309446254072,0.005331302361005319,0.3691709844559584,0.0,1.0,0.0,0.0,0.0,1.0,0.44999999999999996,0.8235294117647058,0.5703517587939699,1.0,0.5,1.0,1.0,0.2975301550832854,0.0,0.2857142857142857,0.0,0.962962962962963,0.0,0.0,0.7022900763358779,0.30605078336034575,0.22089552238805954,0.0,0.8220105289546252,0.0,0.9090909090909091,0.0,1.0,0.44999999999999996,0.875,0.0,1.0,0.0,0.0,0.9117647058823529,0.0,0.0,0.764373232799246,0.9568209856502824,0.0,0.0,0.5446098087600247,0.0,1.0,0.8476584496925818,0.9545454545454546,0.0,0.8917050127276287,0.0,0.375,0.1724137931034483,0.6666666666666666,0.9550763206155288,0.9919139361552525,0.0,0.0,0.0,0.0,0.0,0.0,0.0,0.953985566227142,0.0,0.9992283323856713,0.0,1.0,0.5,0.9713355048859935,0.5285401023323808,0.7983062092651134,1.0,0.8609842021247316,0.580844553243574,1.0,0.0,0.0,0.0,0.75,0.7142857142857143,0.0,0.0,0.6608856088560886,0.6497765468622143,0.0,0.0,0.5973601508485228,0.0,0.0,0.6354111506165367,0.6923076923076923,0.17113854595336087,0.38784052931843505,0.5653287047081796,0.6079328756674294,0.0,0.0,0.577775398779574,0.0,0.0,0.0,0.8169315403422983,0.5454545454545454,0.75,0.0,0.6741547012505791,0.8454011741682974,1.0,0.0,0.7365630272354784,0.0,0.683695652173913,0.96,0.35236457437661217,0.793800539083558,0.0,0.9252850963429021,0.7692307692307692,1.0,1.0,0.3932926829268293,0.0,0.6666666666666667,0.3694504043571545,0.7637635092180548,0.0,0.5052019583843329,0.03708390110959703,0.0,0.8515097690941386,0.6583333333333333,0.0,0.0,0.0,1.0,0.9534109816971714,0.17460846384538486,1.0,0.0,0.0,0.42105263157894746,0.5714285714285714,0.33534698688669506,0.3193760262725781,0.0,0.1121047588629831,1.0,0.33333333333333337,1.0,0.6666666666666667,0.8888888888888888,0.7894736842105263,0.0,1.0,0.8592750533049041,0.6666666666666667,0.0,1.0,0.5696821515892421,0.18981805458362488,1.0,0.7277117384843983,0.6,0.0,0.5,0.4367816091954022,0.7800829875518672,0.6731439960139511,0.0586419753086419,1.0,0.6470588235294117,0.549731182795699,0.7407407407407407,1.0,0.0,0.06416906820365043,0.7142857142857142,0.25,0.34426229508196726,0.17412935323383105,1.0,0.0,0.33333333333333337,0.0,0.2999999999999998,1.0,0.768141592920354,0.7142857142857142,0.1822916666666664,0.12008697106539556,0.0,1.0,0.0,0.6149532710280374,0.0,0.0,0.0,0.0,0.144144144144144,0.10682492581602365,0.0,1.0,0.5,0.0,0.0,0.6923076923076923,0.0,0.6355369646267164,0.7777777777777778,0.33218133767025804,0.0,0.7520240573675687,0.8655172413793103,0.1552042160737812,0.5974378881987578,0.4113843991567112,0.17333333333333356,1.0,0.0,0.0,0.0,0.9375,0.0,0.9418386491557224,1.0,0.0,1.0,0.0,0.0,0.5966777408637873,0.6984463276836158,0.8861731465960093,0.6666666666666667,0.6748498056308163,0.5,1.0,0.9424635332252836,0.0,0.0,0.8551903960019556,0.0,0.7,0.5,0.8571428571428571,0.8233306066216042,0.46745222014657284,0.0,0.0,0.0,0.0,0.0,0.0,0.0,0.7896100327753027,0.0,0.9662162162162162,0.0,0.9866869532141499,1.0,0.7260656883298393,0.0,0.02994520460153216,0.0,0.9168837675350702,0.9119008855180082,runif
0.0,0.0,0.811068211068211,0.6469803136469803,0.7380952380952381,0.9421296296296297,0.7857142857142857,0.6186061381074168,0.0,0.6886518549352204,0.0,0.8985267886635396,0.0,0.8574445617740232,0.0,0.8782677963646897,0.0,0.0,0.9218556307809669,0.5709131943850769,0.0,0.0,1.0,0.0,0.06610015653569401,0.505583273936802,0.6132518567876355,0.0,0.2857142857142857,0.0,0.0,0.0,0.0,0.8571428571428572,0.0,0.8501718213058419,0.0,0.20692130959218857,0.7042695987433956,0.7833333333333333,0.0,0.8958333333333334,0.0,0.675317604355717,0.4269311064718164,0.08823529411764708,0.6987255288398371,0.4462151394422311,0.6666666666666667,0.26467868700878405,0.25710193363571276,0.0,0.3112033195020746,0.7435930867631506,0.0,0.9278397244130179,0.8994370522006141,0.4781420765027322,0.386604774535809,0.07138221933809219,0.5050545895673271,0.907859078590786,0.96,0.1428571428571429,0.6000000000000001,0.0,0.1712191872085277,0.5555555555555556,0.3863696632193053,0.0,0.5714285714285714,0.0,0.6000000000000001,1.0,0.5070422535211269,0.0,0.0,0.19354838709677413,0.2666666666666666,0.8571428571428572,0.8003014318010551,0.9715087097726601,0.6428571428571428,1.0,0.0,0.0,0.5,0.8978275452809743,0.30000000000000004,0.8226751592356688,0.0,0.6304347826086957,0.7777777777777778,0.368421052631579,0.8824435318275154,0.5789473684210527,0.44839114082741327,0.8181237743421352,0.3157894736842105,0.8657453109575518,0.0,0.5538453316231094,0.4123861566484518,0.0,0.0,0.6211127920658934,0.75,0.6666666666666667,0.5,0.0,0.708128078817734,0.0,0.16888677450047562,0.7777777777777778,0.0,0.0,0.5302445302445302,1.0,0.6666666666666667,0.0,0.5,0.0,0.6666666666666667,0.0,0.2727272727272726,0.7332738626226584,0.7179487179487178,0.75,0.8571428571428571,0.0,0.6322458133481754,0.9252058696055971,0.39144736842105254,0.0,0.0,0.6318386300972283,0.6666666666666667,0.37199434229137196,0.254524627720504,0.5461385262226157,0.39659863945578233,0.957580434840461,0.7678571428571429,0.8888888888888888,0.0,0.6666666666666666,0.3076923076923077,0.01393188854489158,0.21687763713080166,0.562137049941928,0.5,0.791044776119403,0.0,0.998198697519745,0.0,0.6107074569789676,0.7727659574468085,0.7129772419271928,0.47148613994382704,0.6536430143773566,0.971830985915493,1.0,0.5716195830303556,0.84,0.9486840233683722,1.0,0.24280230326295593,0.0,0.16666666666666663,0.8,0.9763513513513513,0.9034431137724551,0.9779692844208974,0.0,0.0,0.0,0.0,0.999792181120266,0.7441287152263611,0.0,0.9408969408969409,0.9754344349201215,0.0,1.0,0.0,0.9967320261437909,0.9902115069872844,0.6209762090231444,0.6666666666666667,0.9153752535496957,0.0,0.0,0.0,0.8656716417910448,0.7916666666666666,0.6296296296296295,0.875,1.0,0.7666666666666666,0.0,0.7326787512588117,0.0,0.9179557470139025,0.0,0.7435897435897436,0.0,0.8321873657069188,0.0,0.0,0.7311693796068797,0.7267137227731347,0.0,0.0,0.0,0.0,0.4098360655737705,0.5771519180692746,0.6206896551724137,0.0,0.25,0.0,0.0,0.0,0.0,0.6666666666666667,0.0,0.8869440059429845,0.0,0.27649164677804294,0.7337461300309598,0.7223796033994334,0.8181818181818181,0.5651533742331288,0.0,0.7054054054054053,0.3999999999999999,0.0,0.33884514435695534,1.0,1.0,0.3653225806451612,0.0,0.0,0.0,0.6495975575908965,0.0,0.8985313751668892,1.0,0.7299691833590138,0.6948051948051948,0.0,0.41758241758241743,0.8,0.951349296845306,1.0,0.0,0.0,0.05695570112135029,0.75,0.5070422535211268,0.0,0.5,0.14632983794089605,1.0,0.8888888888888888,0.42391304347826086,0.0,0.0,0.0,0.5672043010752688,1.0,0.7445289461431011,1.0,0.625,1.0,0.5,0.1428571428571428,0.0,0.9069964664310954,0.0,0.7364341085271318,0.0,0.6129032258064515,1.0,0.6669526424159232,0.9081400636653024,0.8125,0.7556693489392831,0.9404699738903395,0.20000000000000007,0.7272727272727273,0.0,0.40282012195121963,0.2727272727272728,0.0,0.47777777777777786,0.773523685918235,1.0,0.0,0.0,0.0,0.8301369863013699,0.0,0.24561403508771917,1.0,0.0,0.005331302361005319,0.3869961889363668,1.0,1.0,0.5839469808541974,1.0,0.0,1.0,0.44999999999999996,0.5882352941176471,0.932780847145488,0.7,1.0,1.0,1.0,0.75390625,1.0,0.7857142857142857,0.12535816618911177,0.0,1.0,0.6470588235294118,0.0,0.0,0.2727272727272727,0.5626392277500796,0.9698492462311558,0.5247981545559401,0.9090909090909091,0.0,1.0,0.65,0.25,0.06666666666666654,1.0,0.0,0.8656716417910448,0.0,1.0,0.0,0.80754586362063,0.854220600769482,0.09542314335060453,0.0,0.5325616804660218,1.0,1.0,0.7521017728576121,0.9545454545454546,0.9490749173801035,1.0,0.0,0.0,0.1724137931034483,0.6666666666666666,0.9939950547509714,0.9644821547492786,1.0,0.0,0.0,0.0,0.0,0.9922220855878012,0.7403076253929342,0.0,0.9259259259259259,0.9748369058713886,0.0,1.0,0.0,0.9804069329314242,1.0,0.9917198723064645,1.0,0.8609387022313414,0.0,1.0,0.0,0.8435870698644421,0.5025351389512869,1.0,0.7142857142857143,1.0,0.6950747094631987,0.0,0.6101564503718901,0.0,0.838012958963283,0.0,0.5,0.0,0.8780903665814151,0.0,0.0,0.8654800769196369,0.8814325452016689,0.0,0.35121951219512193,0.33333333333333326,0.0,0.75,0.0,0.605130361648444,0.5722477064220182,0.0,0.0,0.0,0.0,0.0,1.0,0.0,0.5543407523102956,0.0,0.0,0.96,0.0,0.0,0.40160642570281124,0.5174069627851141,0.0,0.6,0.0,0.1660156250000001,0.6666666666666667,0.6666666666666667,0.47030263796730853,0.5437060781654542,0.0,0.0,0.9553296108009001,0.25,1.0,0.5497872340425531,0.2422846614463382,0.25,0.2857142857142856,1.0,0.9373368146214099,0.517857142857143,0.8448275862068966,1.0,0.0,0.011150234741783782,0.5714285714285714,0.45124282982791586,0.0,0.6,0.0,0.0,1.0,0.0,0.0,0.0,0.0,0.0,0.5,0.8598574821852731,0.5,0.0,0.5,0.1690507152145645,0.0,1.0,0.019080234833659504,0.8,0.9790349417637271,0.5,0.4367816091954022,0.7894736842105263,0.6568501920614597,0.4722222222222222,1.0,0.5333333333333333,0.6378473753859727,0.37037037037037046,0.5497512437810945,0.0,0.8249400479616307,0.5950920245398772,0.25,0.7719298245614035,0.19282511210762343,0.0,1.0,0.5,0.0,0.28205128205128205,0.5,0.0,0.7142857142857142,0.8694362017804154,0.35096596136154556,0.5,0.0,0.0,0.0,0.0,0.0,0.0,0.0,0.061514195583596276,0.5420353982300883,0.5,0.6666666666666666,0.0,0.0,0.13570761083999583,1.0,0.546774193548387,0.0,0.0,0.0,1.0,0.6976744186046513,0.6965352449223416,0.7415019762845849,0.0,0.9437751004016064,0.6052631578947367,1.0,0.0,0.5,0.29268292682926833,0.625,0.3784090909090909,0.46703733121525026,1.0,0.6923076923076923,0.0,0.9989545216936748,0.0,0.6268082486919052,0.7019774011299436,0.0,0.6724137931034482,0.6757463499673132,0.0,0.75,0.34245115985955654,0.0,0.9539385599523951,0.9823403496254014,0.0,0.0,0.5,0.8571428571428571,0.9606760728028446,0.8495792426367461,0.9382625849346095,0.0,0.0,0.0,0.0,1.0,0.613202953366702,0.0,0.9545454545454546,0.9797297297297297,0.0,1.0,0.5,1.0,0.9760141829179267,0.5193410638031768,0.0,0.9692826371979771,0.0,runif
0.0,0.0,0.0,0.0,0.7380952380952381,0.9421296296296297,1.0,0.6186061381074168,0.6669831023352952,0.6593384670630014,0.7358490566037736,0.0,0.0,0.5756735340729002,0.5,0.0,0.0,0.47033586188180865,0.0,0.7001388117712382,0.7367939629544935,0.44376278118609414,0.0,0.34550195567144715,0.0,0.0,0.6253071756225426,0.0,0.0,0.0,0.7963829123791706,0.0,0.83596104623866,0.0,0.33333333333333326,0.8353435962545628,0.45081640780565513,0.9542878730638459,1.0,0.6842105263157895,0.0,0.5769230769230769,0.8919182083739046,0.7272727272727273,1.0,0.0,0.8652666499749624,0.39622641509433965,0.6666666666666667,0.28205128205128194,0.7640634389778695,0.0,0.7604895104895105,0.1623364658190528,0.0,0.9049531459170014,0.7271647341373344,0.9181255049824939,0.3165236051502144,0.10505529225908372,0.43137254901960775,0.77466251298027,0.0,0.7142857142857143,0.4,0.5,0.8540211759405272,0.22222222222222232,0.6312289332240137,0.22475270301357253,0.1428571428571428,0.8296442399006502,0.0,1.0,0.7247075017205782,0.0,0.0,0.7741935483870968,0.4,0.0,0.0,1.0,0.0,1.0,0.7724242563560296,0.0,0.0,0.0,1.0,0.5100154083204931,0.33333333333333337,0.0,0.5,0.7763157894736842,0.8752166377816291,1.0,0.44839114082741327,0.3399144001104515,0.3611793611793611,0.0,0.0,0.24167409104407944,0.0,1.0,0.0,0.5871842267406038,0.0,0.6666666666666667,0.19999999999999996,0.0,0.35715119673088147,0.5555555555555556,0.009715025906736119,0.11111111111111105,0.02827854365500193,0.9886249581799933,0.0,1.0,0.0,0.585883207136189,0.0,0.0,0.33333333333333337,0.8571428571428572,1.0,0.1918256130790188,0.8225806451612903,0.75,0.0,0.0,0.8573637417858524,0.6354676749519617,0.3978819969742815,0.4864996351252735,0.7222222222222222,0.0,0.6666666666666667,0.0,0.5449711175526036,0.9773420479302832,0.7330081300813008,0.9018386263485793,0.6441921221864952,0.4444444444444444,0.0,0.6666666666666666,0.0,0.0,0.6410256410256411,0.9352112676056338,0.0,0.0,0.0,1.0,0.0,0.0,0.9772340425531915,0.9075789973865527,0.4755948996995045,0.4916017058126948,0.0,1.0,0.594813127120901,0.72,0.9912293413326783,1.0,0.0,0.0,0.0,0.7,0.8137254901960784,0.9484977718146533,0.0,0.0,0.0,0.0,0.0,0.0,0.9618782563064583,0.0,0.8164837888380686,0.0,0.0,0.8417308832246592,0.0,0.9014893301719028,0.8346485532580827,0.8735447430485661,0.0,0.5453708251473477,0.751690066014864,0.0,0.0,0.0,0.0,0.6296296296296295,0.9103982300884956,1.0,1.0,0.5945945945945946,0.7326787512588117,0.6962962962962963,0.0,0.0,0.819047619047619,1.0,0.0,0.0,0.8427225130890053,0.0,0.8919259882253995,0.9411764705882353,1.0,0.0,0.7940379403794038,0.4098360655737705,0.0,0.6666666666666667,0.21212121212121204,0.5,0.0,0.6965123393840504,0.0,0.8655913978494624,0.0,0.8374512353706112,0.8921762606557074,0.5087719298245614,0.846938775510204,1.0,0.8204633204633205,0.0,0.6560415122312824,1.0,0.0,0.3999999999999999,0.0,0.9534001625575724,1.0,1.0,0.22194922194922195,0.9308652666522336,0.0,0.25,0.37134866376631437,0.0,0.8985313751668892,0.8707983193277311,0.8905950095969289,0.0,0.08027923211169263,0.7259615384615385,0.8,0.0,0.0,1.0,1.0,0.9485955368047074,0.0,1.0,0.5807453416149069,0.0,0.5938375350140057,0.0,0.1428571428571429,0.9146853146853147,0.0,0.0,0.7692307692307693,0.4181034482758621,0.0,0.18716460409593672,0.9375959079283888,0.0,0.9,0.9321906197023921,0.1428571428571428,1.0,0.38086749851455715,0.5,0.7674418604651163,1.0,0.7096774193548387,1.0,0.9065431251429878,0.3571428571428571,0.9375,0.7354166666666667,0.18663136995367302,0.08299866131191436,1.0,0.0,0.4505080918328942,0.5,0.0,0.3566739606126914,0.36996336996337,0.0,0.0,0.5,0.0,0.8693957115009746,0.5,0.0,0.0,0.0,0.9710586443259711,0.0,0.375,0.0,0.9565217391304348,0.0,0.0,0.0,0.9,0.8235294117647058,0.9108796296296297,0.8769230769230769,1.0,0.0,1.0,1.0,0.8260869565217391,0.7857142857142857,0.0,0.7777777777777778,0.0,0.6470588235294118,0.0,0.8633879781420766,0.8656716417910447,0.9835578657048902,0.8804780876494024,0.9402129402129402,0.6363636363636364,0.0,1.0,0.0,0.0,0.0,0.9772727272727273,1.0,0.0,0.0,1.0,0.0,0.0,0.9762225284572922,0.8518218623481781,0.33415052708997306,0.6437116534918162,0.0,0.9915254237288136,0.8141820307362575,0.6818181818181819,0.9950280647255574,0.992643362473792,0.7325655790147153,0.0,0.0,1.0,0.12087782308766415,0.9658937495559082,0.0,0.0,0.0,0.0,0.0,0.0,0.9552781156146839,0.0,0.8148148148148148,0.0,0.0,1.0,0.0,0.930778739184178,1.0,0.9969546345561467,0.0,0.4945052028031429,0.7318114760462768,1.0,0.0,0.0,0.0,1.0,0.7142857142857143,1.0,0.2264311555650136,0.6757012888551933,0.643495897483175,0.7723649247121346,0.0,0.0,0.4373983739837398,0.6666666666666667,0.0,0.0,0.9674172637325145,0.0,0.7017566070580787,0.6914725621792341,0.0,0.0,0.7702335687126561,0.0,0.23708366115919222,0.5831583858175879,0.0,0.5454545454545454,0.0,0.8685744568097509,0.0,0.5013907581875281,0.0,0.75,0.6059803179409537,0.5,0.9738725841088046,0.808,0.5790197764402407,0.0,0.4444893015744853,0.9252850963429021,0.15384615384615385,0.6363636363636364,0.75,0.7116564417177914,1.0,0.6666666666666667,0.40733718835908617,0.7682198327359617,0.0,0.517123287671233,0.001064773735581226,0.25,0.956953642384106,0.33529659234329,0.8452326116996776,0.0,0.0,0.0,0.8540669856459331,0.0,0.75,0.4,0.0,0.736842105263158,0.5714285714285714,0.7944561672741224,0.37508432651225543,0.19999999999999996,0.577131906739061,1.0,0.33333333333333337,0.41176470588235303,0.0,0.0,0.7894736842105263,0.0,1.0,0.24061597690086645,0.75,0.0,1.0,0.5696821515892421,0.0,0.0,0.14884051112162788,1.0,0.3672331386086032,0.0,0.38551258440761205,0.26315789473684215,0.6661577608142494,0.45656779661016955,1.0,0.18008784773060038,0.4331715924128805,1.0,0.0,0.0,0.0,0.5714285714285714,0.25,0.8333333333333334,0.7802690582959642,1.0,1.0,0.0,0.0,0.7255917159763313,1.0,0.0,0.2857142857142857,0.27827380952380953,0.9275825346112886,0.56,1.0,1.0,0.6931106471816284,0.0,0.0,1.0,1.0,0.16561514195583604,0.2178362573099416,0.5,0.6666666666666666,0.0,0.0,0.6657754010695187,0.26923076923076916,0.5563349408154319,0.6909912051342999,0.5555555555555556,0.32096,1.0,0.6020230205790025,0.3750000000000001,1.0,0.7199462031864267,0.7957047464356615,0.6,0.0,0.0,0.5,0.0,0.0,0.6714285714285714,0.9418386491557224,0.0,0.0,0.0,0.9818181818181818,0.0,0.0,1.0,0.0,0.6724137931034482,0.1488875946418171,1.0,0.875,0.30899303356554797,1.0,0.9962448190968868,0.9928559561388935,0.33333333333333326,0.0,0.0,0.5714285714285714,0.6580276282292058,0.9822863027806386,0.0,0.0,0.0,0.0,0.0,0.0,0.9376683296657764,0.0,0.7878787878787878,0.0,0.0,0.9202882233731141,0.0,0.7419354838709677,0.7855579868708972,0.8134081138965501,0.0,0.26615041900922864,0.9037709464103718,runif
0.0,0.7065637065637065,0.0,0.8431179775280899,0.0,0.75,0.0,0.7777389684480149,0.0,0.822624423520369,0.0,0.0,0.0,0.8257099501409062,0.5,0.0,0.0,0.0,0.0,0.0,0.0,0.0,0.25,0.0,0.106123492128399,0.0,0.0,0.0,0.8571428571428572,0.0,0.8032534622994065,0.0,0.8489945636289239,0.0,0.0,0.0,0.360116873630387,0.6043737574552684,0.9688304260794967,0.7544507450876962,0.5117529518619438,0.8461538461538461,0.8826247022305638,0.9772727272727273,1.0,0.9449586776859504,0.2086217747010699,0.0,0.33333333333333337,0.301642579371989,0.7716068014890834,0.0,0.7604895104895105,0.42192865652813794,0.0,0.8925284512617516,0.3568671121009652,0.9058128691327323,0.45299145299145305,0.808170515097691,0.8438264058679706,0.907859078590786,0.8645066273932254,0.0,0.4,0.0,0.9080358616137726,0.0,0.6916973963571349,0.0,0.8571428571428571,0.7013518450858605,0.6826923076923077,0.0,0.0,0.0,0.7354758961681088,0.19354838709677413,0.0,0.8571428571428572,0.8029091783374407,0.9354037267080745,0.0,0.0,0.7541048663128131,0.8857324570701717,0.0,0.4223098591549297,1.0,0.0,0.6666666666666667,0.30323450134770913,0.33333333333333337,0.4342105263157895,0.8752166377816291,1.0,0.0,0.0,0.5291095890410958,0.9646504320502749,0.0,0.5870701013129799,0.5124674358020097,0.0,0.671667671893848,0.6211127920658934,0.75,0.6666666666666667,0.19999999999999996,0.0,0.0,0.5555555555555556,0.879595748388221,0.0,0.0,0.2101307189542484,0.0,1.0,0.0,0.36848355788525333,0.0,0.875,0.6666666666666667,1.0,0.2727272727272726,0.7332738626226583,0.6826923076923077,0.0,0.8571428571428571,0.0,0.5013131335055239,0.6146368645904279,0.9215225563909775,0.5200169455623808,0.4722222222222222,0.25828415796640947,0.6666666666666667,0.0,0.4623745999011837,0.0,0.6152731326644371,0.0,0.19623249722977731,0.4444444444444444,0.11111111111111116,0.0,1.0,0.0,0.6050632911392404,0.6718885987815493,0.5,0.791044776119403,0.0,0.9220655737704918,0.989813736903376,0.6115702479338843,0.6352506596306069,0.0,0.6914485747624604,0.4851190034848373,0.9436619718309859,1.0,0.0,1.0,0.9487597250967006,0.0,0.529071706503613,0.0,0.9487179487179487,0.8,0.3974670908977478,0.9059543397778692,0.43298369278265225,0.0,0.0,0.0,0.0,1.0,0.9618782563064583,0.0,0.952054794520548,0.0,0.6666666666666667,1.0,0.7,0.0,0.5111104116832431,0.6572043899454039,0.6666666666666667,0.0,0.8422965034015146,0.0,0.5741935483870968,0.0,0.7916666666666666,0.0,0.0,0.0,0.7666666666666666,0.0,0.9510734929810074,0.0,0.0,0.0,0.7435897435897436,1.0,0.0,0.0,0.0,0.0,0.0,0.0,0.0,0.0,0.0,0.8681318681318682,0.0,0.0,0.21212121212121204,0.0,0.0,0.6977832011389059,0.0,0.8655913978494624,0.0,0.0,0.0,0.5087719298245614,0.13265306122448983,1.0,0.957680250783699,0.4472984942426924,0.9184581171237954,1.0,0.994614607876136,1.0,0.9989594172736732,0.0,0.23076923076923073,1.0,0.02602230483271395,0.93098479936604,0.0,0.25,0.24069855732725887,0.0,1.0,0.22537878787878773,0.8765631302944735,0.6000000000000001,1.0,0.9469992205767732,1.0,0.956960322797579,0.5,1.0,0.0,0.9485955368047074,0.5,0.0,0.04301075268817223,1.0,0.9509615384615384,0.6689655172413793,0.0,0.5229681978798586,0.0,0.6226522481502561,0.0,0.0,1.0,0.7883035812068777,0.9405646359583952,0.0,0.0,0.9316297173802673,0.8095238095238095,1.0,0.43790849673202614,0.5,0.0,1.0,0.6129032258064515,1.0,0.8629604209563029,0.9081400636653024,0.9375,0.6093635698610096,0.4248753857108948,0.0,1.0,0.0,0.4558823529411764,0.6363636363636365,0.75,0.7137566137566138,0.684729064039409,1.0,0.0,0.0,0.0,0.549752781211372,0.5,0.9562383612662942,0.33333333333333337,0.0,0.2456207159177457,0.0,0.375,0.0,0.3161875945537066,0.0,0.8,1.0,0.9,0.5882352941176471,0.9303112313937754,0.6689655172413793,0.5,1.0,0.5,0.7875791139240507,1.0,0.7571428571428571,0.8305343511450382,0.37037037037037035,0.04761904761904756,0.6470588235294118,0.0,0.0,0.0,0.0,0.09572864321608054,0.9065743944636678,0.6363636363636364,0.0,0.0,0.8,0.0,0.0,0.9318181818181818,0.0,0.8095238095238095,0.0,0.9180737961225767,0.5,0.8071970947507429,0.5379211854528143,0.0,0.6621721010051483,0.6304688268359295,0.9558823529411765,1.0,0.0,0.9545454545454546,0.966307961011888,0.0,0.0,0.0,0.9473684210526316,0.6666666666666666,0.0,1.0,0.5657586937750215,0.0,0.0,0.0,0.0,1.0,0.9554175429914635,0.0,0.9259259259259259,0.0,0.5,1.0,0.5,0.0,0.9110742338754287,0.9973038857746274,1.0,0.0,0.8883032128514057,1.0,0.7743484224965707,0.0,0.8492225859247136,0.0,0.0,0.0,0.7085346215780998,0.0,0.643495897483175,0.0,0.0,0.0,0.2585858585858585,0.6666666666666667,0.0,0.0,0.0,0.0,0.0,0.0,0.0,0.33333333333333326,0.0,0.0,0.3608849690939243,0.0,0.0,0.5454545454545454,0.0,0.8686716791979949,0.0,0.865234375,0.0,0.0,0.0,1.0,0.0,0.808,0.4185673556664291,0.0,0.8457811869196609,0.644514353126229,0.7692307692307692,0.8181818181818181,0.75,0.0,0.0,0.33333333333333337,0.4245052631578947,0.7637635092180548,0.0,0.47629255989911734,0.08959572659949011,0.25,1.0,0.6405996758508914,0.844311377245509,1.0,1.0,1.0,1.0,0.7311935807422267,0.6216216216216215,0.4,0.0,0.736842105263158,0.0,0.44385185185185183,0.0,0.8,0.5282657297987863,1.0,0.33333333333333337,0.41176470588235303,0.0,1.0,0.0,0.0,0.5,0.8972099853157122,0.75,0.0,0.0,0.5223042836041358,0.5629795396419437,0.0,0.0,0.5,0.0,0.5,0.321669736034377,0.15789473684210542,0.01832061068702273,0.0,1.0,0.0,0.0,0.0,1.0,0.0,0.8242224316682375,0.7142857142857142,0.25,0.7377049180327869,0.19282511210762343,0.0,1.0,0.44444444444444453,0.0,0.0,1.0,0.789400278940028,0.0,0.1646795827123695,0.1962323390894819,0.0,1.0,1.0,0.29427792915531337,0.0,1.0,0.0,1.0,0.14473684210526327,0.6357039187227866,1.0,0.0,0.0,0.5,0.10637694851204549,0.6923076923076923,1.0,0.20577249575551781,0.7777777777777778,0.30665119876256774,1.0,0.6020230205790025,0.7281135728113572,0.0,0.6190163934426229,0.5714285714285714,0.20000000000000007,0.0,0.5,0.5,1.0,0.0,0.7715909090909091,0.5776215582893967,1.0,0.75,0.0,0.8745874587458746,0.9166666666666666,0.6268082486919052,0.0,0.8377671760868979,1.0,0.8648462180907077,0.6666666666666667,1.0,0.0,0.0,0.9899212021257101,0.0,0.0,0.0,1.0,0.8571428571428571,0.0,0.9869957285239678,0.22707822564680447,0.0,0.0,0.0,0.0,0.9988153998025666,0.9832635983263598,0.0,0.9545454545454546,0.0,1.0,0.9789726644638029,0.5555555555555556,0.0,0.23307961324830306,0.5004966834364084,0.0,0.0,0.8107100250448358,runif
0.5714285714285714,0.7065637065637065,0.0,0.0,0.75,0.0,1.0,0.0,0.6709235609846382,0.0,0.0,0.5441173749745601,0.715928182203328,0.8161413562559694,0.0,0.0,0.0,0.5165568694121041,0.4639095999303722,0.0,0.5488463426607757,0.446257197696737,1.0,0.0,0.0,0.24538559941520466,0.5883335560604037,0.7202272667352159,0.8571428571428572,0.768370607028754,0.0,0.0,0.5559541172296899,0.8571428571428572,0.75,0.8884663584114775,0.6976744186046512,0.4546083239029298,0.0,0.6848341232227488,0.0,0.5769230769230769,0.578383641674781,0.47054346171411177,0.9302325581395349,0.6853426713356678,0.15560661764705874,0.0,0.33333333333333337,0.2050737820901556,0.29940599173553706,0.0,0.6956521739130436,0.12864596099303183,0.7490058479532165,0.911992893100385,0.43324023075517504,0.4561550647656323,0.0,0.09262883235485975,0.8291571753986333,0.0,0.5653016719166466,0.8571428571428572,0.0,1.0,0.0,0.0,0.2402194441946216,0.0,0.5714285714285714,0.289549376797699,0.0,0.0,0.14035087719298245,0.0,0.9302884615384616,0.0,0.29556650246305427,0.8571428571428572,0.41796970437332015,0.29166666666666674,0.0,0.0,0.2852320675105484,0.0,0.0,0.12689489641232976,0.0,0.9902781528490413,0.0,0.6379915730337079,0.5,0.2941176470588235,0.5407279029462738,1.0,0.4488517745302715,0.6211609221296088,0.3611793611793611,0.0,0.0,0.5851696258719086,0.08319467554076543,0.33333333333333337,0.5210856203979797,0.0,0.75,0.0,1.0,0.6666666666666667,0.12843892469737483,0.0,0.14896373056994838,0.33333333333333326,0.0,1.0,0.0,0.375,0.0,0.35916407061266864,0.0,0.875,0.6666666666666667,0.75,1.0,0.7158779462817468,0.7483870967741936,0.75,0.0,0.0,0.0,0.4931458284093594,0.9046653144016227,0.7320882852292021,0.0,0.9942750966705167,0.8333333333333334,0.0,0.9068749593742551,0.0,0.9971174910642223,0.6100070193910678,0.0,0.8888888888888888,0.11111111111111116,0.8333333333333334,1.0,0.0,0.6031468531468531,0.9390459363957597,0.0,0.791044776119403,0.9142857142857143,0.8283083589095505,0.9803921568627451,0.9114888158422192,0.9772872001698153,0.9890115838475696,0.0,0.8772958223560406,0.0,0.0,0.6391937583770244,0.16000000000000003,0.0,0.9968848228946751,0.506370114446124,0.0,0.5714285714285714,0.8,0.001585081585081527,0.4984149218519611,0.4926767593839284,0.0,0.0,0.0,0.0,0.9825592417061612,0.0,0.9299760242840511,0.0,0.9974101103595585,0.6666666666666667,1.0,0.7194244604316546,0.8797953964194374,0.5478686756732469,0.05683132229187815,0.6666666666666667,0.5459200468161369,0.6706018417492254,0.0,0.5741935483870968,0.0,0.0,0.65,0.0,0.9,0.0,0.5945945945945946,0.0,0.0,0.6145512000601911,0.8214611872146118,0.7435897435897436,0.0,0.0,0.0,0.7148376192200894,0.8693157366231531,0.0,0.9689174705251876,1.0,0.0,0.0,0.4098360655737705,0.0,0.6206896551724137,0.6444444444444444,0.5,0.9166666666666666,0.0,0.0,0.8655913978494624,0.6666666666666667,0.8955223880597015,0.8721325774095072,0.5087719298245614,0.8451776649746193,0.0,0.8330341113105925,0.0,0.6347150259067357,0.5297297297297296,0.4872448979591837,1.0,0.9143302180685358,0.0,0.23076923076923073,1.0,0.06333606333606312,0.0,0.0,0.0,0.3477038425492035,0.7636871508379888,0.8756137479541735,0.31932773109243695,0.406318082788671,0.0862068965517242,0.0,0.8897168405365127,0.0,0.7979251240414975,0.75,1.0,0.0,0.05695570112135029,0.5,0.8997955010224948,0.0388768898488121,1.0,0.0,0.0,0.0,0.0,0.0,0.5170814002530577,0.0,0.4267241379310345,1.0,0.5296610169491527,0.0,0.0,0.0,0.6105054509415263,0.0,1.0,0.40170212765957447,0.0,0.9224806201550387,0.0,0.6129032258064515,1.0,0.8663377965703547,0.0,0.8125,0.7354166666666667,0.8317239195820801,0.08299866131191436,0.15420560747663548,0.0,0.503167641325536,0.0,0.0,0.980272523896685,0.0,1.0,0.0,0.5,1.0,0.0,1.0,0.6004728132387707,0.33333333333333337,0.7850162866449512,0.9710586443259711,0.28023598820059004,0.375,0.0,0.0,0.0,1.0,1.0,0.9,0.5882352941176471,0.943342776203966,0.7769230769230769,1.0,0.0,0.0,0.0,1.0,0.7571428571428571,0.7656726533378515,0.0,1.0,0.8823529411764706,0.0,0.4008994539029874,0.0,0.9594932868087689,0.9310040780337264,0.24084621643612703,0.9090909090909091,0.0,1.0,0.44999999999999996,0.25,0.0,1.0,1.0,0.8095238095238095,0.9117647058823529,0.6984509466437177,0.9888888888888889,0.9486636053220299,0.9717823888074869,0.9736614853195165,0.5236518448438978,0.7135654477871098,0.0,0.0,0.7666259747831791,0.13636363636363646,0.0,1.0,0.0,0.0,0.6428571428571428,0.6666666666666666,0.7900240068271908,0.5403669266146771,0.3085747556926368,0.0,0.0,0.0,0.0,1.0,0.0,0.9593160661746973,0.0,0.989404770166794,0.5,1.0,0.5,0.9187386294724076,0.8569283468631224,0.4891101935065987,1.0,0.46751321387134204,0.6999874497991968,0.0,0.8931977113795295,0.0,0.0,0.75,0.0,0.875,0.0,0.6787504820671039,0.0,0.0,0.4742268041237113,0.5959760739532355,0.5441250630358043,0.0,0.0,0.0,0.16800793738286834,0.3238961245235069,0.0,0.5447470817120623,0.0,0.33333333333333326,0.0,0.0,0.23064423127326095,0.5778506204635917,0.8168602112983498,0.5454545454545454,1.0,0.0,0.0,0.5013907581875281,1.0,1.0,0.5543407523102956,0.5,0.9670369043353637,0.19999999999999996,0.5790197764402407,0.0,0.5348516218081434,0.5292961069602831,0.7692307692307692,0.75,0.7641759406465288,0.5385252692626347,0.0,0.33333333333333337,0.30998198881410555,0.5467144563918758,0.0,0.43767243541509915,0.08769709947440119,0.6923076923076923,0.9612807148175726,0.78098223615465,0.3894919669995658,0.3088942307692307,0.2857142857142857,0.7,0.0,0.17901029558286297,1.0,0.0,0.0,0.08591331269349867,0.0,0.3656486410759313,0.0,0.3999999999999999,0.1121047588629831,1.0,0.33333333333333337,1.0,0.0,1.0,0.0,0.0,1.0,0.0,0.0,0.0,0.0,0.0,0.2364931237721023,0.0,0.14513822688274547,0.4,1.0,0.5,0.4441707717569786,0.34024896265560167,0.03886397608370695,0.0586419753086419,1.0,0.29639175257731953,0.4733969986357436,0.0,0.0,0.0,0.8242224316682375,0.16541353383458646,0.25,0.8333333333333334,0.005730659025787954,0.0,0.0,1.0,0.0,0.5167364016736401,0.0,0.12041884816753934,0.4285714285714285,0.8043995243757432,0.9317611640742599,0.56,1.0,1.0,0.6446124763705104,0.0,0.6666666666666667,0.0,0.0,0.0,0.6468842729970327,1.0,0.6666666666666666,0.0,1.0,0.16452905811623242,0.3846153846153846,0.9535714285714285,0.8307446525250732,0.0,0.7665369649805448,0.0,0.6893361091834374,0.9465732866433216,0.693594306049822,0.793887007663518,0.20468601332064718,0.0,1.0,0.5,0.5,1.0,0.0,0.7777777777777778,0.8836772983114447,0.0,1.0,1.0,0.4,0.9166666666666666,0.9069767441860466,0.934201266713582,0.008636277764283884,0.22413793103448265,0.0,0.0,0.0,0.3417375364365779,0.33333333333333326,0.0,0.9566360203390608,0.0,0.0,0.0,0.8571428571428571,0.4760220371877544,0.11762108052406917,0.47842743082554195,0.0,0.0,0.0,0.0,0.9538228614685844,0.0,0.7892110639635392,0.0,0.9662162162162162,1.0,1.0,1.0,0.7419354838709677,0.22659943271352045,0.0,0.0,0.30380761523046107,0.9145021906998136,runif
0.0,0.5370866845397677,0.0,0.8324378537144494,0.9,0.95,0.828125,0.0,0.8549031663080233,0.0,0.6551724137931034,0.0,0.6910308430042845,0.0,0.5,0.7410786896977977,0.8888888888888888,0.473692344346639,0.0,0.7221749499646457,0.0,0.0,0.0,0.34608695652173904,0.0,0.19067951346947953,0.0,0.14924452667283383,0.2857142857142857,0.768370607028754,0.0,0.0,0.0,0.8636363636363636,0.0,0.8259438601800712,0.0,0.6771258819160787,0.9689900426742531,0.7023433385992628,0.5836604157581045,0.0,0.8826247022305638,0.43038850912866666,1.0,0.6859710434348478,0.808069418570448,1.0,0.33333333333333337,0.2465110683349374,0.2026890378637506,0.0,0.9570214892553723,0.276352800953516,0.0,0.0,0.4276193428394296,0.0,0.4325086805555556,0.0,0.3537794299876085,0.3719939117199391,0.3334141022534528,0.7142857142857143,0.6000000000000001,1.0,0.8540211759405272,0.22222222222222232,0.904300007637669,0.29504666188083273,0.5714285714285714,0.6731160896130346,1.0,1.0,0.0,0.8333333333333334,0.0,0.7741935483870968,0.0,0.8571428571428572,0.003970193012460155,0.29689440993788796,0.6428571428571428,0.9166666666666666,0.7089717095417943,0.027761013880507113,0.0,0.0,0.0,0.0,0.33333333333333337,0.9578651685393258,0.11111111111111116,0.07894736842105265,0.8938547486033519,0.0,0.44896681277395123,0.5866324194539059,0.36797326040717104,0.0,0.125,0.24109939862346497,0.275540765391015,0.7333333333333334,0.0,0.6541645111226073,0.0,0.0,0.0,0.6666666666666667,0.7884123401053424,1.0,0.009715025906736119,0.0,0.8323000304909036,0.6406124093473005,0.0,0.875,0.0,0.3958986415882968,0.0,0.0,0.6666666666666667,0.75,0.18181818181818177,0.7372086793463702,1.0,0.25,0.0,0.0,0.0,0.7010396178701883,0.7977228682170543,0.03297244094488183,0.4722222222222222,0.43416856492027334,0.0,0.0,0.4483849731359765,0.5461385262226157,0.36789297658862885,0.9445155441795979,0.03024517684887451,0.8888888888888888,0.0,0.0,0.3076923076923077,1.0,0.0,0.8617234468937875,0.5,0.6666666666666667,0.0,0.9915350805795214,0.9803921568627451,0.9829662976031147,0.0,0.9943457865639136,0.16850220264317184,0.8772688396845006,0.33333333333333326,0.8288288288288288,0.33834701913880194,1.0,0.9958362159803306,0.9968840919755984,0.0,0.206896551724138,0.9333333333333333,0.7,0.5215858756004741,0.9474390094165872,0.37607829160787276,0.0,0.0,0.0,0.0,1.0,0.5998129891904528,0.9348874273724984,0.9486575391180654,0.9775231424592447,0.0,0.0,0.517241379310345,0.9805945303210464,0.5703363043540165,0.11652664341326313,0.6666666666666667,0.9326550631319482,0.027120612525808885,0.0,0.5741935483870968,0.0,0.7916666666666666,0.8571428571428572,1.0,0.9,0.0,0.5,0.0,0.652542372881356,0.0,0.8089275473140891,0.0,1.0,0.816337474305121,0.9322033898305084,0.8177339901477833,0.0,0.8344215530903328,0.0,0.0,0.0,0.42233009708737856,0.4098360655737705,0.44702036711088755,0.0,0.0,0.25,0.0,0.0,0.0,0.0,0.7619047619047619,0.0,0.8298145965062694,0.0,0.13265306122448983,1.0,0.957680250783699,0.717948717948718,0.0,0.9588665447897624,0.2982116964717253,1.0,0.9017418490397499,0.9580544399821508,1.0,0.0,0.11652435961828234,0.0,0.0,1.0,0.4749774571686204,0.09090909090909116,0.0,0.314151190164792,0.0,0.8,0.12959719789842372,0.6088657105606259,0.5583756345177664,0.0,0.0,0.0,0.0,0.9485955368047074,0.0,1.0,0.38397017707362535,1.0,0.9421252371916509,1.0,0.8888888888888888,0.2847682119205297,0.8333333333333334,0.0,1.0,0.0,1.0,0.0,0.4260057471264368,0.625,0.9,0.992485549132948,0.0,1.0,0.42489137181874603,0.5,0.0,1.0,0.967741935483871,0.0,0.0,0.7142857142857142,0.0,0.77009507346586,0.9275722723033882,0.08299866131191436,0.9230769230769231,0.75,0.34381091617933723,0.2727272727272728,1.0,0.5564368517388651,0.7730819245773732,0.0,0.0,0.0,1.0,0.8544390915347557,0.0,0.0,0.33333333333333337,0.7915309446254072,0.5822922324823465,0.0,1.0,0.0,0.0,0.0,0.0,1.0,0.9,0.0,0.9322268326417704,1.0,0.0,0.0,0.0,0.0,0.0,0.9571428571428572,0.1504664970313826,0.37037037037037035,1.0,0.0,0.7008797653958945,0.0,0.0,0.5277251005082304,0.9699172724993733,0.0,0.9090909090909091,0.0,0.0,0.65,0.75,1.0,0.5,0.0,0.0,0.0,1.0,0.9888888888888889,1.0,0.28298908162783,1.0,0.3125570082091821,0.9302618539731595,0.5,0.9576271186440678,0.34584774091808823,0.8181818181818182,0.9959415454210045,1.0,0.8355963302752294,0.375,0.9310344827586207,1.0,0.9474235974331279,0.9640071985602879,0.42759928991611273,0.0,0.0,0.0,0.0,0.9983443708609272,0.5633751275976965,0.8382082225403968,0.9259259259259259,0.9442528410697122,0.0,0.0,0.5,0.9937421777221527,0.9285087291524432,0.2085154697700824,1.0,0.9381117980422463,0.0,1.0,0.8718730933496034,0.0,0.5930232558139534,0.75,0.7142857142857143,0.875,0.0,0.6643356643356644,0.0,0.8818565400843882,0.0,0.5515616820799163,0.0,0.6666666666666667,0.6343799293923233,0.7647058823529411,0.969081512376462,0.0,0.6527867164371219,0.0,0.16000000000000003,0.33333333333333326,0.7669289126159033,0.0,0.0,0.0,0.7648559282002834,0.0,0.75,0.0,0.0,0.0,1.0,0.0,0.5543407523102956,0.0,0.6421238938053098,0.8,0.35067171891147075,0.5409304002884963,0.0,0.609366391184573,0.7692307692307692,1.0,0.7569039284325165,0.6692245557350565,0.6666666666666667,0.6666666666666667,0.3903862660944205,0.46790778222751384,0.0,0.9743622126799697,0.08730776717928745,0.0,0.0,0.78098223615465,0.0,0.25,1.0,0.0,0.6504237288135593,0.3181667220192629,1.0,1.0,0.0,0.8096304591265397,0.5714285714285714,0.902757406864183,0.2475247524752474,0.3999999999999999,0.5282657297987863,1.0,1.0,1.0,0.6666666666666667,0.0,1.0,0.0,1.0,0.25062996704787743,0.0,0.0,1.0,0.5158682634730538,0.0,0.0,0.031503358813991245,1.0,0.0,0.0,0.6559934318555007,0.7095435684647302,0.4211060375443938,0.7584745762711864,0.33333333333333337,0.17647058823529416,0.4733969986357436,1.0,0.0,0.0,0.0,0.5714285714285714,0.0,0.0,0.23607427055702923,1.0,0.0,0.0,0.0,0.6291208791208791,0.5,0.31264023934180996,0.0,0.0,0.050579213574808435,0.56,0.0,1.0,0.06469135802469139,0.0,0.0,0.0,0.0,0.9175,0.6441947565543071,1.0,0.6666666666666666,0.0,1.0,0.12201667784913262,0.6923076923076923,0.20398009950248752,0.0,1.0,0.46405228758169936,0.0,0.0,0.6965352449223416,0.6418623159570235,0.0,0.8875968992248062,0.17333333333333356,1.0,0.0,0.5,0.29268292682926833,0.75,0.0,0.8294930875576036,1.0,0.0,0.0,1.0,0.9166666666666666,0.967741935483871,0.0,0.6917488741153763,0.4482758620689654,0.0,0.0,1.0,0.08036732108929723,0.33333333333333326,0.9962324912456229,0.9575891882450548,0.33333333333333326,0.1428571428571428,1.0,0.5714285714285714,0.7282669657879977,0.8857371154614463,0.4879672771447464,0.0,0.0,0.0,0.0,0.9572519083969465,0.9366852886405959,0.7896100327753027,0.9433962264150944,0.9594594594594594,0.0,0.0,1.0,0.8861209964412812,0.23327156681078853,0.3343520879190487,0.0,0.8821590002658868,0.653407554867409,runif
0.0,0.7065637065637065,0.0,0.6469803136469803,0.0,0.0,0.828125,0.6186061381074168,0.0,0.0,0.6548980606663353,0.0,0.691370970789404,0.0,0.0,0.7411211685005814,0.8888888888888888,0.0,0.660052326476171,0.0,0.5484873262469339,0.0,0.0,0.0,0.040669298983753155,0.006320525639194274,0.7800056748321196,0.14924452667283383,0.0,0.768370607028754,0.0,0.6608527131782945,0.0,0.8571428571428572,0.0,0.8884663584114775,0.0,0.5472022955523672,0.11111111111111116,0.8070036861506056,0.42790132994867836,0.3846153846153846,0.8919182083739046,0.3484848484848484,0.42592592592592593,0.6851851851851852,0.1528847329177363,0.0,0.0,0.0,0.0,0.0,0.0,0.018930957683741645,0.7976266837716486,0.7500669344042838,0.0,0.0,0.3871466431095407,0.12633996937212877,0.6288723667905824,0.21573208722741444,0.3334141022534528,1.0,0.8,0.5,0.8540211759405272,0.22222222222222232,0.6773084854502407,0.24252126978318533,0.0,0.6881272767823954,0.7,0.0,0.0,0.0,0.0,0.7741935483870968,0.0,0.2857142857142857,0.4162043528622814,0.0,0.6428571428571428,0.0,0.7201805286911671,0.7068084236352483,0.5,0.07826208049018235,0.6000000000000001,0.79211996471626,0.0,0.6875,0.7777777777777778,0.2941176470588235,0.875,0.5789473684210527,0.0,0.0,0.36797326040717104,0.8252703471826978,0.0,0.5892984851440088,0.8369565217391305,0.0,0.8967682363804248,0.6329092451229856,0.0,0.6666666666666667,0.0,0.0,0.7799687010954617,1.0,0.016869424168694303,0.33333333333333326,0.4369335347432026,0.9010375099760575,1.0,0.875,0.6666666666666667,0.35119378123264844,0.5,0.5,0.0,0.0,0.2727272727272726,0.0,0.7,1.0,0.0,0.5,0.4782463111369064,0.4885385152431928,0.5136452241715399,0.4450310271371677,0.0,0.6215897435897436,0.8333333333333334,0.6910755148741419,0.0,0.0,0.5908029459313814,0.32111057922450936,0.8221463022508039,1.0,0.11111111111111116,0.0,0.8269230769230769,0.10810810810810811,0.21322889469103568,0.9352112676056338,0.5,0.791044776119403,0.9142857142857143,0.0,0.9803921568627451,0.9109120619742177,0.4421004356798901,0.8985271821529132,0.21475770925110127,0.9842345338781716,1.0,0.0,0.5973393251237079,0.84,0.9774166273009118,0.9885814870792937,0.0,0.0,0.0,0.7,0.5205988997249313,0.50695702587144,0.4023378777668344,0.0,0.0,0.0,0.0,0.9998049398971058,0.6119833166856018,0.6449106249839716,0.0,0.976734172491496,0.0,0.0,0.7,1.0,0.99114515118729,0.05792411642091588,0.6666666666666667,0.7496441735703077,0.5663544609469329,0.0,0.5741935483870968,0.0,0.7916666666666666,0.0,1.0,0.0,0.5212121212121212,0.0,0.0,0.652542372881356,0.0,0.8089275473140891,0.0,0.0,0.8163484326789787,0.7142857142857143,0.0,0.8409727391967103,0.0,0.8861120429386112,0.0,0.0,0.0,0.0,0.4415227961980922,0.6206896551724137,0.0,0.0,0.9166666666666666,0.0,0.5900100908173562,0.0,0.6666666666666667,0.0,0.8557846001212589,0.0,0.9545454545454546,0.4088669950738918,0.916988416988417,0.46153846153846145,0.7174203113417346,1.0,0.716710182767624,0.3999999999999999,0.9560439560439561,0.0,0.23076923076923073,1.0,0.0,0.5755935628202352,0.0,0.6293706293706294,0.43267233238904623,0.7555865921787709,0.3995157384987894,0.0,0.0,0.024390243902438935,0.12959719789842372,0.9113428943937418,0.1725888324873096,0.0,1.0,1.0,1.0,0.9485955368047074,0.0,1.0,0.5535714285714286,0.0,0.9492409867172675,1.0,0.0,0.21310080816673738,0.0,0.5959510754955715,0.625,0.0,0.5714285714285714,0.13043478260869545,0.0,0.75,0.0,0.9871159563924677,1.0,0.0,0.38506248183667524,0.0,0.7364341085271318,0.0,0.0,1.0,0.32515831276161855,0.3571428571428571,0.8125,0.574750830564784,0.16920389318692264,0.20000000000000007,0.3193473193473193,1.0,0.503167641325536,0.8181818181818182,0.0,0.5446410412853366,0.8791208791208791,0.0,0.0,0.0,0.0,0.8712933753943217,0.0,0.0,0.33333333333333337,0.8026315789473684,0.5087585681645088,0.9794433537359972,1.0,1.0,0.0,1.0,0.8,0.0,0.44999999999999996,0.5882352941176471,0.4492753623188406,0.7,0.5,0.0,1.0,0.8979126594001567,1.0,0.0,0.8210959885386819,0.0,0.31285988483685223,0.8823529411764706,1.0,0.25602312881464817,0.0,0.4809222391173662,0.038600942370423996,0.9406021155410903,0.6363636363636364,0.0,0.0,0.8,0.25,0.3564356435643564,1.0,0.0,0.8656716417910448,0.9117647058823529,0.0,0.9888888888888889,0.9511552735544115,0.2829484113103736,0.8540587219343696,0.6884764114462492,0.910139191385391,1.0,0.0,0.7696167924239835,0.9545454545454546,1.0,1.0,0.735897435897436,0.0,0.0,1.0,0.947540256117662,0.5367647058823529,0.5140531381557112,0.0,0.0,0.0,0.0,1.0,0.5500269552542778,0.5152053506113492,0.0,0.9842600163532298,0.0,0.0,0.5,1.0,1.0,0.7573437220132545,1.0,0.7523967155324363,0.44032921810699577,0.0,0.8798044878915796,0.0,0.5092241597169573,0.0,0.0,0.875,0.7043478260869565,0.0,0.0,0.9217791411042945,0.0,0.5189419564335003,0.0,0.0,0.6354111506165367,0.7647058823529411,0.0,0.7236953807740324,0.0,0.5057471264367817,0.27142857142857135,0.0,0.0,0.2627737226277371,0.6951121794871795,0.8840486867392697,0.7648559282002834,0.5454545454545454,0.75,0.0,0.9186672185430463,0.0,1.0,0.0,0.4497967479674797,0.0,0.9671780235462005,0.0,0.863456577815993,0.4110233258088788,0.0,0.9252850963429021,0.0,0.6,0.5798319327731092,0.3318965517241381,0.0,0.0,0.0,0.0,0.0,0.0,0.25965996908809863,0.6923076923076923,0.8550501156515035,0.0,0.0,0.25,0.0,0.0,0.19080068143100493,0.3181667220192629,0.75,0.8,0.0,0.7368421052631579,0.5714285714285714,0.7481891776736259,0.40356127487655247,0.0,0.5282657297987863,0.0,0.33333333333333337,0.0,0.0,0.6666666666666666,1.0,0.0,1.0,0.0,0.0,0.0,0.5,0.56,0.266759776536313,1.0,0.14295908658420564,0.8,0.9790697674418605,0.5,0.10620012277470836,0.8066666666666666,0.0,0.03750000000000009,1.0,0.0,0.4654166666666667,0.0,0.6666666666666667,0.0,0.8255258126195029,0.0,0.25,1.0,0.11747851002865328,1.0,1.0,0.6666666666666667,0.0,0.6175637393767706,0.5,0.19999999999999996,0.4285714285714285,0.9110169491525424,0.25774820521800024,0.72,0.0,0.0,0.6408317580340264,0.0,0.0,0.0,1.0,0.061514195583596276,0.0,1.0,0.0,0.0,0.5,0.14931044188010123,0.3846153846153846,0.6623047699451245,0.3714580704370769,0.0,0.881935047361299,0.0,1.0,0.0,0.716787838730998,0.9582040140699358,0.9801488833746899,1.0,0.0,0.5,0.5,0.8780487804878049,0.0,0.3784090909090909,0.9471428571428572,1.0,0.5,1.0,0.0,0.9166666666666666,0.8805786395814097,0.0,0.0,0.22413793103448265,0.3355411828878673,1.0,0.0,0.32995087503837883,0.0,0.9618393317198844,0.9850654392191659,0.33333333333333326,1.0,0.5,0.5714285714285714,0.8215180387538807,0.031030855539972202,0.4879672771447464,0.0,0.0,0.0,0.0,0.950185873605948,0.9329288843950118,0.3590626087629064,0.0,0.9797297297297297,0.0,0.0,0.5555555555555556,1.0,0.9754651400531589,0.0,0.0,0.61449835408616,0.5882142715323828,runif
0.5714285714285714,0.706499193362526,0.0,0.8757371301067842,0.75,0.9404761904761905,0.828125,0.0,0.6669831023352952,0.0,0.0,0.5445302968686458,0.6987653618570778,0.0,0.0,0.7482595024434289,0.0,0.0,0.0,0.8863909387334821,0.0,0.0,0.33333333333333326,0.0,0.05462153074353182,0.0,0.0,0.0,0.0,0.768370607028754,0.0,0.8840868352917746,0.5265921348715934,0.0,0.8095238095238095,0.8564580734125682,0.0,0.6787466968667422,0.7306868484935027,0.28755252100840334,0.0,0.1794871794871794,0.7984420642648491,0.38636363636363635,0.9822028206850235,0.8522462562396007,0.8529151341779049,0.5,0.6666666666666667,0.23477100933748307,0.7986703935937146,0.0,0.7752247752247752,0.5907078205378655,0.730946091380491,0.892570976357701,0.0,0.6638935108153078,0.0,0.9250936329588015,0.8687230989956959,1.0,0.5596465390279823,0.0,0.8,0.0,0.0,0.22222222222222232,0.0,0.286939942802669,0.8571428571428571,0.0,0.7,0.9090909090909091,0.9483826565726083,0.8333333333333334,1.0,0.7741935483870968,0.0,0.5714285714285714,0.801490349376985,0.3023324475937408,0.6428571428571428,0.0,0.1529845741113346,0.7342955163847155,0.5,0.6799302933488236,0.0,0.994928400954654,0.6666666666666667,0.3125,0.75,0.07894736842105265,0.5825242718446602,0.0,0.5516088591725867,0.8484711650109663,0.5789473684210527,0.30690537084398983,0.0,0.24257010268562407,0.7647058823529411,0.20000000000000007,0.04086749404538048,0.0,0.75,0.6666666666666667,0.19999999999999996,0.0,0.4591836734693878,1.0,0.23682819383259912,0.4444444444444444,0.21488230827638577,0.6,0.6190476190476191,0.0,0.6666666666666667,0.0,0.0,0.5,0.33333333333333337,1.0,0.18181818181818177,0.30200729927007297,0.7,1.0,0.8571428571428571,0.0,0.2827867937585107,0.0,0.3334327467939162,0.0,0.9166666666666666,0.4685114503816794,0.6666666666666667,0.9354838709677419,0.5304963924338613,0.0,0.6809756097560975,0.7701663387587193,0.026929260450160752,0.8888888888888888,0.0,0.8793103448275862,0.8269230769230769,0.5135951661631419,0.0,0.9539078156312626,0.5,1.0,0.9142857142857143,1.0,0.989813736903376,0.9829662976031147,1.0,0.0,0.436613475177305,0.7080447838659449,1.0,0.9980002856734752,0.7166904863638373,0.76,0.9782512315075588,1.0,0.0,0.206896551724138,0.9333333333333333,0.8,0.5215858756004741,0.9544351547506121,0.0,0.0,0.0,0.0,0.0,0.9662230035158212,0.9306394733748677,0.474746546385193,0.9980771034612138,0.9962793205715826,0.0,1.0,0.0,0.9795376754799345,0.0,0.19580423142954684,0.0,0.8711039828922749,0.0058262642204248705,0.0,0.5741935483870968,0.0,0.7916666666666666,0.65,0.7859195402298851,0.0,0.0,1.0,0.0,0.0,0.6145512000601911,0.8375755238462528,0.0,0.0,0.8392247491990126,0.0,0.0,0.0,0.8584469981742026,0.0,0.0,0.0,0.0,0.8681318681318682,0.0,0.0,0.21212121212121204,0.0,0.0,0.0,0.5909958798110744,0.8655913978494624,0.0,0.7611940298507462,0.8830650091705726,0.0,0.8,0.4088669950738918,0.0,0.0,0.3589325426241661,1.0,0.27591706539074956,1.0,0.06228610540725521,0.9484875711290806,0.14814814814814825,1.0,0.11652435961828234,0.9308053448898519,0.0,0.0,0.40087719298245605,0.7513812154696132,0.8726968174204355,0.46153846153846145,0.3242584315318976,0.0,0.9679802955665024,0.9698005698005698,0.8588807785888077,0.8000892458723784,0.5,1.0,0.0,0.05695570112135029,0.0,0.0,0.5807453416149069,1.0,0.33333333333333326,0.7,0.8888888888888888,0.971535230984601,1.0,1.0,0.7692307692307693,0.0,0.8571428571428571,0.7428216669253453,0.3228758169934641,0.625,1.0,0.0,0.6666666666666666,0.0,0.5500945179584121,0.5,0.8888888888888888,1.0,0.6129032258064515,1.0,0.0,0.5476190476190477,0.0,0.25969275786393564,1.0,0.0,1.0,0.14540059347181,0.4505080918328942,0.4545454545454546,0.08333333333333337,0.11917836078909905,0.0,1.0,0.0,0.5,0.0,0.6696428571428572,0.5,0.8313878080415046,0.6666666666666667,0.19736842105263175,0.5822922324823465,0.8920091907071739,0.0,1.0,0.5880115900036219,0.0,0.8,0.0,0.9,0.0,0.0,1.0,0.5,1.0,0.0,0.6490213523131674,0.021739130434782705,0.7857142857142857,0.1504664970313826,0.962962962962963,1.0,0.6470588235294118,0.9620622568093385,0.9102457309454395,0.0,0.0,0.9699172724993733,0.0,0.9090909090909091,0.0,1.0,0.8,0.25,0.22972972972972971,1.0,0.0,1.0,0.9117647058823529,1.0,0.5,1.0,0.9853566793667978,0.0,0.8257019984821654,0.8986013461855578,1.0,0.9915254237288136,0.9085278430922751,0.8181818181818182,0.9924556492706974,0.9948907471430761,0.735897435897436,0.375,0.9310344827586207,0.6666666666666666,0.9580427390732421,1.0,0.0,0.0,0.0,0.0,0.0,0.9922220855878012,0.9541596091524129,0.13949682961750842,1.0,0.99666874869873,0.0,1.0,0.0,0.9935561216843998,0.0,0.0,0.0,0.41602295299050973,0.0,1.0,0.8718730933496034,0.0,0.608889934148636,1.0,0.7142857142857143,1.0,0.0,0.6757012888551933,0.0,0.0,0.4739187965735775,0.5388544792797395,0.0,0.0,0.6343799293923233,0.0,0.0,0.0,0.7623944179214103,0.0,0.21363636363636362,0.0,0.0,0.0,0.229805524977722,0.0,0.0,0.0,0.75,0.0,0.9200241740531829,0.848605577689243,0.0,1.0,0.5534171249018067,0.0,0.649587961304192,0.0,0.06889424733034788,0.0,0.03127572016460922,0.640110978993262,0.3076923076923076,0.9,1.0,0.74072265625,0.75,0.6666666666666667,0.36070616557442836,0.7723649247121347,0.0,0.4354635008840616,0.26900129701686126,0.6923076923076923,0.956953642384106,0.7326478149100257,0.8364101107639875,0.0,0.8571428571428571,0.0,0.8463157894736841,0.17460846384538486,0.7647058823529412,0.8,0.0,0.0,0.5714285714285714,0.0,0.33018726591760306,0.8,0.0,1.0,1.0,0.8823529411764706,0.6666666666666667,1.0,1.0,0.0,1.0,0.8613861386138615,0.0,0.0,0.5,0.4088019559902202,0.4162141194724591,1.0,0.9637750238322211,1.0,1.0,0.5,0.4383561643835616,0.34024896265560167,0.40909090909090906,0.21504237288135586,1.0,1.0,0.6378473753859727,0.0,0.5497512437810945,0.0,0.0,0.1986062717770034,0.75,0.0,0.0,0.0,1.0,1.0,0.0,0.02419928825622819,1.0,0.1628318584070797,0.4285714285714285,0.534957627118644,0.0,0.75,1.0,0.0,0.0,0.0,0.0,1.0,0.0,0.9022082018927444,0.9438202247191011,0.0,1.0,0.0,1.0,0.0,0.0,0.5379426644182126,0.0,0.7777777777777778,0.5055589246007681,1.0,1.0,0.36752988047808755,0.0,0.6411131802193255,0.7716535433070866,0.17333333333333356,1.0,0.0,0.0,0.8780487804878049,0.625,0.0,0.9418386491557224,1.0,0.6923076923076923,1.0,1.0,0.9166666666666666,1.0,0.9375661375661376,0.7892869212571814,1.0,0.9548192771084337,0.5,1.0,0.9235066609368285,0.33333333333333326,0.9619482734341996,0.9712014399280036,0.7905443434911956,0.7,1.0,0.8571428571428571,0.8187360692277436,0.8767064233366864,0.0,0.0,0.0,0.0,0.0,1.0,0.9841269841269842,0.3596692873838546,0.9848484848484849,1.0,0.0,0.9724229745150247,0.0,0.9543429844097996,0.0,0.7183467609877513,0.0,0.2933500442347392,0.5791692033906244,runif
0.0,0.0,0.8464342674868991,0.0,0.0,0.95,0.0,0.6186061381074168,0.6699172033118675,0.6760086108354948,0.0,0.5988818360129113,0.7041756489383693,0.8690947479546054,0.5,0.0,0.0,0.5746900233115982,0.0,0.6759298231205921,0.7601689919434073,0.0,0.0,0.4838593974175035,0.0,0.0,0.6337639450014132,0.029322268326417822,0.8571428571428572,0.0,0.8394458953105485,0.8840868352917746,0.0,0.8571428571428572,0.0,0.8501718213058419,0.0,0.8599856149604411,0.12121212121212155,0.07069219440353447,0.4187863199009241,0.5769230769230769,0.3663602808134906,0.33749429136854936,0.0,0.8522462562396007,0.21774065053604352,0.5,0.33333333333333337,0.6265841438255231,0.0,0.0,0.0,0.0,0.7404619776797301,0.4423753092850632,0.9112349322814663,0.7090827338129496,0.23287671232876705,0.0,0.8481346979201057,0.7827476038338659,0.8328083353525564,0.5714285714285714,0.6000000000000001,1.0,0.16952016219869337,0.44444444444444453,0.6309599781201567,0.5908111988514,0.5714285714285714,0.7898671826897704,0.7,1.0,0.11782518926359264,0.8333333333333334,0.7966573816155988,0.7741935483870968,0.0,0.0,0.5227153201990372,0.27063634040378215,0.0,0.0,0.0,0.011684724877841446,0.5,0.0,0.5714285714285714,0.5237860488045354,0.6666666666666667,0.7173913043478262,0.7777777777777778,0.2941176470588235,0.9022556390977443,1.0,0.0,0.6874750190763417,0.36797326040717104,0.48910721913712085,0.125,0.4810238305383936,0.08319467554076543,0.33333333333333337,0.9095757575757576,0.3158249158249157,0.0,0.6666666666666667,1.0,0.0,0.6596707301746889,0.0,0.016869424168694303,0.7777777777777778,0.2971071149335417,0.6340477153255155,0.6190476190476191,0.0,0.6666666666666667,0.0,0.0,0.0,0.33333333333333337,0.75,0.2727272727272726,0.7158779462817468,0.7884615384615384,0.75,0.4285714285714285,0.0,0.5624117673846715,0.5760974228263948,0.0,0.9450473084941465,0.0,0.889948006932409,0.8333333333333334,0.9380327868852459,0.9384872055987693,0.0,0.6478260869565218,0.5704024370691038,0.6441921221864952,0.9090909090909091,0.7777777777777778,0.0,0.8269230769230769,0.0,0.0,0.9308617234468938,0.0,1.0,0.0,0.8166556945358788,0.0,0.9347922374054692,0.9496214533361635,0.9916219562525794,0.04652077054121362,0.5261561056679613,0.9850746268656716,0.0,0.8644211995942452,0.84,0.9764557756186858,0.988866048862679,0.5085378265294582,0.206896551724138,0.9487179487179487,0.8,0.6775851393188854,0.7899299111334308,0.4787968283522199,0.0,0.0,0.0,0.0,1.0,0.5101353733342735,0.7830224181495619,0.8196692275333761,0.9707653404646255,0.0,0.0,0.8214285714285714,0.8975932267884322,0.7729931065154547,0.3526325602085507,0.0,0.9175390664896333,0.6859012959811494,0.0,0.0,0.8656716417910448,0.0,0.0,0.7916666666666666,0.0,0.5212121212121212,1.0,0.6362799263351748,0.0,0.7189150943396226,0.8214611872146118,0.7435897435897436,1.0,0.0,0.0,0.8176596093878221,0.0,0.819385115215691,0.8861120429386112,0.0,0.0,0.42233009708737856,0.4098360655737705,0.0,0.6206896551724137,0.21212121212121204,0.5,0.33333333333333326,0.6907441016333938,0.6006707081129885,0.0,0.6666666666666667,0.0,0.8732556102687868,0.0,0.801500223914017,0.8573524019068574,0.2727272727272727,0.46153846153846145,0.6347150259067357,0.5193370165745856,0.2631229235880399,0.0,0.21544256120527316,0.0,0.0,0.0,0.6834583779921402,0.49815126050420167,0.0,0.0,0.0,0.0,0.2767644726407612,1.0,0.21927027984413716,0.6233766233766234,0.0,0.9017902813299232,0.8588807785888077,0.9150818222025653,0.75,0.0,1.0,0.0,0.75,1.0,0.7763975155279503,0.5,0.6221322537112011,0.7,0.1428571428571429,0.0,0.8333333333333334,0.5959510754955715,0.6886792452830188,0.0,0.0,0.5606995884773662,0.3974527887571365,0.0,0.09999999999999998,0.1413969335604771,0.0,0.0,0.0,0.5,0.7674418604651163,1.0,0.7096774193548387,1.0,0.35546558704453446,0.7857142857142857,0.8125,0.5593803786574872,0.9190106692531523,0.08299866131191436,0.44126984126984126,0.0,0.5654761904761905,0.0,0.0,0.5446410412853366,0.5189255189255191,0.0,0.0,0.5,0.0,0.7257164123557871,0.0,0.0,1.0,0.0,0.5822922324823465,0.888944472236118,1.0,1.0,0.0,0.0,0.0,0.0,0.9,0.5882352941176471,0.933816425120773,0.8344827586206897,0.5,0.33333333333333326,0.0,0.4168179068360558,1.0,0.2857142857142857,0.9811704834605598,0.0,0.8367777309152257,0.8823529411764706,1.0,1.0,0.8209876543209877,0.0,0.8220105289546252,0.9473023839397742,0.9090909090909091,0.8571428571428572,0.0,0.8,0.0,0.5352112676056338,1.0,1.0,0.8656716417910448,0.0,0.7544378698224852,0.0,0.8970873786407767,0.9360778497268748,1.0,0.0,0.06360313432668985,0.9850746268656716,0.0,0.9153721734674268,0.9545454545454546,1.0,1.0,0.0,0.375,0.9473684210526316,0.6666666666666666,0.6082622245484972,0.8200359928014398,0.2946727597107891,0.0,0.0,0.0,0.0,1.0,0.6146926727483237,0.3850030235839549,0.8148148148148148,0.9776114787556435,0.0,0.0,1.0,0.9321106434155142,0.9612858877042108,0.0,0.0,0.8425371557371276,0.7503864690370101,0.0,0.0,0.75,0.0,0.0,0.7142857142857143,0.0,0.6960576515472657,0.6613823715916296,0.643495897483175,0.0,0.4739187965735775,0.5552449414270499,0.6736990154711673,0.6666666666666667,0.0,0.0,0.9684321290775166,0.0,0.602403058438012,0.7029646522234891,0.0,0.0,0.633189787757613,0.0,0.229805524977722,0.6207502930832356,0.0,0.5454545454545454,0.0,0.8681181181181181,0.6699623352165726,0.0,1.0,0.0,0.3639115250291036,0.0,0.3599722029186935,1.0,0.7362637362637363,0.3930940304330863,0.5753012048192772,0.5927152317880795,0.3076923076923076,0.0,0.8700894593543368,0.3318965517241381,0.75,0.6666666666666667,0.5142722710163111,0.0,0.0,0.43767243541509915,0.0,1.0,0.39943684633950116,0.603662524525834,0.8437031484257871,1.0,1.0,1.0,0.9520833333333333,0.6884755895051478,1.0,1.0,0.0,0.0,0.4285714285714285,0.7951564076690212,0.25122349102773256,0.6,0.577131906739061,1.0,0.33333333333333337,0.41176470588235303,0.6666666666666667,1.0,1.0,0.0,1.0,0.0,0.0,0.0,0.5,0.13592814371257478,0.20836065573770501,1.0,0.0811078140454995,1.0,0.20796890184645278,0.5,0.5853858784893268,0.7800829875518672,0.08810572687224683,0.4545454545454546,0.0,0.07712532865907107,0.17819148936170215,0.0,0.6666666666666667,1.0,0.2538100820633058,0.3766233766233765,0.25,1.0,0.17412935323383105,1.0,1.0,0.8333333333333334,0.0,0.2326227988878592,0.5,0.31264023934180996,0.7142857142857142,0.48929845422116536,0.0,0.24,0.0,0.0,0.0,0.0,0.0,1.0,0.0,0.061514195583596276,0.6637426900584795,0.5,1.0,1.0,1.0,0.895837970175829,0.26923076923076916,0.06467661691542292,0.8473133534314595,0.0,0.418767871068365,0.0,1.0,0.9780600461893765,0.0,0.6167052875500315,0.268476929358922,1.0,1.0,0.5,0.5,0.8780487804878049,0.0,0.0,0.9147465437788018,0.0,0.75,0.0,0.8504966021955045,0.0,0.8805786395814097,0.8435734463276836,0.8046545914069081,0.4482758620689654,0.21319849336979513,1.0,0.0,0.7846384189249888,0.0,0.9618393317198844,0.9853293445625901,0.0,0.0,1.0,0.8571428571428571,0.6928608650338718,0.19132309350579368,0.47814529297839214,0.0,0.0,0.0,0.0,0.9702780441035475,0.9329288843950118,0.5243301717310256,0.7878787878787878,0.9594594594594594,0.0,0.0,0.888888888888889,0.7616926503340757,0.8652260449246517,0.6702263833522291,0.0,0.9711775043936731,0.5861126505113607,runif
0.5714285714285714,0.0,0.7369207772795217,0.0,0.75,0.9421296296296297,0.0,0.8503937007874016,0.0,0.6803454535452995,0.0,0.5441173749745601,0.7109708575859597,0.0,0.5,0.7380095923261392,0.8888888888888888,0.4121797434872204,0.46418009973327146,0.5703999863018391,0.7656162595562186,0.0,1.0,0.0,0.0,0.0,0.5883335560604037,0.0,0.2857142857142857,1.0,0.7143491124260355,0.0,0.0,0.0,0.6842105263157894,0.0,0.0,0.0,0.7042695987433957,0.6840861344537815,0.8756766575840146,0.0,0.0,0.6458423466297483,0.10599078341013835,0.9446199900216198,0.0,0.0,0.33333333333333337,0.28205128205128194,0.793827946518857,0.0,0.7752247752247752,0.42380300957592343,0.7501069015650389,0.5036701404621656,0.5786731324803962,0.9181255049824939,0.35387323943661975,0.9913700107874865,0.8921063070210233,0.0,0.5596465390279823,0.1428571428571429,0.8,0.0,0.4361696276332435,0.33333333333333337,0.7401789865178986,0.24966213172357854,0.5714285714285714,0.7056140350877194,0.6000000000000001,1.0,0.7247075017205782,0.8333333333333334,1.0,0.0,0.0,0.5714285714285714,0.005280528052805544,0.9006211180124224,0.6428571428571428,1.0,0.8827767456613349,0.2759588400374182,0.5,0.8707586206896551,0.8,0.0,0.0,0.7178002894356006,0.5,0.7647058823529411,0.584055459272097,1.0,0.0,0.6539225720994641,0.0,0.0,0.125,0.24488798812927515,0.8693710457759584,0.0,0.018097876269621782,0.5873989406189015,0.75,0.6666666666666667,0.0,0.0,0.47390266680502247,1.0,0.0,0.4444444444444444,0.02827854365500193,0.9070469798657719,0.6190476190476191,0.875,0.6666666666666667,0.585883207136189,0.0,0.5,0.0,0.0,0.18181818181818177,0.7175295186194368,0.7179487179487178,0.0,0.8571428571428571,0.0,0.1898734177215191,0.5665283883350876,0.0,0.5939229201048442,0.0,0.9480637813211845,0.0,0.0,0.0,0.5699346405228759,0.9417886178861788,0.9583134527008362,0.0,0.9090909090909091,0.7777777777777778,1.0,0.3076923076923077,0.5619412515964239,0.0,0.0741784037558686,0.5,1.0,0.9142857142857143,0.9876181600319531,0.3750000000000001,0.9852359782804836,0.0,0.7184129246851984,0.5007731621019527,0.36122472701911423,0.0,0.8288288288288288,0.594813127120901,0.84,0.9972709024065679,0.9040789191507613,0.0,0.206896551724138,0.9487179487179487,0.9,0.02941176470588236,0.7881257019533573,0.0,0.0,0.0,0.0,0.0,0.0,0.9621806216372448,0.0,0.8186932729710129,0.9795069637390058,0.0,0.907359695306374,1.0,0.8785709119837998,0.9284924924924924,0.34865169825513886,0.6666666666666667,0.0,0.0,0.0,0.0,0.8888888888888888,0.0,0.65,0.8318452380952381,0.0,0.7666666666666666,0.0,0.7326787512588117,0.0,0.6145512000601911,0.8089275473140891,0.0,1.0,0.816337474305121,1.0,0.7401790208565864,0.7122362012987014,0.725595659353621,0.8580630830741892,0.0,0.0,0.0,0.4098360655737705,0.0,0.6206896551724137,0.21212121212121204,0.25,0.0,0.7026615969581749,0.0,0.0,0.0,0.8446969696969697,0.0,0.0,0.0,0.7196606418295832,0.9693486590038314,0.8974358974358975,0.0,0.4102019128586609,0.7079734219269104,0.0,0.9893079893079894,0.17313699241410085,0.0,1.0,0.1896032144650931,0.9261828530771967,0.0,0.0,0.3006058073950284,0.7555865921787709,0.5916930658218937,0.7088673816374575,0.9064824654622742,0.6233766233766234,1.0,0.9346299297676931,0.0,0.8552036199095023,1.0,1.0,0.0,0.4703008770955923,0.2500000000000001,1.0,0.30641821946169756,0.5,0.9421252371916509,1.0,0.8571428571428572,0.901458241272647,0.8888888888888888,1.0,0.0,0.0,0.8571428571428571,0.5689300411522634,0.7793181818181818,0.625,1.0,1.0,0.5238095238095237,0.0,0.9580176767676768,1.0,0.0,0.0,0.7096774193548387,1.0,0.9166164701832888,0.5636653024101865,0.9375,0.5959752321981424,0.6666666666666667,0.0,0.0,0.45833333333333337,0.39584596725288057,0.8181818181818182,0.75,0.11917836078909905,0.4042829331602855,1.0,0.0,0.0,0.0,0.6615384615384614,0.0,0.0,0.6666666666666667,0.0,0.7965779467680608,0.8824451410658307,1.0,1.0,0.5697806354009077,0.0,0.8,0.0,0.44999999999999996,0.0,0.932780847145488,0.7,0.5,1.0,1.0,0.6568977841315227,1.0,0.2857142857142857,0.8305343511450382,0.0,1.0,0.0,0.0,0.29279466888796346,0.21194029850746254,0.4316103750699758,0.9699172724993733,0.590621403912543,0.9090909090909091,0.8571428571428572,1.0,0.65,0.75,1.0,1.0,0.0,0.8095238095238095,0.9117647058823529,1.0,0.5,0.9917844232665133,0.0,0.16233766233766234,0.07314205079962377,0.5415463659717644,0.0,0.9576271186440678,0.7764807345523603,0.9545454545454546,0.9954319065345392,0.8915547729107052,0.8087408048463869,0.375,0.9473684210526316,0.6666666666666666,0.5261586618679244,0.8229827408172297,0.0,0.0,0.0,0.0,0.0,0.0,0.9530347708563706,0.0,0.8148148148148148,0.9860823215872075,0.0,0.9166666666666666,1.0,0.9230164403145104,1.0,0.0,1.0,0.0,0.3295774647887324,0.0,0.0,1.0,0.0,0.75,0.7142857142857143,0.0,0.24654125609634725,0.0,0.6018627836809655,0.0,0.838012958963283,0.6211665664461816,0.0,0.6666666666666667,0.6314926397681335,0.7647058823529411,0.1515168570946135,0.6317531712740688,0.7048673387346156,0.7027386839102321,0.3317073170731707,0.33333333333333326,0.0,0.0,0.32073170731707323,0.6207502930832356,0.0,0.0,1.0,0.8921568627450981,0.0,0.0,0.0,0.75,0.0,0.0,0.0,0.96,0.35236457437661217,0.7992586812329302,0.0,0.0,0.0,1.0,1.0,0.4200351493848856,0.0,0.33333333333333337,0.421934312592837,0.774060395394308,0.0,0.43767243541509915,0.08803501945525294,0.6923076923076923,0.44234890698671225,0.19373159444678167,0.8452326116996776,0.0,0.978021978021978,0.8571428571428572,0.0,0.2455608488523171,0.8793103448275862,0.8,0.0,0.0,0.5714285714285714,0.8034567901234567,0.35230160971476976,0.6,0.5282657297987863,0.0,1.0,0.0,0.6666666666666667,1.0,0.2857142857142857,0.0,1.0,0.2818289318092235,0.6666666666666667,0.0,0.5,0.7009345794392523,0.18887147335423227,1.0,0.6913084553613604,0.6,0.0,0.5,0.5853858784893268,0.34024896265560167,0.9225806451612903,0.2129629629629629,1.0,0.0,0.8588709677419355,0.0,0.3276157804459692,1.0,0.0,0.13636363636363613,0.25,0.37704918032786894,0.7142857142857142,0.0,1.0,0.33333333333333337,0.0,0.057103064066852616,1.0,0.20707964601769913,0.4285714285714285,0.3988095238095237,0.2837902075740769,0.75,0.0,0.0,0.6940686784599376,0.0,0.0,0.0,0.0,1.0,0.6627565982404692,0.5,0.0,0.0,0.0,0.0,0.8666666666666667,0.0,0.39332211495881686,0.0,0.9517128874388254,0.0,1.0,0.0,0.6812652068126521,0.9456946503166689,0.9268052823826918,0.013157894736842035,1.0,0.5,0.5,0.29268292682926833,0.75,0.0,0.0,1.0,0.6923076923076923,1.0,1.0,0.9166666666666666,0.9677740863787375,0.0,0.46507392329119346,0.6724137931034482,0.6968620614512966,1.0,0.5,0.30899303356554797,0.0,0.9962370795990382,0.7757987220447284,0.7905443434911956,0.7,1.0,1.0,0.5350046045226646,0.4076900059844405,0.0,0.0,0.0,0.0,0.0,0.0,0.937091350908423,0.0,0.7358490566037736,0.9594594594594594,0.0,0.9197251853191105,1.0,0.8452012383900929,0.8653362664990571,0.7180166715458931,0.0,0.0,0.0,runif
0.5714285714285714,0.0,0.8455545371219065,0.8766501214489386,0.0,0.0,0.7857142857142857,0.0,0.0,0.7568248467075447,0.6548980606663353,0.0,0.0,0.5756735340729002,1.0,0.8927993789221712,0.0,0.0,0.0,0.6603428646494722,0.7526178010471204,0.7843749999999999,0.25,0.0,0.0,0.0,0.6347901054446581,0.0,0.8571428571428572,0.768370607028754,0.8441408302679978,0.0,0.0,0.0,0.7777777777777778,0.0,0.0,0.5531527211699833,0.0,0.11603773584905674,0.6196016884944259,0.0,0.2591496426766766,0.33749429136854936,0.9819236016371078,0.0,0.2205633575897531,0.4462151394422311,0.33333333333333337,0.0,0.39581428160844456,0.0,0.4390576988733357,0.8158130258010075,0.8124092888243831,0.7062768589660112,0.8990795041199614,0.4743274053807569,0.1497395833333336,0.17168262653898758,0.9237187127532778,0.7876154263986964,0.8305084745762712,0.5714285714285714,0.6000000000000001,0.0,0.23715927010587956,0.33333333333333337,0.949918787222523,0.44312267657992566,0.5714285714285714,0.3079384123175366,1.0,0.0,0.0,0.8333333333333334,0.9302884615384616,0.3548387096774194,0.2666666666666666,0.8571428571428572,0.8930150309460654,0.876309736774853,0.0,1.0,0.0,0.0,0.5,0.8822125363221254,0.0,1.0,0.6666666666666667,0.6309696092619392,0.7777777777777778,0.368421052631579,0.6061257388500807,1.0,0.284446764091858,0.3328772745929677,0.7894736842105263,0.0,0.0,0.20195273807839265,0.0,0.0,0.07117008443908324,0.6590759075907591,0.75,0.6666666666666667,0.19999999999999996,0.6666666666666667,0.5139931740614334,0.5555555555555556,0.22619808306709277,0.4444444444444444,0.5059288537549407,0.3657627118644068,0.19047619047619047,0.0,0.0,0.5221706081081081,0.0,0.875,0.6666666666666667,0.29999999999999993,1.0,0.36543029417138695,1.0,0.75,0.8571428571428571,0.0,0.4368715794832634,0.5803700011077878,0.9191870312121946,0.609634794480472,0.0,0.6208959688878917,0.6666666666666667,0.7834862385321102,0.5404000630020476,0.1096502108657903,0.0,0.4538800430152288,0.04721549636803879,0.0,0.11111111111111116,0.8333333333333334,0.3076923076923077,1.0,0.2195121951219512,0.4097152428810721,0.5,0.6666666666666667,0.9142857142857143,0.8283083589095505,0.0,0.9830771400366662,0.9772340425531915,0.9951988619524628,0.0,0.0,0.33333333333333326,0.0,0.0,0.16000000000000003,0.9618792503943414,0.9073713951845683,0.0,0.0,0.0,0.7,0.29054054054054057,0.9113051743598883,0.8555072852773442,0.0,0.0,0.0,0.0,0.9863164517143755,0.0,0.5284156602712181,0.9488564660039409,0.997040698029166,0.0,1.0,1.0,0.948001414927485,0.9902115069872844,0.0,0.6666666666666667,0.9166510582506088,0.0,0.0,0.0,0.8656716417910448,0.7916666666666666,0.0,0.0,0.8839285714285714,0.0,0.0,0.9432301598943817,0.6525514008735485,0.0,0.0,0.4736842105263158,1.0,0.8321355786763918,0.0,0.0,0.0,0.89114322078311,0.8861120429386112,0.7142857142857143,0.0,0.0,0.4098360655737705,0.45750371471025264,0.6206896551724137,0.0,0.5,0.9166666666666666,0.6969525959367946,0.0,0.0,0.0,0.5909090909090908,0.0,0.0,0.49809673085535144,0.0,0.28115942028985486,0.717948717948718,0.0,0.6032110091743119,0.19455922865013764,1.0,0.0,0.0,0.0,1.0,0.0,0.6571428571428571,0.0,0.3735294117647058,0.8116936590721933,0.775,0.3784461152882205,1.0,0.7309021113243762,0.5121951219512195,0.0,0.9842105263157894,1.0,0.9116022099447514,0.75,0.0,0.0,0.4703008770955923,0.2500000000000001,0.9154929577464789,0.516003879728419,1.0,0.0,0.29999999999999993,0.1428571428571429,0.8275862068965517,0.8888888888888888,0.48090523338048086,0.75,1.0,1.0,0.9587929915639195,0.9396579541787674,0.0,0.0,0.0,0.1428571428571428,0.0,0.9096155828094403,0.0,0.47089947089947093,1.0,0.6129032258064515,1.0,0.6669526424159232,0.7857142857142857,0.9375,0.0,0.07181328545780963,0.9333333333333333,0.5405405405405406,0.14540059347181,0.0,0.5,0.08333333333333337,0.5650224215246638,0.8791208791208791,1.0,0.0,0.5,1.0,0.0,0.5,0.8153846153846154,0.6666666666666667,0.8798641136504015,0.2456207159177457,0.6667448405253282,1.0,0.0,0.0,0.0,1.0,1.0,0.44999999999999996,0.5882352941176471,0.0,1.0,0.5,1.0,0.5,0.312962962962963,1.0,0.7571428571428571,0.8064746914684314,0.0,0.6666666666666667,0.6470588235294118,0.9620622568093385,0.0,0.18181818181818177,0.7229560520500858,0.0,0.0,0.0,0.0,1.0,0.65,0.75,0.33333333333333326,1.0,0.0,0.0,0.9117647058823529,0.7689754036517278,0.0,1.0,0.9762225284572922,0.9753036437246964,0.0,0.0,0.5,0.0,0.0,0.13636363636363646,0.9664415534416657,0.9681269134428054,0.7325655790147153,0.0,0.0,1.0,0.08263571038964124,0.9648951730862994,0.9513866617153082,0.0,0.0,0.0,0.0,1.0,0.0,0.5414016201815908,0.9259259259259259,0.9812664719709381,0.0,1.0,1.0,0.9956780118854673,1.0,0.42774427020506633,1.0,0.8713120731949877,0.0,1.0,0.0,1.0,0.8577140953015662,0.0,0.0,1.0,0.0,0.0,0.6302973542495902,0.7706019871420222,0.0,0.0,0.4933333333333333,0.6666666666666667,0.8780903665814151,0.0,0.0,0.0,0.8060844265223828,0.9063545150501672,0.875,0.33333333333333326,0.0,0.0,0.0,0.5778506204635917,0.0,0.5454545454545454,1.0,0.39139344262295084,0.0,0.0,0.0,1.0,0.0,0.0,0.9627285513361463,0.0,0.863456577815993,0.4902458056964495,0.0,0.0,0.3076923076923076,0.9,0.0,0.40347334410339253,0.6666666666666667,0.33333333333333337,0.0,0.41194743130226996,0.0,0.4602034709754639,0.6483873656138011,1.0,0.674074074074074,0.6015104398045313,0.5963581183611533,0.4375,0.2857142857142856,0.8571428571428572,0.9658002735978112,0.6863925108659311,1.0,1.0,0.0,0.6923076923076923,0.5714285714285714,0.742818871855931,0.2899177845088705,0.3999999999999999,0.1121047588629831,1.0,0.33333333333333337,0.41176470588235303,0.6666666666666667,0.8888888888888888,1.0,0.0,0.5,0.7641083521444695,1.0,0.0,0.0,0.45627376425855515,0.0,1.0,0.8281053952321205,0.0,0.8351063829787234,0.5,0.4367816091954022,0.7894736842105263,0.17389138016940708,0.21504237288135586,1.0,0.0,0.8370230805463966,0.5882352941176471,0.0,0.625,0.0,0.5714285714285714,0.75,0.6136363636363638,0.10762331838565031,0.0,1.0,0.0,0.0,0.384,1.0,0.0,0.4285714285714285,0.0,0.2778020061055385,0.0,0.0,1.0,0.8859170305676856,0.0,0.6666666666666667,0.0,0.0,0.144144144144144,0.8717948717948718,0.0,1.0,0.0,0.5,0.015863859244303558,0.26923076923076916,1.0,0.801981860933826,0.44444444444444453,0.0,1.0,0.7522532932747863,0.6936110834246985,0.11204246996367706,0.18508287292817693,0.6926330150068212,0.0,1.0,0.5,0.5,0.29268292682926833,0.75,0.3784090909090909,0.23590150913423347,1.0,0.0,1.0,0.9166666666666666,0.0,1.0,1.0,0.7813225643614337,0.4482758620689654,0.0,1.0,0.0,0.0,0.33333333333333326,0.9808569904581284,0.8550144516551235,0.7905443434911956,0.0,0.5,0.5714285714285714,0.6988105034787162,0.9854965064577599,0.774090692124105,0.0,0.0,0.0,0.0,0.9538228614685844,0.0,0.7059874249785654,0.9433962264150944,0.9662162162162162,0.0,1.0,1.0,0.8861209964412812,0.9770408163265306,0.0,0.0,0.9670947030497592,0.0,runif
0.0,0.0,0.8106508875739645,0.8826680672268907,0.0,0.0,0.0,0.6186061381074168,0.0,0.0,0.9375,0.0,0.0,0.5834044732798362,0.5,0.0,0.8888888888888888,0.0,0.0,0.7544563455989882,0.0,0.717948717948718,0.25,0.0,0.0,0.6579811597960419,0.6623044246853644,0.029322268326417822,0.0,0.0,0.8389080707811826,0.0,0.0,0.0,0.0,0.8087987702217992,0.0,0.8743793685225356,0.8840434658278524,0.27560468631897217,0.6163261860543643,0.0,0.3834903544190219,0.3941923774954629,0.9818306479259513,0.08931698774080576,0.4640526568547134,0.0,0.0,0.0,0.0,0.0,0.9419597132127006,0.7474831858407079,0.0,0.7919843597262952,0.3547060668362545,0.0,0.2917594654788417,0.0,0.7352941176470589,0.13608709574127442,0.9603603603603603,0.0,0.4,0.0,0.1712191872085277,0.5555555555555556,0.9129340047707395,0.5175150209726789,0.5714285714285714,0.8541333720761296,0.0,0.6363636363636364,0.9480249480249481,0.8333333333333334,0.7966573816155988,0.3548387096774194,0.0,0.2857142857142857,0.0,0.0,0.0,0.16666666666666663,0.0,0.007769353177946359,0.5,0.0,0.6734693877551021,0.9861966970667981,0.33333333333333337,0.6309696092619392,0.7777777777777778,0.7647058823529411,0.0,1.0,0.2744463017133305,0.843516166678108,0.0,1.0,0.125,0.5798829287651299,0.7066280333212605,0.8333333333333334,0.570264765784114,0.0,0.0,0.0,1.0,0.6666666666666667,0.0,1.0,0.16414264777723508,0.7777777777777778,0.005141388174807138,0.9888121092464627,0.6209987195902689,0.0,0.6666666666666667,0.3964606331343157,0.0,0.875,0.0,1.0,0.0,0.0,0.7483870967741936,0.75,0.9285714285714286,0.0,0.0,0.6837174442570731,0.7977228682170543,0.0,0.7222222222222222,0.8937703393770339,0.8333333333333334,0.5265734265734265,0.9687245810964699,0.1096502108657903,0.7301587301587302,0.0,0.19161977491961424,0.36363636363636365,0.0,0.875,0.0,1.0,0.46666666666666656,0.9028169014084507,0.0,0.0,0.0,0.9982163070695983,0.0,0.9352191716014944,0.9842744063324538,0.0,0.5022813479193007,0.5609475791502929,0.9436619718309859,0.9504379116029601,0.8908572334019965,0.72,0.9959129004824699,0.8795306364247922,0.0,0.0,0.16666666666666663,0.0,0.0,0.7637924100614215,0.17166646070192781,0.0,0.0,0.0,0.0,1.0,0.5291117591327994,0.8824963416581658,0.97671777399205,0.9767221448367965,0.0,0.7117750439367312,0.8,0.0,0.9902130471724833,0.8709618441971383,0.6666666666666667,0.8224989141450703,0.5964277961686657,0.0,0.0,0.6666666666666667,0.7916666666666666,0.0,0.7729591836734694,0.0,0.7666666666666666,0.0,0.0,0.6530047373183585,0.0,0.0,0.819047619047619,1.0,0.0,0.9322033898305084,0.0,0.0,0.8558408215661104,0.0,0.7142857142857143,0.0,0.0,0.0,0.4756380510440834,0.6206896551724137,0.21212121212121204,0.0,0.0,0.6967965721281371,0.0,0.0,0.0,0.0,0.8728864793182128,0.0,0.8498806682577565,0.9144900497512438,0.05882352941176483,0.9545454545454546,0.0,0.9407114624505929,0.7320261437908496,1.0,0.27285921625544274,0.42070078377132325,0.23076923076923073,1.0,0.0,0.565883190883191,0.0,1.0,0.6132613883988793,0.0,0.8666666666666667,0.23238095238095235,0.5601659751037344,0.6233766233766234,0.12959719789842372,0.9746300211416491,0.09999999999999998,0.9490242931103147,0.0,1.0,0.0,0.11316800558854356,0.75,1.0,0.8425096030729834,0.5,0.659919028340081,0.0,1.0,0.9642384105960264,0.8888888888888888,0.6933193056286164,0.23113207547169812,0.0,0.5714285714285714,0.0,0.0,0.0,0.09999999999999998,0.1413969335604771,0.0,0.0,0.0,1.0,0.9224806201550387,1.0,0.6129032258064515,1.0,0.882753036437247,0.0,0.8125,0.0,0.8983498349834984,0.4666666666666667,1.0,0.0,0.4558823529411764,0.6363636363636365,0.08333333333333337,0.953968253968254,0.0,0.0,0.0,0.0,1.0,0.30659630606860155,0.5,1.0,1.0,0.0,0.9710586443259711,0.9074372553534423,0.0,1.0,0.3161875945537066,0.0,0.8,0.0,0.9,0.0,0.5232198142414861,1.0,1.0,1.0,0.5,0.0,1.0,0.9571428571428572,0.12535816618911177,0.7777777777777778,0.7504835589941974,0.8823529411764706,0.0725190839694656,1.0,0.22089552238805954,1.0,0.0819754324392078,0.90473061760841,0.6363636363636364,0.0,1.0,0.0,0.875,0.0,1.0,1.0,0.0,0.0,1.0,0.0,0.9333333333333333,0.9933441484603606,0.2666666666666666,0.7307366638441999,0.5215510395474243,0.9558823529411765,0.9576271186440678,0.93104425040334,0.6818181818181819,0.994535519125683,0.9171386473388807,0.0,0.0,0.1724137931034483,0.0,0.0,0.9906695040104764,0.6564075888277198,0.0,0.0,0.0,0.0,1.0,0.6377867929655654,0.8387421890747834,1.0,0.9841672335951512,0.0,1.0,1.0,0.0,1.0,0.9876298284513946,1.0,0.48430098050016535,0.4250125502008032,1.0,0.0,0.7238493723849373,0.6018116391611863,0.0,0.7142857142857143,0.0,0.6856298485408201,0.0,0.0,0.7373288938216797,0.0,0.0,0.55893536121673,0.6666666666666667,0.0,0.7647058823529411,0.0,0.0,0.7928276896163938,0.0,0.881578947368421,0.33333333333333326,0.0,0.0,0.0,0.8738916256157636,0.0,0.0,0.0,0.8931799506984388,0.0,0.0,0.0,0.0,0.8184300341296928,0.0,0.9691991786447639,0.29999999999999993,0.07027213227695495,0.44031830238726777,0.5753012048192772,0.0,0.3076923076923076,0.9,0.0,0.21616871704745155,0.0,0.0,0.4098625707356507,0.0,0.0,0.9745422623526461,0.9565715292459478,0.25,0.6142397425583266,0.6405996758508914,0.0,0.0,1.0,1.0,0.28967428967428965,0.10896130346232202,1.0,0.4,0.0,0.10441767068273089,0.5714285714285714,0.9155995343422585,0.44610778443113763,0.6,0.6403269754768393,1.0,0.33333333333333337,0.9411764705882353,0.6666666666666667,1.0,0.5,0.0,0.0,0.28182893180922364,0.0,0.0,0.5,0.13943870014771043,0.18981805458362488,1.0,0.09642147117296218,1.0,1.0,0.0,0.4367816091954022,1.0,0.6332599118942731,0.02164502164502169,0.0,0.0,0.6378473753859727,1.0,0.9054726368159204,0.0,0.8499413833528722,0.7300613496932515,0.75,1.0,0.0,1.0,0.0,0.0,0.0,0.027599486521180938,1.0,0.24825662482566235,0.7142857142857142,0.03824626865671654,0.9378698224852071,0.75,1.0,0.0,0.2931222707423582,0.0,1.0,0.0,1.0,1.0,0.0,0.0,0.6666666666666666,0.5,0.5,0.0,0.26923076923076916,0.20398009950248763,0.0,1.0,0.5281037677578753,0.0,0.5813953488372093,0.8734177215189873,0.1552042160737812,0.8041149068322981,0.0,0.20000000000000007,0.0,0.0,0.5,0.0,0.9375,0.0,0.9147465437788018,0.0,0.0,0.0,0.0,0.0,0.8710963455149502,0.8435734463276836,0.792222461273666,1.0,0.6748514946730477,0.5,0.5,1.0,1.0,0.9962247007957892,0.8464680963478031,0.0,1.0,0.5,0.0,0.0,0.7113651351945482,0.0,0.0,0.0,0.0,0.0,0.9655172413793104,0.616028547062256,0.785154112712019,0.9848484848484849,0.9797297297297297,0.0,0.8899398108340499,0.888888888888889,0.0,0.9758890898131405,0.8173948408087381,0.0,0.7091418283656731,0.5975012515508347,runif
0.0,0.0,0.7391304347826086,0.0,0.0,0.0,1.0,0.0,0.0,0.0,0.0,0.0,0.0,0.0,1.0,0.9159474671669794,0.0,0.6877991288752241,0.0,0.8887379017720958,0.586908800638595,0.0,0.0,0.7498274331919929,0.0,0.1881932349436246,0.7806402727789354,0.0,0.0,0.0,0.7550428643469491,0.0,0.0,0.8571428571428572,0.7838427947598253,0.0,0.6976744186046512,0.0,0.7042695987433956,0.0,0.0,0.3846153846153846,0.9239153973868476,0.6458423466297483,0.0,0.0,0.1526050051222011,0.0,0.33333333333333337,0.28531199051430267,0.32607320736817136,0.0,0.5217391304347827,0.8811368273399643,0.7742551566080977,0.0,0.9079589166038783,0.8943630714602752,0.799554565701559,0.9172366621067032,0.3537794299876085,0.0,0.0,0.33333333333333337,0.6000000000000001,0.0,0.4361696276332435,0.33333333333333337,0.0,0.0,0.0,0.35405571487095455,0.7,0.0,0.713375796178344,0.8333333333333334,0.0,0.0,0.4,0.8571428571428572,0.6927536231884057,0.963151207115629,0.6428571428571428,1.0,0.06874169077969805,0.019672635057250587,0.5,0.7511464383980434,0.30000000000000004,0.49659678736727464,0.0,0.7222612359550562,0.33333333333333337,0.0,1.0,0.8947368421052632,0.0,0.5896570244763293,0.0,0.9403183023872679,0.0,0.8488305464395478,0.8711978971085242,0.0,0.0,0.6925673602160436,0.75,0.0,1.0,0.0,0.7828918801563178,1.0,0.8835901198337002,0.11111111111111105,0.17463933181473035,0.546059365404299,0.2500000000000001,0.875,0.0,0.2390770216857171,0.5,0.875,0.0,0.75,1.0,0.0,0.7,0.0,0.0,0.0,0.8517311427104494,0.9338837516512549,0.0,0.0,0.41666666666666663,0.5496566296883255,0.6666666666666667,0.3656039097044449,0.5103864578634185,0.0,0.0,0.961949439666406,1.0,0.0,0.11111111111111116,1.0,0.0,1.0,0.716148023549201,0.9417085427135679,0.5,0.8991287366681688,0.9142857142857143,0.0,0.9851745576279293,0.9847302341364099,1.0,0.0,0.7247340425531915,0.3596829604181784,1.0,1.0,0.8889464205312921,0.72,0.0,0.9648849937334885,0.5198455784775002,0.0,0.0,0.7,0.5196078431372548,0.3723482077542063,0.6392464481672334,0.0,0.0,0.0,0.0,0.999780562734676,0.0,0.5284156602712181,1.0,0.9706797706797707,0.6666666666666667,1.0,0.8461538461538461,0.9414090582314881,0.9933907470458642,0.0,0.0,0.0,0.7224277925994664,0.0,0.0,0.8888888888888888,0.0,0.0,1.0,0.8839285714285714,0.0,0.0,0.0,0.0,0.0,0.0,0.0,1.0,0.8940524408441697,0.0,0.8427225130890053,0.0,0.836862804416881,0.9689174705251876,0.0,0.0,0.7940379403794038,0.0,0.0,0.6206896551724137,0.0,0.0,0.0,0.6985498302992903,0.0,0.0,0.6666666666666667,0.0,0.0,0.5087719298245614,0.0,0.8719211822660099,0.19435736677115978,0.0,0.7174203113417346,0.8639112903225806,0.7142857142857143,0.0,0.0,0.0,0.0,1.0,0.15541264737406235,0.0,0.0,0.7553256238587949,1.0,1.0,0.0,1.0,0.9221060223584565,1.0,1.0,0.6428571428571428,0.0,0.0,0.5,0.0,0.0,0.75,0.2500000000000001,0.0,0.0,0.0,0.6666666666666667,1.0,0.11111111111111105,0.5,0.8888888888888888,0.008902077151335286,1.0,0.48677884615384603,1.0,0.0,1.0,1.0,0.8571428571428572,0.29885057471264376,0.0,0.0,0.44992526158445456,0.5,0.873015873015873,0.0,0.7096774193548387,1.0,0.0,0.9047619047619048,0.9375,0.0,0.0,0.0,1.0,1.0,1.0,0.8181818181818182,0.0,0.5564368517388651,0.8791208791208791,1.0,0.0,0.5,0.0,0.8401063425750095,0.0,1.0,0.0,0.0,0.005331302361005319,0.246056782334385,1.0,0.0,0.30434782608695654,1.0,1.0,0.0,0.44999999999999996,0.8823529411764706,0.5703517587939699,0.7,0.5,0.0,0.0,1.0,1.0,0.2857142857142857,0.8412371134020619,0.5555555555555556,0.7932514429480538,0.6470588235294118,0.5674499564838991,0.9102457309454395,0.0,0.0,1.0,1.0,0.0,0.0,1.0,0.44999999999999996,0.875,1.0,1.0,0.0,0.9151434951616906,0.9117647058823529,0.0,0.9888888888888889,1.0,0.9853572890859756,0.0,0.6061431756254645,0.5446098087600246,1.0,1.0,0.9252865288256638,0.6818181818181819,0.0,0.9923361207146142,0.0,0.0,0.0,1.0,0.9536672947701497,0.0,0.7089426321709786,0.0,0.0,0.0,0.0,1.0,0.0,0.5827424878213476,1.0,0.9380902413431269,0.5,1.0,1.0,0.9419464428457234,1.0,0.7983062092651134,0.0,0.0,0.580844553243574,0.0,0.0,0.8435870698644421,0.0,0.0,0.0,0.875,0.0,0.0,0.0,0.0,0.0,0.0,0.0,0.6666666666666667,0.894316163410302,0.0,0.9688443103142198,0.0,0.6299240292628026,0.5777610818933134,0.0,0.0,0.7672506256703611,0.2627737226277371,0.0,0.9002535925612849,0.0,0.0,0.0,0.48913043478260876,0.0,0.0,1.0,1.0,0.0,0.16666666666666663,0.726938625505329,1.0,0.0,0.0,0.5845410628019323,0.9246928260007927,0.0,1.0,0.0,0.0,0.0,0.33333333333333337,0.40551023137622033,0.5913541004450096,0.0,0.479287698913867,0.5949932481562272,0.6923076923076923,0.0,0.6581732653861231,0.8655745603469044,0.75,0.923469387755102,0.0,0.0,0.0,0.0,1.0,0.0,0.10509209100758399,0.5714285714285714,0.0,0.0,0.0,0.6969157769869514,0.0,0.0,0.0,0.6666666666666667,0.0,0.0,0.0,0.5,0.4038379530916846,0.7142857142857142,0.0,1.0,0.4,0.2106832971800432,1.0,0.9704119850187266,1.0,0.4029462738301559,0.5,0.5804597701149425,0.8666666666666667,0.405210643015521,0.45656779661016955,0.5,1.0,0.6818700114025086,1.0,1.0,0.625,0.43270365997638727,0.0,0.25,0.34426229508196726,0.10378378378378372,0.0,0.0,1.0,0.0,0.559192200557103,0.5,0.768141592920354,0.2857142857142857,0.0,0.14607738729144482,0.5,0.0,1.0,0.1617647058823528,0.0,0.6666666666666667,0.0,0.0,0.0675,0.6243386243386244,1.0,0.0,0.0,1.0,0.6360441767068272,0.7692307692307693,0.0,0.0,0.0,0.0,1.0,0.0,0.3684262948207172,0.6208677685950413,0.554087659309916,0.9208850850641895,1.0,1.0,0.5,0.0,0.0,0.9375,0.6931818181818181,0.9030976965845909,1.0,0.75,1.0,0.0,0.9166666666666666,0.9767441860465116,0.9375,0.8969199293741767,1.0,0.67793050337215,0.6666666666666667,1.0,1.0,1.0,0.0,0.9372761042373603,0.0,0.0,0.0,0.5714285714285714,0.7274815364500512,0.6860465116279069,0.4781430858268687,0.0,0.0,0.0,0.0,0.9538228614685844,0.0,0.35203030243557787,0.9848484848484849,0.9594594594594594,1.0,1.0,0.8571428571428572,0.7260656883298393,0.9758174745032068,0.041159871557847505,0.0,0.0,0.9145021906998136,runif
0.0,0.0,0.0,0.8416283185840707,0.0,0.0,0.828125,0.8503937007874016,0.0,0.6800388876660063,0.6548980606663353,0.5991851600358036,0.7363308223477716,0.0,0.0,0.0,0.33333333333333326,0.4699500190742213,0.0,0.718943533697632,0.0,0.0,0.33333333333333326,0.0,0.0,0.0,0.0,0.0,0.0,0.77227200843437,0.840241145440844,0.0,0.0,0.0,0.75,0.0,0.0,0.0,0.20000000000000007,0.17025346724055468,0.5120967741935483,0.3846153846153846,0.8826247022305638,0.47054346171411177,0.9817744154057771,0.46323161580790395,0.8997590016464244,1.0,0.0,0.28531199051430267,0.0,0.0,0.17273075450019137,0.38312602291325715,0.0,0.810541901095647,0.5498738626378299,0.49179879715691643,0.45299145299145305,0.8686730506155951,0.33882783882783885,0.0,0.0,0.5714285714285714,0.0,1.0,0.16952016219869337,0.33333333333333337,0.3861648555526107,0.6066252587991718,0.5714285714285714,0.0,0.0,0.5714285714285714,0.4585987261146497,0.0,0.0,0.3548387096774194,0.0,0.8571428571428572,0.8205723124516628,0.27063634040378215,0.0,0.18181818181818188,0.3614537237548253,0.014026602176541947,0.5,0.4695339211804931,0.6734693877551021,0.9867367367367368,0.33333333333333337,0.0,1.0,0.9130434782608695,0.8964401294498382,0.0,0.2808390732623669,0.8082689912826899,0.0,0.235294117647059,0.0,0.5558037180582015,0.8711978971085242,1.0,0.0,0.0,0.75,0.0,1.0,0.6666666666666667,0.49899332414962383,0.0,0.35847526358475246,0.0,0.8363995426670825,0.5837288135593219,1.0,0.0,0.0,0.0,0.5,0.625,0.33333333333333337,0.9,0.18181818181818177,0.36543029417138684,0.0,0.25,0.9285714285714286,0.0,0.5886152475499553,0.32341711740375434,0.9215225563909775,0.4824383289411155,0.0,1.0,0.8333333333333334,0.7853608247422681,0.9416983523447402,0.5301281311324022,0.9084054585036904,0.800723487973599,0.28863346104725407,0.0,0.7777777777777778,0.6666666666666667,1.0,0.8760683760683761,0.6078767123287672,0.6718885987815493,0.0,0.29166666666666663,0.0,0.0,0.5,0.9848144836080787,0.9894847184459659,0.9904001476900355,0.4755948996995045,0.0,0.0,0.9684684684684685,0.2028929237710123,0.84,0.9912032258465671,0.8787495835391703,0.0,0.0,0.0,0.8,0.250299107279811,0.0,0.4784329891510606,0.0,0.0,0.0,0.0,1.0,0.9597464314076849,0.0,0.9491402276580285,0.9970205184912151,0.6666666666666667,1.0,0.0,0.06818181818181812,0.0,0.9790901343051106,0.6666666666666667,0.5018045252966479,0.3286245278671114,0.0,0.0,0.0,0.7916666666666666,0.0,0.0,0.9424083769633508,0.7666666666666666,0.0,0.7326787512588117,0.9867109634551495,0.6065624757017338,0.8214611872146118,0.0,0.0,0.0,0.9322033898305084,0.8176596093878221,0.0,0.8873184898354308,0.0,0.0,0.0,0.0,0.4098360655737705,0.6122386043233083,0.0,0.0,0.0,0.9166666666666666,0.689275893675527,0.0,0.0,0.0,0.8407699037620298,0.0,0.0,0.0,0.916154413572658,0.28115942028985486,0.46153846153846145,0.7174203113417346,0.9651162790697675,0.38585047666833916,1.0,0.7558294470353097,0.9487179487179487,1.0,1.0,0.1896032144650931,0.5755935628202352,0.0,0.25,0.5362617924528301,0.0,0.940563086548488,0.7090336134453782,0.40619340818544003,0.6000000000000001,0.8167539267015707,0.5305514157973173,0.0,0.0,0.75,1.0,0.0,0.0,0.2500000000000001,0.5,0.798695246971109,0.5,0.30904183535762486,0.0,0.0,0.0,0.0,0.0,0.23113207547169812,0.0,1.0,0.8128082555580849,0.28219852337981943,0.0,0.33333333333333326,0.6991701244813278,0.0,0.0,0.5510736504113989,1.0,0.9227799227799228,1.0,0.0,1.0,0.8687345712139101,0.3571428571428571,0.0,0.0,0.9590664272890485,0.0,0.15384615384615385,0.0,0.5643418467583498,1.0,0.0,0.12316890881913312,0.0,1.0,0.0,0.5,1.0,0.8362978595116068,0.0,0.0,0.33333333333333337,0.9579579579579579,0.24113475177304955,0.9747889305816135,1.0,0.0,0.45763723150357993,1.0,0.8,0.0,0.9,0.0,0.0,0.0,0.0,1.0,0.0,0.5915119363395226,0.5869565217391305,0.7571428571428571,0.8210959885386819,0.0,1.0,0.8823529411764706,1.0,1.0,0.7627118644067796,0.9737811165120047,0.6749428291408037,0.2515942028985507,0.0,0.8571428571428572,1.0,0.65,0.75,0.0,1.0,1.0,0.2857142857142857,0.0,0.0,0.5,1.0,0.9762225284572922,0.9858305697919807,0.0,0.0,0.0,0.9915254237288136,0.40038955667916265,0.9545454545454546,0.9968707063635937,0.8916612513640432,0.3925925925925925,0.0,0.0,0.6666666666666666,0.11411477865020703,0.0,0.7213481633545913,0.0,0.0,0.0,0.0,1.0,0.9553492659813844,0.0,0.9259259259259259,0.9973816088366366,0.5,1.0,0.0,0.9442673621172607,0.0,0.9004919351647918,1.0,0.4947734267218509,0.24887302779864773,1.0,0.0,0.0,0.590817610062893,0.0,0.0,0.875,0.718819737168361,0.0,0.6473688993910751,0.7586312251756798,0.838012958963283,0.7628879537085744,0.0,0.0,0.0,0.6923076923076923,0.9674172637325145,0.0,0.7320506549268981,0.0,0.23181818181818192,0.0,0.0,0.0,0.0,0.0,0.7627426604188582,0.0,1.0,0.8681181181181181,0.0,0.0,0.0,1.0,0.0,0.0,0.6897426603841972,1.0,0.8632449190492594,0.3681852128454072,0.5845410628019323,0.609366391184573,0.7692307692307692,0.9,0.31271878646441076,0.6708199356913183,0.6666666666666667,0.0,0.4083688844513026,0.0,0.0,0.0,0.14216626365379792,0.0,0.6284153005464481,0.2860257248746457,0.6972350230414747,1.0,0.978021978021978,0.1428571428571428,0.0,0.0,1.0,0.0,0.0,0.0,0.5714285714285714,0.4615086666021109,0.25122349102773256,0.6,0.0,1.0,0.0,0.0,0.0,0.0,1.0,0.0,0.5,0.8997140972069496,0.0,0.0,0.5,0.0,0.20836065573770501,1.0,0.055135135135135016,0.6,1.0,0.0,0.08087027914614131,0.0,0.01832061068702273,0.45656779661016955,0.33333333333333337,0.0,0.5651595744680851,0.0,0.03606965174129362,0.0,0.0,0.0,0.25,0.0,0.0,0.0,0.0,0.8333333333333334,0.0,0.02342606149341131,0.5,0.8826086956521739,0.0,0.6974664679582713,0.0754062154914027,0.72,0.0,1.0,0.0,0.0,0.33333333333333337,1.0,1.0,1.0,1.0,1.0,0.6666666666666666,0.5,1.0,0.8938913129710433,0.3846153846153846,1.0,0.20944350758853303,0.0,0.9252008032128514,0.0,0.7522532932747863,0.8753611636943309,0.0,0.8033821695760599,0.9571739656423905,1.0,1.0,0.5,0.0,1.0,0.4736842105263157,0.7715909090909091,0.43849372384937235,0.0,0.5,0.0,0.0,0.9166666666666666,1.0,0.9690402476780186,0.8404554399775092,0.6724137931034482,0.0,0.0,0.875,0.14036494009968836,0.0,0.995034959833383,0.8574951759425883,0.3366228070175439,1.0,0.5,0.8571428571428571,0.6722506231779966,0.0,0.40693144930303604,0.0,0.0,0.0,0.0,1.0,0.9832402234636871,0.0,0.9545454545454546,0.9662162162162162,1.0,0.9789220114423367,0.0,0.7419354838709677,0.2420283892203251,0.06235440285758642,0.0,0.7101123595505618,0.6334659568506585,runif
0.5714285714285714,0.7065637065637065,0.8106508875739645,0.0,0.0,0.95,0.0,0.0,0.0,0.6760086108354948,0.0,0.0,0.6803615860020868,0.0,0.5,0.7392007490317913,0.0,0.7309862308295085,0.0,0.0,0.0,0.0,0.25,0.4838593974175035,0.0,0.654758097674631,0.6678657972969596,0.0,0.0,0.768370607028754,0.7030693950177936,0.0,0.5265921348715934,0.8636363636363636,0.0,0.9134180011043622,0.360116873630387,0.8907420276426531,0.7315436241610738,0.27264150943396226,0.0,0.47916666666666663,0.9413189771197846,0.675317604355717,0.9819605173587475,0.9413309982486865,0.9930308633195847,0.5,0.0,0.6942136041859034,0.8008940852819807,0.0,0.9419597132127006,0.38767389033509647,0.6762251555150964,0.47729291254662787,0.0,0.970125786163522,0.2917594654788417,0.0,0.8450488997555012,0.46241947029348607,0.7207207207207207,1.0,0.0,0.0,0.06663915824221167,0.5555555555555556,0.6773084854502407,0.4998237160653426,0.5714285714285714,0.0,0.7483870967741936,1.0,0.7611464968152867,0.0,0.34749303621169925,0.3548387096774194,0.0,0.5714285714285714,0.8008252213275648,0.8469872365687148,0.6428571428571428,0.9166666666666666,0.8100225588140509,0.009895227008148932,0.0,0.4436300358574141,0.10000000000000009,0.5097690941385433,0.6666666666666667,0.7178002894356006,0.33333333333333337,0.9130434782608695,0.9409090909090909,0.4736842105263158,1.0,0.7181196342569973,0.791869918699187,0.0,0.0,0.4677916930557543,0.40999637812386824,0.20000000000000007,0.5089005891939326,0.6504406210658833,0.75,0.6666666666666667,1.0,0.0,0.8018532485723522,1.0,0.06943396226415088,0.0,0.16819684171869254,0.9311079545454546,0.5357142857142858,0.375,0.0,0.3435813189392162,0.5,0.875,0.33333333333333337,0.9,0.0,0.18892746208660693,0.0,0.75,0.0,0.5,0.9108320919344541,0.48296520423600586,0.380329457364341,0.0,0.7222222222222222,0.8949053737838171,0.0,0.6850152905198776,0.0,0.0,0.0,0.6399220124186746,0.8876712328767123,0.0,0.7777777777777778,1.0,0.8269230769230769,1.0,0.0,0.437191760951552,0.0,0.9006048838772309,0.9142857142857143,0.0,0.0,0.6218292364016735,0.4421004356798901,0.9915609176720636,0.2163878373427769,0.6536430143773566,1.0,0.9566648651304476,0.8616334100248467,1.0,0.9956692336847909,0.8805241140073782,0.18941979522184327,0.206896551724138,0.6666666666666667,0.8,0.9771446172801479,0.399086036671368,0.6426609572006314,0.0,0.0,0.0,0.0,0.9966240542039968,0.6278155929584124,0.8750447534748192,0.8182939453340088,0.0,0.6666666666666667,0.8407341622261693,0.0,0.0,0.9202883970489604,0.35916132667797795,0.0,0.0,0.06827104541760198,0.0,0.5741935483870968,0.8888888888888888,0.0,0.0,0.8148148148148149,0.0,0.0,0.0,0.6362799263351748,0.0,0.0,0.8089275473140891,0.0,1.0,0.8059800664451827,0.0,0.9863375716778858,0.0,0.0,0.0,0.0,0.0,0.42233009708737856,0.0,0.5474937056534677,0.6206896551724137,0.0,0.0,0.0,0.6967965721281371,0.0,0.8655913978494624,0.7931034482758621,0.0,0.827058695888033,0.5087719298245614,0.9608240459304289,0.8544891640866873,0.05882352941176483,0.8181818181818181,0.5529676934635612,1.0,0.9552845528455285,1.0,0.9308829404714343,1.0,0.0,1.0,0.9705882352941176,0.9308053448898519,1.0,1.0,0.34085051546391754,0.7475308641975309,0.43971631205673756,0.0,0.9127906976744186,0.6000000000000001,0.0,0.9478260869565217,0.36496350364963503,0.7521453811206461,0.75,1.0,0.0,0.75,0.75,1.0,1.0,0.5,0.14108674928503329,0.7769230769230769,0.8888888888888888,0.8939929328621908,0.0,0.21996879875195008,0.8524590163934427,0.4267241379310345,0.8571428571428571,0.795863653772501,0.8023715415019763,1.0,1.0,0.8505747126436782,0.0,1.0,0.3841059602649006,0.0,0.873015873015873,1.0,0.7096774193548387,1.0,0.8336135738306328,0.3571428571428571,0.6875,0.8907563025210083,0.9098712446351931,0.9228187919463087,0.0,0.0,0.5637937523522769,0.2727272727272728,0.08333333333333337,0.980272523896685,0.75,1.0,0.0,0.5,0.0,0.843668770887486,1.0,0.0,0.33333333333333337,0.0,0.7965779467680608,0.8915964472785243,0.375,0.0,0.3451647953639986,1.0,1.0,0.0,0.9,0.0,0.7678132678132678,0.0,0.5,0.0,1.0,1.0,0.5869565217391305,0.7857142857142857,0.5527488855869241,0.7777777777777778,1.0,0.0,0.46794592237243793,0.3658682634730538,0.0,0.0,0.9439725579875857,0.6976024748646559,0.0,0.8571428571428572,1.0,0.8,0.875,1.0,1.0,1.0,0.9142857142857143,0.9117647058823529,0.0,0.0,0.6470458065943794,0.37038689172289085,1.0,0.7802749290857517,0.518972095891467,1.0,0.9576271186440678,0.9023473546601046,0.6818181818181819,0.9974032900125074,0.9172810430746126,0.0,0.375,0.6551724137931034,0.6666666666666666,0.9756755158753622,0.5469748168611104,0.9641000885026954,0.0,0.0,0.0,0.0,0.9954500737825873,0.6377867929655654,0.9173372348207754,0.8148148148148148,0.0,0.5,0.5,0.0,0.0,0.9572135895120356,0.0,0.0,0.0,0.09129762662544305,0.0,0.8889256198347107,0.8435870698644421,0.0,0.0,0.7142857142857143,0.0,0.0,0.0,0.44428364688856736,0.0,0.0,0.5879151762902401,0.0,0.6666666666666667,0.6354111506165367,0.0,0.9676155654217812,0.0,0.0,0.0,0.0,0.33333333333333326,0.821193232413179,0.0,0.0,0.8649453823237339,0.7650004724558254,0.5454545454545454,0.75,0.8925348646431501,0.0,0.5,1.0,0.0,0.7704987320371935,0.16666666666666663,0.3599722029186935,0.0,0.07192575406032509,0.0,0.0,0.9350385708485587,0.0,0.9,0.35769561478933787,0.9080459770114943,0.75,0.0,0.7700582698341552,0.7753044939101218,0.0,0.9743622126799697,0.1315882249250837,0.0,0.5681818181818182,0.0,0.8534507242260722,0.0,1.0,1.0,0.2778436018957344,0.0,0.5,0.0,0.0,0.6923076923076923,0.5714285714285714,0.7451708766716196,0.3701825557809332,0.6,0.0,1.0,1.0,0.9411764705882353,0.0,0.8888888888888888,0.4736842105263158,0.0,0.0,0.8955223880597015,0.6666666666666667,0.0,0.5,0.6966824644549763,0.18981805458362488,0.0,0.7760521042084169,0.75,0.3811407847016156,0.5,0.5853858784893268,0.0,0.0,0.45656779661016955,1.0,0.5062034739454093,0.17819148936170215,0.7407407407407407,0.0,0.0,0.2585596221959857,0.5950920245398772,0.75,1.0,0.0,0.0,1.0,0.0,0.0,0.5734126984126984,0.0,0.31264023934180996,0.0,0.215311004784689,0.2722754703585374,0.24,1.0,1.0,0.16393442622950816,0.0,0.6666666666666667,1.0,1.0,1.0,0.0,1.0,1.0,0.0,0.5,0.6841119550515036,0.3846153846153846,0.4502407704654897,0.6107600817691878,0.5555555555555556,0.4572333685322071,0.0,1.0,0.0,0.4247619047619047,0.5497553017944535,0.25884816753926676,0.20000000000000007,1.0,0.5,0.5,0.8780487804878049,0.9375,0.0,0.2987697715289983,0.0,0.7916666666666667,1.0,0.0,0.0,0.5966777408637873,0.0,0.9330896823165589,0.22413793103448265,0.8117514539895634,0.33333333333333337,1.0,0.790363482671175,1.0,0.9962324912456229,0.8462369734159016,0.0,0.7,1.0,0.8571428571428571,0.9474645030425963,0.6904656319290465,0.5369935408103347,0.0,0.0,0.0,0.0,1.0,0.6131766704416761,0.7854323935965676,0.7358490566037736,0.0,1.0,0.9106648199445984,0.0,0.0,0.3941140776699028,0.6539940032290306,0.0,0.0,0.814716255887136,runif
0.5714285714285714,0.5238095238095237,0.0,0.0,0.0,0.6666666666666667,0.0,0.8503937007874016,0.0,0.0,0.5,0.0,0.7397080006401935,0.8257099501409062,0.0,0.7456456731610206,0.8888888888888888,0.4274864897754982,0.5569322048686851,0.5931141917515068,0.859879352312414,0.7245949926362297,0.0,0.0,0.03988075951007708,0.23880665204678364,0.7883474822653798,0.7202272667352159,0.8571428571428572,0.77227200843437,0.0,0.6609847743551607,0.0,1.0,0.0,0.0,0.45081640780565513,0.0,0.11764705882352944,0.8165149716396254,0.5117529518619438,0.0,0.0,0.7272727272727273,0.6530682207747686,0.9444444444444444,0.0,0.0,0.0,0.248379015620395,0.7645648150561739,0.0,0.0,0.5294065972679756,0.0,0.803606698153714,0.0,0.538101243019276,0.39152981849611057,0.8158379373848987,0.43137254901960786,0.19636067354698528,0.8645066273932254,1.0,0.4,1.0,0.5344109033566119,0.22222222222222232,0.7902508960573477,0.25900681596884156,0.1428571428571428,0.8206551535087719,1.0,1.0,0.11642411642411654,0.8333333333333334,0.7966573816155988,0.0,0.0,0.2857142857142857,0.005671769226077816,0.9730401529636711,0.6428571428571428,1.0,0.7667365924844947,0.8762597270059956,0.0,0.17359111476758537,0.0,0.0,0.33333333333333337,0.4375,1.0,0.6521739130434783,0.0,1.0,0.519435736677116,0.0,0.3611793611793611,0.0,0.125,0.23601543450985962,0.7647058823529411,0.5,0.5806694813027744,0.0,0.75,0.6666666666666667,0.6,0.0,0.4349198924102444,1.0,0.3432230869001295,0.11111111111111105,0.4898692484279866,0.0,0.6209987195902689,0.0,0.6666666666666667,0.8866107744666722,0.5,0.875,0.33333333333333337,0.75,1.0,0.0,1.0,0.0,0.9285714285714286,0.0,0.5013131335055239,0.35090361445783136,0.8038063909774437,0.0,0.7222222222222222,0.6503287964520569,0.6666666666666667,0.03608247422680422,0.42122494942964994,0.7769465809714466,0.9096196164728073,0.1329685253235342,1.0,0.36363636363636365,0.11111111111111116,1.0,0.0,0.544891640866873,0.7100515463917526,0.37750294464075396,0.5,0.0,0.9142857142857143,1.0,0.0,0.9849473156046161,0.9772340425531915,0.9945820606006555,0.07758130466570978,0.7124507577681208,0.971830985915493,0.0,0.0,0.16000000000000003,0.9676964822016635,1.0,0.0,0.0,0.9333333333333333,0.7,0.3442735042735041,0.0,0.0,0.0,0.0,0.0,0.0,0.976850342354092,0.0,0.0,0.8141434485845362,0.973622412757359,0.6666666666666667,1.0,0.7,0.9354838709677419,0.0,0.8853088150045129,0.6666666666666667,0.5427127606998121,0.5738744594861938,0.0,0.5741935483870968,0.0,0.0,0.0,0.0,0.0,0.7666666666666666,0.0,0.0,0.0,0.0,0.8089275473140891,0.819047619047619,0.0,0.8163484326789787,0.7142857142857143,0.7148376192200894,0.7130450849963046,0.7767209216514288,0.8580630830741892,0.7142857142857143,0.0,0.0,0.0,0.0,0.6206896551724137,0.6444444444444444,0.5,0.7083333333333333,0.0,0.8291647003303445,0.0,0.7619047619047619,0.0,0.0,0.5087719298245614,0.14254545454545453,0.9158232535176499,0.9290617848970252,0.46153846153846145,0.0,0.0,0.0,0.7333333333333334,0.9825185185185186,0.07520246818357124,0.0,1.0,0.26828563168545816,0.93098479936604,0.0,0.25,0.7849555981194498,0.0,0.9700214132762313,0.0,0.7395871061209707,0.6233766233766234,0.85,0.7259615384615385,0.7368421052631579,0.9404096834264433,0.75,1.0,0.0,0.827023426224048,0.0,1.0,0.5097765363128491,0.0,0.607843137254902,1.0,0.0,0.0,1.0,0.6167859466493169,0.0,0.4267241379310345,0.5714285714285714,0.0,1.0,0.75,1.0,0.9540816326530612,0.8095238095238095,1.0,0.4600923482849605,0.0,0.0,1.0,0.967741935483871,1.0,0.6579907695610174,0.07142857142857151,0.9375,0.27868852459016413,0.023352165725046947,0.2799352750809063,0.3324538258575199,0.46475770925110127,0.0,0.4545454545454546,0.9166666666666666,0.953968253968254,0.0,1.0,0.0,0.5,0.0,0.7843494085532301,0.5,0.0,0.0,0.5025935025935026,0.0,0.8993148298687725,0.0,1.0,0.93589258698941,1.0,1.0,0.0,0.9,0.8823529411764706,0.5232198142414861,1.0,0.5,1.0,1.0,0.886796329269963,1.0,0.9571428571428572,0.15147407658420875,0.7777777777777778,0.5414197996337391,0.6470588235294118,0.7962170682278766,0.0,1.0,0.9737811165120047,0.0,0.9576811594202899,0.6363636363636364,0.0,0.0,0.44999999999999996,0.875,1.0,1.0,0.0,0.0,0.9117647058823529,1.0,0.0,1.0,0.9717807882471946,0.9864592336502449,0.5,0.8913235727621106,1.0,0.0,0.0,0.13636363636363646,0.9450373634187687,0.9948831656148729,0.735897435897436,0.0,0.9310344827586207,1.0,0.0,0.0,0.0,0.0,0.0,0.0,0.0,0.75,0.0,0.0,0.8148148148148148,0.989404770166794,0.5,1.0,0.5,0.9273639725303751,0.0,0.9965549557160016,1.0,0.46728429560208073,0.4250125502008032,0.0,0.7743484224965707,0.0,0.0,0.0,0.0,0.0,0.7189009661835748,0.0,0.0,0.0,0.0,0.6382398559063391,0.4826707441386341,0.0,0.6382162282989345,0.6923076923076923,0.1515168570946135,0.6232638036809816,0.7320506549268981,0.7887222121814568,0.881578947368421,0.0,0.0,0.25374732334047123,0.0,0.8851756640959726,0.8168602112983498,0.5454545454545454,0.75,0.0,0.674245939675174,0.0,1.0,0.0,0.0,1.0,0.0,0.32799999999999996,0.863456577815993,0.3930940304330863,0.0,0.22178529296106964,0.15384615384615385,0.29999999999999993,0.957983193277311,0.5944533762057878,0.6666666666666667,0.0,0.30998198881410555,0.7682198327359617,0.0,0.0,0.03951462352209101,0.0,0.6417977528089888,0.0,0.2422846614463382,0.0,1.0,0.0,0.331384015594542,0.7320893035654783,1.0,0.4,0.0,0.2648376259798433,0.5714285714285714,0.531610030012586,0.32979200957653765,0.19999999999999996,0.577131906739061,1.0,0.33333333333333337,0.41176470588235303,0.6666666666666667,0.6666666666666666,0.5,0.0,0.0,0.29178800232964475,0.5,0.0,1.0,0.5829383886255926,0.5851985559566786,0.0,0.03398392652123983,0.0,0.0,0.0,0.42295887047268266,0.32333333333333336,0.17389138016940708,0.0,1.0,0.872852233676976,0.4550164861045689,1.0,0.03606965174129362,0.0,0.0,0.1986062717770034,0.25,1.0,0.01115760111576003,0.0,1.0,1.0,0.0,0.032592592592592395,1.0,0.49509269356597607,0.2857142857142857,0.6354166666666667,0.0,0.24,1.0,0.0,0.9587882096069869,0.0,0.6666666666666667,1.0,0.0,0.0,0.0,1.0,0.0,0.5,0.0,0.10637694851204549,0.3846153846153846,0.828048780487805,0.0,0.5555555555555556,0.8921665840356966,1.0,0.0,0.6936110834246985,0.49586776859504145,0.7199462031864267,0.7779248279512969,1.0,0.0,0.5,0.5,0.0,0.7368421052631579,0.6931818181818181,0.0,1.0,0.0,1.0,0.9818181818181818,0.0,1.0,0.934201266713582,0.0,0.22413793103448265,0.4533600383885169,0.0,0.0,0.0,0.33333333333333326,0.989966433158202,0.9883147131972682,0.33333333333333326,0.0,1.0,0.5714285714285714,0.0,0.0,0.0,0.0,0.0,0.0,0.0,1.0,0.0,0.0,0.7358490566037736,0.9662162162162162,1.0,0.9894610057211684,0.5555555555555556,0.7419354838709677,0.21505791505791483,0.8010735198438517,0.0,0.3100042936882783,0.5886552486318452,runif
0.5714285714285714,0.0,0.0,0.6852497593325491,0.9,0.0,0.0,0.6186061381074168,0.6709235609846382,0.6760086108354948,0.0,0.8837452337240502,0.6880404977852774,0.8723102388271459,0.5,0.0,0.0,0.6113668178509436,0.6634832607272805,0.0,0.7601689919434073,0.446257197696737,0.0,0.48539754440338534,0.0,0.6458512711288349,0.6638035198318886,0.0,0.2857142857142857,0.77227200843437,0.0,0.6608527131782945,0.0,0.0,0.6842105263157894,0.9478939956471643,0.6976744186046512,0.5009706643658325,0.7046491728465487,0.2813880706921943,0.5294449670743181,0.9583333333333334,0.22807017543859653,0.34700544464609806,0.6532476319350473,0.08231173380035006,0.21253783765048406,0.0,0.0,0.26467868700878405,0.8054827655714574,0.0,0.0,0.4271279907497998,0.0,0.0,0.9110976047738764,0.6621656050955413,0.38483547925607997,0.0,0.8450488997555012,0.0,0.7391742195367572,1.0,0.8,0.0,0.0,0.44444444444444453,0.31482471549683044,0.2639593908629442,0.5714285714285714,0.9359395063489799,0.6826923076923077,0.0,0.1390877192982456,0.0,0.8001800180018002,0.7741935483870968,0.0,0.5714285714285714,0.944511217948718,0.3199762540813297,0.6428571428571428,1.0,0.8766528235237958,0.019672635057250587,0.0,0.5253953248539016,0.8,0.8288243974422036,0.6666666666666667,0.9565846599131693,0.7777777777777778,0.0,1.0,1.0,0.44839114082741327,0.17497856530437284,0.36797326040717104,0.0,0.125,0.5015558792372883,0.0,0.0,0.33479278327168394,0.6362413851067406,0.75,0.0,0.5,0.0,0.8469166761655078,1.0,0.16414264777723508,0.4444444444444444,0.17463933181473046,0.2531847133757965,0.0,0.375,0.6666666666666667,0.9669484178586909,0.5,0.0,0.33333333333333337,0.8571428571428572,1.0,0.0,0.6826923076923077,0.0,0.9285714285714286,0.0,0.4368715794832634,0.6848511328880844,0.4689393939393939,0.794700647249191,0.7222222222222222,0.0,0.0,0.0,0.9675855673579498,0.6794748639129042,0.0,0.3678200892598388,0.0,0.4444444444444444,0.7777777777777778,1.0,0.8269230769230769,0.0,0.7093023255813953,0.0,0.5,1.0,0.9142857142857143,0.9220655737704918,0.9802073515551367,0.0,0.9496214533361635,0.7347090383821708,0.0,0.0,0.9850746268656716,1.0,0.6978836968406514,0.16000000000000003,0.0,0.9075468577248866,0.0,0.0,0.07692307692307698,0.8,0.28607962618002725,0.5049861911970326,0.0,0.0,0.0,0.0,0.0,0.9987170665142697,0.6281766103967334,0.8372254994037758,0.8196692275333761,0.9706797706797707,0.0,1.0,0.9206349206349206,0.8959445560072489,0.9958594527075478,0.11445909814642374,0.6666666666666667,0.0,0.016298249875652093,0.0,0.0,0.0,0.7916666666666666,0.8571428571428572,0.0,0.0,0.5212121212121212,1.0,0.6362799263351748,0.0,0.9153195488721805,0.8214611872146118,0.7435897435897436,1.0,0.0,0.0,0.8138107664057215,0.8786731514110143,0.0,0.8861120429386112,0.7142857142857143,0.0,0.42233009708737856,0.0,0.5391746994476334,0.6206896551724137,0.0,0.0,0.0,0.0,0.5903541519523762,0.0,0.0,0.8955223880597015,0.8722401605724758,0.5087719298245614,0.0,0.7565046637211587,0.05882352941176483,0.7163198247535597,0.9162283996994741,0.0,0.2852852852852854,0.7333333333333334,0.1408036589349887,0.0,0.23076923076923073,1.0,0.41780581843673303,0.9339016699754759,0.0,0.0,0.3477038425492035,1.0,0.0,1.0,0.26584570807678387,0.6233766233766234,0.0,0.9519774011299436,0.0,0.7126567844925884,0.75,1.0,0.0,0.0,0.75,0.9065040650406504,0.0,0.5,0.6221322537112011,0.6689655172413793,0.0,0.0,0.0,0.5959510754955715,0.6886792452830188,0.0,0.8571428571428571,0.96529284164859,0.37447008949599614,0.625,0.0,1.0,0.0,1.0,0.44515052823893875,1.0,1.0,1.0,0.967741935483871,1.0,0.6912596939844896,0.5238095238095237,0.8125,0.7479245283018867,0.6848352713178295,0.20000000000000007,0.0,0.75,0.5635859984890456,0.0,0.08333333333333337,0.0,0.8974691758598313,1.0,0.0,0.0,0.0,0.893305439330544,0.0,0.7113752122241087,0.6666666666666667,0.881392483056069,0.0,0.0,0.375,1.0,0.9596774193548387,1.0,0.0,0.0,0.0,0.5882352941176471,0.5034965034965033,0.6689655172413793,0.5,1.0,0.0,0.6366557536073724,1.0,0.7857142857142857,0.8305343511450382,0.7777777777777778,0.0,0.0,0.0,1.0,0.4968704221600746,0.0,0.0,0.6337056504599212,0.6363636363636364,0.8571428571428572,1.0,0.8,0.25,1.0,0.0,0.0,0.8656716417910448,0.9117647058823529,0.9350753176807204,0.9888888888888889,0.0,0.9526282669130708,0.2885245901639344,0.12446700507614183,0.0,0.9850746268656716,0.9915254237288136,0.8771848730462452,0.13636363636363646,0.0,0.968065379362418,0.8087408048463869,0.0,0.10526315789473684,0.6666666666666666,0.1027984629986578,0.5570208157863072,0.0,0.0,0.0,0.0,0.0,1.0,0.5646979865771811,0.673633608527537,0.8148148148148148,0.962987618160032,0.0,1.0,1.0,0.9341249477892476,1.0,0.0,1.0,0.0,0.3290897517504774,1.0,0.0,0.0,0.5192089683839274,0.75,0.0,0.0,0.7748344370860927,0.6643356643356644,0.6473688993910751,0.0,0.4739187965735775,0.5708229426433915,0.7676767676767677,0.6666666666666667,0.0,0.0,0.3504507198701241,0.4635336730308798,0.0,0.7027386839102321,0.0,0.33333333333333326,0.49786552828175035,0.0,0.0,0.8649453823237339,0.7650004724558254,0.0,1.0,0.0,0.6771358703958429,0.0,0.0,0.75,0.8184300341296928,0.16666666666666663,0.9638637943015983,1.0,0.06889424733034788,0.4902458056964495,0.6626506024096386,0.5580046403712297,0.7692307692307692,0.29999999999999993,0.0,0.0,0.0,0.0,0.39773645917542455,0.7753044939101218,0.0,0.43767243541509915,0.13151867512332627,0.25,0.0,0.5527690700104493,0.8005299927728258,1.0,0.2857142857142857,1.0,0.0,0.0,0.8159509202453988,0.8,0.0,0.0,0.4285714285714285,0.5474509803921568,0.32820097244732593,0.6,0.5953678474114442,1.0,0.0,0.41176470588235303,0.0,1.0,1.0,0.0,0.0,0.8651817116060961,0.0,0.0,0.0,0.6945107398568019,0.20836065573770501,0.0,0.7622309197651663,0.6,0.9711278195488722,0.5,0.8888888888888888,0.8066666666666666,0.628755364806867,0.7654320987654321,0.0,0.5062034739454093,0.0,0.0,0.0,1.0,0.34065244667503136,0.0,0.75,0.051724137931034475,0.10729023383768921,0.0,0.0,0.5,0.0,0.559228650137741,1.0,1.0,0.4285714285714285,0.0,0.46569481857074957,0.0,1.0,0.0,0.9665970772442589,0.0,0.0,1.0,1.0,0.144144144144144,0.0,1.0,0.0,0.5,1.0,0.0,0.8666666666666667,0.4734121122599704,0.4283945522080068,0.5555555555555556,0.2684495599187542,0.0,0.0,0.8734177215189873,1.0,0.5935857701118448,0.6765843498958644,0.013157894736842035,0.0,0.5,0.5,0.8780487804878049,0.0,0.6666666666666667,0.047235023041474644,1.0,0.6923076923076923,1.0,0.8504966021955045,0.9166666666666666,0.0,0.8328173374613004,0.0,0.4482758620689654,0.5693669658016007,1.0,0.875,0.47891024359596757,0.33333333333333326,0.0,0.8710282138425851,0.7905443434911956,0.0,0.0,0.8571428571428571,0.6721422627669738,0.42866506445269836,0.3884321785085145,0.0,0.0,0.0,0.0,1.0,0.9236363636363636,0.5016494302888019,1.0,0.9594594594594594,0.0,1.0,1.0,0.7616926503340757,0.9845201238390093,0.6378422000124155,0.0,0.0,0.0,runif
0.0,0.0,0.0,0.8822723440134908,0.0,0.95,1.0,0.6186061381074168,0.667235818630241,0.0,0.7358490566037736,0.0,0.0,0.5763957878005166,1.0,0.0,0.0,0.5394032220826976,0.0,0.6759298231205921,0.0,0.0,0.25,0.0,0.0,0.08046159336955239,0.5884614099007255,0.7202272667352159,0.0,0.0,0.7317432667827951,0.8854916774878999,0.0,0.8636363636363636,0.0,0.8353435962545628,0.0,0.781591263650546,0.7347172512526843,0.6842105263157895,0.4245498713918263,0.5769230769230769,0.9239153973868476,0.6355731225296444,0.9815202231520224,0.0,0.9777305282005372,0.0,0.0,0.6265841438255231,0.0,0.0,0.6956521739130435,0.0,0.7324500692109945,0.803606698153714,0.0,0.9306719488039007,0.5,0.10505529225908372,0.27098540145985406,0.12809667673716008,0.5653016719166466,0.8571428571428572,0.4,0.0,0.16952016219869337,0.0,0.24039240392403927,0.0,0.5714285714285714,0.43737647317180295,0.8225806451612903,0.0,0.1390877192982456,0.8333333333333334,0.34749303621169925,0.19354838709677413,0.06201550387596888,0.8571428571428572,0.4180463070438023,0.9049306170652495,0.0,1.0,0.3488150655945833,0.8053701691758498,0.0,0.14196625091709447,0.6734693877551021,0.5010793308148948,0.33333333333333337,0.6875,1.0,0.6521739130434783,0.5825242718446602,1.0,0.0,0.6326628706647933,0.3611793611793611,0.9680056878777106,0.0,0.8364226025613711,0.7581521739130436,1.0,0.3295445637689113,0.6798986486486486,0.0,0.0,0.0,0.0,0.5493990032248608,1.0,0.3644783880402991,0.11111111111111105,0.005484460694698323,0.2912973408541498,0.5302445302445302,0.375,0.6666666666666667,0.0,0.0,0.625,0.33333333333333337,0.75,1.0,0.016544117647058876,0.0,0.75,0.9285714285714286,0.0,0.0,0.33536299765807975,0.39144736842105254,0.9003454582401951,0.41666666666666663,0.8735280623948616,0.6666666666666667,0.10103092783505152,0.9397099110195587,0.6268043409545886,0.0,0.5742139469523977,0.7395109395109394,0.0,0.7777777777777778,0.0,0.0,0.5,0.0,0.9390459363957597,0.5,0.0,0.0,0.0,0.0,0.9848144836080787,0.9886900147981115,0.9943443653121072,0.477890005145008,0.9843902898005269,0.971830985915493,0.9984983374450285,0.8807143702556852,1.0,0.978312806727013,0.988485852420968,0.0,0.0,0.9487179487179487,0.8,0.4090132090132089,0.0,0.3828919894047945,0.0,0.0,0.0,0.0,0.9883089082825621,0.0,0.0,1.0,0.9736396878240463,0.0,0.9923698384201077,0.8,0.0,0.0,1.0,0.0,0.9201938531976036,0.8471449567252736,0.0,0.0,0.0,0.7916666666666666,0.0,0.9112814895947426,1.0,0.5212121212121212,0.5945945945945946,0.0,0.652542372881356,0.0,0.0,0.819047619047619,1.0,0.0,0.0,0.8177339901477833,0.0,0.8898992649060713,0.0,0.0,0.0,0.0,0.4098360655737705,0.5937683533739297,0.6206896551724137,0.6444444444444444,0.5,0.0,0.6965123393840504,0.8282462493533368,0.0,0.7931034482758621,0.0,0.8832996500221817,0.0,0.8448767191178292,0.8548915587455141,0.8204633204633205,0.46153846153846145,0.6560415122312824,0.8633603238866396,0.7022350396539294,1.0,0.0,1.0,0.23076923076923073,1.0,0.6834583779921402,0.5752257132538822,0.0,0.0,0.0,0.736935866983373,0.9271410311035364,0.0,0.913074972835929,0.09999999999999998,0.2571428571428571,0.0,0.09999999999999998,0.7979251240414975,0.75,0.5,0.0,0.0,0.5,0.9047619047619048,0.0,0.5,0.6666666666666666,0.8769230769230769,0.1428571428571429,0.0,1.0,0.5517241379310345,0.5,0.5263157894736842,1.0,0.740814451928965,0.9411764705882353,0.0,1.0,0.6422487223168655,0.8095238095238095,1.0,0.4581673306772909,0.0,0.7674418604651163,1.0,0.0,1.0,0.6555023923444976,0.7142857142857143,0.8125,0.5757085020242916,0.8284155715348376,0.2799352750809063,1.0,0.0,1.0,0.7142857142857143,1.0,0.3041575492341355,0.8972691807542262,0.0,0.0,0.0,0.0,0.7307835128109914,0.5,0.0,0.0,0.6213486213486212,0.39184397163120555,0.39784026515556514,0.375,1.0,0.49626865671641796,0.0,0.8,0.0,0.9,0.5882352941176471,0.47637795275590555,0.0,0.0,1.0,0.5,0.0,0.5869565217391305,0.7857142857142857,0.9811928159945781,0.5555555555555556,1.0,0.6470588235294118,0.5570817383472191,1.0,0.4968704221600746,0.0,0.9440137109279361,0.4872389791183296,0.0,0.8571428571428572,1.0,0.44999999999999996,0.25,0.5352112676056338,1.0,0.0,0.0,0.0,0.0,0.0,1.0,0.9717807882471946,1.0,0.10832544938505217,0.9127691085878641,1.0,0.9915254237288136,0.9330597432962322,0.6818181818181819,1.0,1.0,0.6909722222222223,0.0,0.9473684210526316,0.6666666666666666,0.015441105132357524,0.0,0.10166309012875518,0.0,0.0,0.0,0.0,1.0,0.0,0.0,1.0,0.9782266526757607,0.0,0.9772727272727273,1.0,0.0,0.0,0.9967787719839556,0.0,0.8635856869823741,0.8883032128514057,1.0,0.0,0.0,0.604982206405694,0.0,0.7142857142857143,0.875,0.718819737168361,0.680951481970927,0.0,0.9032258064516129,0.0,0.0,0.6460317460317461,0.6666666666666667,0.0,0.0,0.9682157890215617,0.0,0.7341306837857275,0.0,0.0,0.33333333333333326,0.0,0.0,0.0,0.5778506204635917,0.8256665481692144,0.5454545454545454,0.0,0.8681181181181181,0.6670108005082591,0.0,1.0,0.0,0.47217979489417417,0.0,0.34727143869596044,0.0,0.8021978021978022,0.3681852128454072,0.47818930041152263,0.9246928260007927,0.0,0.9,0.75,0.909967845659164,0.0,0.0,0.6059917079042396,0.0,0.0,0.43483202828997225,0.0,0.6923076923076923,0.6539735099337748,0.0,0.852882703777336,0.0,0.0,1.0,0.2944915254237287,0.17901029558286297,0.9583333333333334,0.6,0.0,0.40866873065015485,0.0,0.44706115179101513,0.0,0.6,0.6892366656020441,0.5,0.33333333333333337,0.41176470588235303,0.6666666666666667,1.0,0.0,0.0,1.0,0.0,0.75,0.0,1.0,0.0,0.5629795396419437,0.0,0.14965664219748998,0.75,0.3821029082774049,0.0,0.10251688152240634,0.0,0.1335920177383595,0.5454545454545454,0.0,0.0,0.17819148936170215,0.0,0.8157894736842105,0.0,0.43897465773376054,0.5714285714285714,0.0,0.24418604651162779,0.0,1.0,0.0,0.6666666666666667,0.0,0.3744588744588745,1.0,0.8826086956521739,0.2857142857142857,0.32302405498281805,0.43805473372781056,0.88,1.0,0.0,0.0,0.0,0.33333333333333337,1.0,0.0,0.14473684210526327,0.30409356725146197,1.0,0.6666666666666666,0.5,0.5,0.16586345381526102,0.3846153846153846,0.5342465753424657,0.8051575931232091,1.0,0.4474304573314475,1.0,0.4207726116123063,0.9778812572759022,1.0,0.6888941623160894,0.0,0.0,1.0,0.5,0.5,0.0,0.26315789473684204,0.0,0.8942857142857142,1.0,0.0,0.0,0.0,0.0,1.0,0.9690402476780186,0.5966889259877575,0.6724137931034482,0.3273998895695843,1.0,0.5,0.7791832975130488,1.0,0.9622612110068871,0.9854953624258749,0.3366228070175439,1.0,1.0,0.8571428571428571,0.652968474955993,0.0,0.4877478143085826,0.0,0.0,0.0,0.0,0.9655172413793104,0.0,0.0,0.9848484848484849,0.9662162162162162,0.0,0.9189236111111111,0.888888888888889,0.0,0.2613719928563927,0.7771690717976127,0.0,0.8988388859376186,0.8159036144578313,runif
0.5714285714285714,0.706499193362526,0.811068211068211,0.0,0.75,0.6666666666666667,0.0,0.0,0.8554180039737124,0.0,0.0,0.0,0.0,0.8161413562559694,0.5,0.9012795367516578,0.33333333333333326,0.5657082419304293,0.0,0.0,0.7281044157111491,0.4813404417364813,0.33333333333333326,0.0,0.06787669790460171,0.0,0.0,0.029322268326417822,0.2857142857142857,0.77227200843437,0.8412869790541999,0.0,0.0,0.0,0.7704194260485651,0.9429012345679012,0.0,0.0,0.20000000000000007,0.0,0.903621800452725,0.9583333333333334,0.9427491223332434,0.9693302387267905,0.9814814814814815,1.0,0.20098452409049516,0.0,0.6666666666666667,0.8572199106179689,0.4127390971690894,0.0,0.0,0.8651169776057137,0.0,0.9007066821719295,0.0,0.4621341383383647,0.11418803418803403,0.9214795587280986,0.0,0.0,0.0,0.8571428571428572,0.4,0.5,0.4885496183206107,0.0,0.9236401673640168,0.26209861860762973,0.8571428571428571,0.6275792652239557,0.0,0.5714285714285714,0.6666666666666667,0.0,0.0,0.0,0.16455696202531644,0.2857142857142857,0.89732786339949,0.28999810210666177,0.6428571428571428,0.0,0.7257427799709121,0.9236148466917697,0.0,0.8989031713732691,0.8,0.8258258258258259,0.0,0.6309696092619392,0.5,0.6521739130434783,0.8863636363636364,1.0,1.0,0.8082689912826899,0.7894736842105263,0.19628836545324757,0.0,0.0,0.4123861566484518,0.8333333333333334,0.6217575757575757,0.0,0.75,0.6666666666666667,1.0,0.0,0.4087398158924982,0.0,0.00943396226415083,0.33333333333333326,0.6200260926288323,0.9521311475409836,0.16945516945516959,0.0,0.6666666666666667,0.25085831998168917,0.5,0.5,0.33333333333333337,0.8571428571428572,1.0,0.36543029417138684,0.0,0.0,0.9285714285714286,0.0,0.6406548300878196,0.636622684755002,0.5594553706505296,0.659377709276563,0.41666666666666663,0.9057421789713359,0.8333333333333334,0.2823452341958729,0.5289441690825775,0.48775143274525223,0.3757701987329688,0.9730812290085832,0.8761174968071519,0.4444444444444444,0.11111111111111116,0.16666666666666674,0.1923076923076923,0.0,0.0,0.0,0.0,0.0,0.0,0.9969508196721312,0.5,0.0,0.7727659574468085,0.9251396132367194,0.0697362308367313,0.6536430143773566,0.0,0.9603174603174603,0.24408108322115762,0.16000000000000003,0.9952927242041989,0.8795999711136839,0.2009685230024213,0.206896551724138,0.5714285714285714,0.0,0.9126216670365556,0.5103144383425797,0.48042521708656183,0.0,0.0,0.0,0.0,0.9965028979482038,0.9345747330575469,0.7065374324143753,0.0,0.9795858409600797,0.6666666666666667,1.0,0.0,0.9738910201497263,0.9933907470458642,0.8563297598455908,0.0,0.0,0.7756307391927759,0.0,0.5741935483870968,0.8888888888888888,0.0,0.65,0.8148148148148149,0.0,0.0,0.5945945945945946,0.0,0.0,0.0,0.0,0.819047619047619,1.0,0.8321355786763918,0.9322033898305084,0.9860340932429656,0.0,0.0,0.9689174705251876,1.0,0.0,0.0,0.4098360655737705,0.0,0.0,0.21212121212121204,0.25,0.7083333333333333,0.6819887429643527,0.0,0.0,0.0,0.8955223880597015,0.81281639708606,0.0,0.0,0.7074468085106383,0.0,0.9545454545454546,0.9162283996994741,0.8709369024856597,0.9808949220713926,1.0,1.0,0.0,0.0,1.0,0.9636510500807755,0.6341690962099125,1.0,0.0,1.0,0.6307692307692307,0.8159806295399515,0.0,0.7374727668845316,0.0,1.0,0.0,0.0,0.0,0.75,0.5,1.0,0.8410270417918602,0.5,0.9436619718309859,0.06365503080082113,1.0,0.8146754468485419,0.0,0.11111111111111105,0.5427385892116181,0.0,0.17647058823529416,0.4098360655737705,0.4181034482758621,0.5714285714285714,0.9768012070916635,0.3570646221248631,1.0,0.0,0.9542184434270765,0.8095238095238095,1.0,0.9202609288287411,0.0,0.8582677165354331,0.0,0.6129032258064515,1.0,0.6712955122777307,0.0,0.9375,0.9949109414758269,0.8950238582140423,1.0,0.33333333333333337,0.0,0.0,0.2727272727272728,0.08333333333333337,0.0,0.0,1.0,0.0,0.0,0.0,0.0,0.0,0.564516129032258,0.33333333333333337,0.72,0.5087585681645088,0.676212938005391,0.0,1.0,0.3343151693667157,1.0,0.8,0.0,0.9,0.0,0.0,0.0,0.5,1.0,0.5,0.8949264255058247,1.0,0.0,0.0,0.5555555555555556,1.0,0.8823529411764706,0.5040530582166545,0.9362007168458781,0.7627118644067796,0.5627099466072628,1.0,0.7513043478260869,0.6363636363636364,0.0,1.0,0.0,0.0,0.625,0.0,1.0,0.0,0.0,1.0,0.5,0.0,0.854220600769482,0.8916738692019591,0.3823132919924508,0.5104965684295519,0.0,0.9576271186440678,0.33233605902967456,0.13636363636363646,0.9968663048190853,0.8915316642120765,0.0,0.375,0.6428571428571428,0.0,0.8887522589769781,0.5469748168611104,1.0,0.0,0.0,0.0,0.0,1.0,0.9484059162929361,0.673633608527537,0.0,0.9868533579273916,0.5,1.0,0.0,0.9993493819128172,1.0,0.9741448602304189,0.0,0.0,0.7318114760462768,1.0,0.8798044878915796,1.0,0.0,0.75,0.7142857142857143,0.0,0.0,0.6591844369622147,0.0,0.0,0.0,0.0,0.5519774011299434,0.6666666666666667,0.894316163410302,0.7647058823529411,0.9714169048591261,0.0,0.0,0.6912287633346503,0.0,0.0,0.0,0.75,0.3608849690939243,0.0,0.0,0.0,1.0,0.8924066924066925,0.0,0.0,0.0,0.75,0.7355734112490869,0.0,0.6531339031339032,0.30000000000000004,0.35204960385807804,0.8003966822935449,0.5845410628019323,0.8405797101449275,0.7692307692307692,0.9,0.7893379191745487,0.6806649168853893,0.0,0.6666666666666667,0.8366390191128741,0.425225003082234,0.0,0.43483202828997225,0.6829974390379692,0.25,0.943502824858757,0.0,0.2331723942061913,0.7254901960784315,0.0,0.8571428571428572,0.0,0.08248472505091675,1.0,0.6,0.0,0.7832140015910899,0.0,0.9284288281094031,0.3151064450277049,0.8,1.0,1.0,0.0,0.0,0.0,0.0,0.0,0.0,0.0,0.8238276299112801,0.0,0.0,0.5,0.5738498789346247,0.6704918032786885,0.0,0.2342733188720174,0.8,0.9684936002625534,0.5,0.4367816091954022,0.26315789473684215,0.15623409669211186,0.060381355932203506,1.0,1.0,0.65625,0.5882352941176471,0.03606965174129362,0.0,0.31663268278473644,0.0,0.75,0.26136363636363646,0.0,0.0,1.0,0.0,0.0,0.7518394648829432,0.5,0.1628318584070797,0.4285714285714285,0.75177304964539,0.3664083557951482,0.0,1.0,0.0,0.1683798335780715,0.0,0.0,1.0,1.0,1.0,1.0,1.0,0.0,0.5,0.5,0.263245492371706,0.26923076923076916,0.7575757575757576,0.8351170175232271,0.0,0.5242599938968568,0.0,0.7142857142857143,0.3852926463231615,0.0,0.0,0.8817343704984155,0.19999999999999996,0.0,0.5,0.0,0.41463414634146345,0.0,1.0,0.0,0.0,0.0,0.0,0.9984484096198604,0.9166666666666666,0.0,0.7019774011299436,0.504863813229572,0.4482758620689654,0.8073394495412843,0.0,0.5,0.1184273709483793,0.33333333333333326,0.9948175903659378,0.8464680963478031,0.0,0.7,0.0,0.0,0.8622875723429927,0.688785046728972,0.7849209739427596,0.0,0.0,0.0,0.0,1.0,0.9375238437198448,0.5010031004924311,0.0,0.9594594594594594,1.0,0.9879828326180258,0.0,1.0,0.9768566138654597,0.8295045569302942,0.0,0.0,0.895730198019802,runif
0.0,0.706499193362526,0.8464342674868991,0.8332025957355772,0.7380952380952381,0.95,0.0,0.0,0.0,0.6801670065802132,0.0,0.0,0.0,0.0,0.0,0.8927993789221712,0.0,0.46953379439203824,0.0,0.6619952200890904,0.0,0.41691248770894784,0.33333333333333326,0.4838593974175035,0.03986054318171495,0.0,0.7062284835315087,0.029322268326417822,0.8571428571428572,0.768370607028754,0.7995654535578489,0.8840868352917746,0.0,0.0,0.7714285714285715,0.0,0.6976744186046512,0.5020470829068577,0.12121212121212155,0.2847280529900176,0.8401302356382098,0.8461538461538461,0.7984420642648491,0.0,0.981736733287388,0.6853426713356678,0.44679887418718245,1.0,0.33333333333333337,0.0,0.7653721262501623,0.0,0.4390576988733357,0.4070984444493617,0.0,0.4402761495375799,0.5738394320043692,0.4811235549132947,0.3871466431095407,0.917687074829932,0.33882783882783885,0.0,0.0,0.33333333333333337,0.4,1.0,0.0,0.33333333333333337,0.5115643886564388,0.16900449407599072,0.5714285714285714,0.7081942125765164,0.38636363636363635,0.5714285714285714,0.0,0.8333333333333334,0.0,0.7741935483870968,0.0,0.5714285714285714,0.8082042153808812,0.0,0.0,1.0,0.7151009046624914,0.7871476349737219,0.0,0.4847319610947749,0.6000000000000001,0.5296141558122389,0.0,0.06882022471910121,0.0,0.9130434782608695,0.8796992481203008,0.052631578947368474,0.0,0.36363636363636365,0.6453965360072926,0.0,0.0,0.29119079610346,0.08319467554076543,0.7333333333333334,0.6259245330324683,0.6927936215884698,0.0,0.6666666666666667,0.19999999999999996,0.0,0.22528229137978495,0.7777777777777778,0.018687032824179606,0.4444444444444444,0.17982799061766996,0.0,1.0,1.0,0.0,0.8434579439252337,0.0,0.0,0.33333333333333337,0.9,0.9090909090909091,0.36543029417138695,0.38636363636363635,1.0,0.8571428571428571,0.5,0.6016664756822236,0.5749003984063745,0.9266328660900686,0.8883822459374242,0.9166666666666666,0.6191339066339065,0.0,0.9348037625689264,0.9407961962755198,0.7054590315616326,0.7653034868704262,0.0,0.0,0.36363636363636365,0.11111111111111116,0.6666666666666667,1.0,0.0,0.6027753686036426,0.8067226890756303,0.5,0.9,0.0,0.9914120561519405,0.0,0.9355223587866108,0.0,0.9916219562525794,0.16809430575950401,0.5261561056679613,0.0,1.0,0.6934624767763586,0.0,0.9779831139445336,0.9642159812925248,0.5184455391351942,0.206896551724138,0.9487179487179487,0.9,0.9764787928738984,0.053408710529252,0.3906010757331867,0.0,0.0,0.0,0.0,0.9965133856731848,0.5471471502698431,0.6449106249839716,0.0,0.9774007851752405,0.0,0.0,0.0,1.0,0.528595945083014,0.05792411642091555,0.6666666666666667,0.7496441735703077,0.574513584375551,0.0,0.5741935483870968,0.6666666666666667,0.7916666666666666,0.6296296296296295,0.0,0.0,0.0,0.0,0.6362799263351748,0.0,0.0,0.0,0.0,0.0,0.8321355786763918,0.0,0.8176596093878221,0.0,0.8491242506171388,0.0,0.7142857142857143,0.0,0.7919441801458929,0.0,0.0,0.6206896551724137,0.21212121212121204,0.0,0.9166666666666666,0.6879120879120879,0.5900100908173562,0.0,0.0,0.5909090909090908,0.0,0.5087719298245614,0.45696400625978095,0.7945205479452054,0.0,0.8974358974358975,0.9184581171237954,0.9527310924369747,0.0,1.0,0.9014396456256921,0.4894882982943276,0.6153846153846154,0.0,0.0,0.9308053448898519,0.0,0.7692307692307692,0.5716649594200615,1.0,0.25343018563357556,0.7088673816374575,0.738735465116279,0.024390243902438935,1.0,0.5971316818774446,0.0,0.17888365837256237,0.5,1.0,1.0,0.02021305654192851,0.2500000000000001,1.0,0.5391061452513966,0.5,0.9496707431796801,0.6437499999999999,0.11111111111111105,0.2847682119205297,0.8333333333333334,0.6778471138845553,1.0,0.0,0.8571428571428571,0.7893739937494081,0.0,0.0,0.0,0.9871159563924677,1.0,1.0,0.33435426237876464,0.0,0.4444444444444444,0.0,0.19354838709677402,0.5,0.8478530814979414,0.3571428571428571,0.0625,0.0,0.0,0.0,0.0,0.6296296296296295,0.34381091617933723,0.0,1.0,0.0,0.8791208791208791,0.0,0.0,0.5,0.0,0.0,1.0,0.0,0.6666666666666667,0.0,0.2456207159177457,0.9725555271891754,0.0,0.0,0.642282370153621,0.0,0.0,0.0,0.9,0.3529411764705882,0.0,0.6437499999999999,1.0,1.0,1.0,0.3361131254532269,1.0,0.7571428571428571,1.0,0.962962962962963,0.45636550308008206,0.0,0.46910356832027855,1.0,1.0,0.7229560520500858,0.1670611278870482,0.0,0.6363636363636364,0.0,1.0,0.8,0.0,0.0,1.0,0.0,0.9142857142857143,0.0,1.0,0.0,0.9690934572545549,0.37038689172289085,0.9858305697919807,0.1554040895813048,0.07526704289187358,0.0,1.0,0.8689642144341413,0.0,0.9895649289764573,1.0,0.0,0.375,0.9473684210526316,0.6666666666666666,0.9744691178255066,0.5718103039232825,0.42759928991611273,0.0,0.0,0.0,0.0,1.0,0.5566696754444488,0.5152053506113492,0.0,0.9840642286150272,0.0,0.0,0.0,1.0,0.6923766816143497,0.4955367913148371,1.0,0.752395685617292,0.4263085399449037,0.0,0.8798044878915796,0.7238493723849373,0.5838416531806299,0.75,0.7142857142857143,0.0,0.0,0.0,0.12479089996654402,0.0,0.0,0.0,0.0,0.0,0.894316163410302,0.0,0.9676155654217812,0.0,0.5658444186146626,0.0,0.0,0.0,0.5816058394160585,0.262496166819994,0.0,0.8724919093851132,0.0,0.5454545454545454,0.75,0.5441795231416549,0.6771358703958429,0.0,0.0,1.0,0.0,0.16666666666666663,0.9627285513361463,1.0,0.06889424733034788,0.7957110609480812,0.9467871485943775,0.640110978993262,0.15384615384615385,0.9,0.7569039284325165,0.0,0.5555555555555556,0.6666666666666667,0.0,0.7682198327359617,0.0,0.5108966376089663,0.13063777307963353,0.0,0.4151888974556669,0.2860257248746457,0.3433179723502304,0.25,0.978021978021978,0.0,0.0,0.0,0.0,0.4,0.0,0.09862570735650766,0.5714285714285714,0.32948717948717954,0.21091320327961527,0.6,0.5282657297987863,0.5,0.0,0.0,0.6666666666666667,0.6666666666666666,1.0,0.0,0.0,0.8653570697769593,0.0,0.0,0.0,0.5158682634730538,0.489344262295082,0.0,0.7708947885939036,0.4,0.8352628582273677,0.5,0.0,0.20000000000000018,0.0,0.0,1.0,0.5086848635235732,0.8563829787234043,0.8148148148148149,0.0,0.0,0.5367231638418078,0.5714285714285714,0.0,0.26136363636363646,0.10762331838565031,1.0,1.0,0.0,0.0,0.5702325581395349,0.0,0.31264023934180996,0.4285714285714285,0.0,0.45993291092061117,0.72,1.0,1.0,0.9187145557655955,0.0,0.0,1.0,1.0,0.16499999999999992,0.9438202247191011,0.5,0.6666666666666666,0.0,0.5,0.8959609594019313,0.26923076923076916,1.0,0.8158740903706211,0.7777777777777778,0.8897842474655575,0.0,1.0,0.9780600461893765,0.49586776859504145,0.3204382826475851,0.0,0.0,0.0,0.5,0.0,1.0,0.0,0.7715909090909091,0.7885714285714286,1.0,0.5,0.0,1.0,0.0,0.8709677419354839,0.0,0.8391890916961258,0.4482758620689654,0.2715255725092298,0.0,0.75,0.45491102241694925,0.0,0.9619482734341996,0.9445712863573408,0.0,0.7,1.0,1.0,0.9547091563898287,0.6983762034775111,0.4768386640411417,0.0,0.0,0.0,0.0,1.0,0.9329288843950118,0.3590626087629064,0.0,0.9594594594594594,0.0,0.0,0.0,1.0,0.0,0.05036715275623138,0.0,0.813481805527938,0.5842592368457151,runif
0.5714285714285714,0.7065637065637065,0.7918660287081339,0.6465099630115738,0.0,1.0,0.0,0.7777389684480149,0.0,0.0,0.6551724137931034,0.5988818360129113,0.6987852408181843,0.0,0.5,0.7482179629336291,0.0,0.4124578276851807,0.463049103119458,0.0,0.5809432146294513,0.4813404417364813,0.33333333333333326,0.0,0.106123492128399,0.11517311995145818,0.0,0.14924452667283383,0.8571428571428572,0.0,0.0,0.0,0.612279438242708,0.8636363636363636,1.0,0.0,0.6976744186046512,0.4502074688796679,0.8840620994160376,0.6848341232227488,0.0,0.8461538461538461,0.9239153973868476,0.9772727272727273,0.0,0.8519008264462811,0.9017788584591758,0.0,0.33333333333333337,0.0,0.7518142817048233,0.0,0.7028985507246377,0.40712027871991874,0.602238046795524,0.8925284512617516,0.9236497252300588,0.664241386689493,0.8608470181503889,0.022099447513812098,0.3933181473044799,0.23224932249322494,0.0,0.8571428571428572,0.0,0.5,0.9080358616137726,0.33333333333333337,0.0,0.0,0.1428571428571428,0.0,0.7483870967741936,1.0,0.0,0.0,0.48557692307692313,0.7741935483870968,0.2666666666666666,0.5714285714285714,0.8017930109166311,0.9006211180124224,0.6428571428571428,0.9166666666666666,0.10299426629857711,0.34619461522153916,0.5,0.8800960789405349,1.0,0.988840984022318,0.6666666666666667,0.40161725067385456,0.75,0.5294117647058824,0.8938547486033519,1.0,0.5218345173422483,0.5801439506454931,0.9168975069252078,0.9483648881239243,0.125,0.5439098632501932,0.08319467554076543,0.5,0.5089643931795387,0.2983901160614002,0.0,0.6666666666666667,0.19999999999999996,0.6666666666666667,0.5067576982025916,0.7777777777777778,0.0,0.4444444444444444,0.8323000304909036,1.0,0.0,1.0,0.0,0.5100661886376172,0.5,0.875,0.0,1.0,0.2727272727272726,0.7158779462817468,0.0,0.0,0.9285714285714286,0.5,0.4954473220804879,0.20829750644883926,0.0,0.33142358948810546,0.7222222222222222,0.8499878434232919,0.6666666666666667,0.0,0.5381511605682856,0.0,0.42158507181046234,0.923348344862807,0.8221463022508039,0.4444444444444444,0.11111111111111116,1.0,0.1923076923076923,0.23747494989979978,1.0,0.0,0.0,0.791044776119403,0.9142857142857143,1.0,0.0,0.6241281167321415,1.0,0.0,0.5471678994832303,0.9472527472527472,1.0,0.8934169278996865,0.747059435828042,0.76,0.9595557459069052,0.0,0.0,0.206896551724138,0.0,0.8,0.001585081585081527,0.4896053028020486,0.48964422632480487,0.0,0.0,0.0,0.0,0.9997931571518957,0.5998731956574886,0.9172287333623984,0.94872250216431,0.0,0.0,0.9846423870118473,0.0,0.9745550816296514,0.0,0.02126019228118181,0.0,0.0,0.575032792414646,0.0,0.5741935483870968,0.8888888888888888,0.7916666666666666,0.0,0.0,0.0,0.7666666666666666,0.0,0.0,0.6530047373183585,0.7189150943396226,0.8375755238462528,0.0,1.0,0.8470273218624486,0.0,0.7401790208565864,0.8815840061514801,0.0,0.8548387096774194,0.7142857142857143,0.0,0.0,0.8681318681318682,0.5425077134679008,0.0,0.0,0.5,0.0,0.0,0.0,0.8655913978494624,0.7619047619047619,0.7954545454545454,0.0,0.5087719298245614,0.8451776649746193,0.6514423076923077,0.85423197492163,0.0,0.88860103626943,1.0,0.9724910850738665,0.0,0.4380804953560371,0.9534001625575724,0.0,1.0,0.0,0.9308652666522336,1.0,0.5714285714285714,0.4359887535145267,0.10204081632653073,0.8159806295399515,1.0,0.28303925099027727,0.6233766233766234,0.12959719789842372,0.05850234009360378,0.1725888324873096,0.0,0.75,1.0,1.0,0.9485955368047074,0.2500000000000001,0.0,0.0,0.0,0.33333333333333337,0.7769230769230769,0.8888888888888888,0.3473193473193473,0.0,0.0,0.625,0.48677884615384603,0.8571428571428571,0.8473118279569893,0.8678071539657854,0.75,0.8571428571428572,0.0,0.5238095238095237,0.0,0.9310445155659005,0.5,1.0,1.0,0.19354838709677402,1.0,0.0,0.52659948441528,0.8125,0.30800000000000005,0.8317239195820801,0.2799352750809063,1.0,0.16666666666666663,0.5635859984890456,0.0,0.9166666666666666,0.980272523896685,0.536,0.0,0.0,0.5,1.0,0.8375963020030817,1.0,0.2351738241308795,0.6666666666666667,0.7915309446254072,0.9710586443259711,0.28023598820059004,0.375,0.0,0.9307260610312171,1.0,1.0,0.0,0.9,0.5882352941176471,0.9390243902439024,0.0,0.5,1.0,1.0,0.899552690435469,0.0,0.2857142857142857,0.0,0.7777777777777778,0.7504835589941974,0.6470588235294118,0.0,0.8962415676196595,0.0,0.7534571175950486,1.0,0.9910817031070196,0.6363636363636364,0.0,1.0,0.0,0.25,1.0,0.0,1.0,1.0,0.9117647058823529,1.0,0.0,0.6675436498445348,0.9871226037973061,0.0,0.803030303030303,0.6761971099096709,1.0,0.9576271186440678,0.45965388062788726,0.8181818181818182,0.9521468658203098,0.0,0.8320384757676655,0.375,0.0,0.6666666666666666,0.8213622549618027,0.8550328047212423,0.21672088077067442,0.0,0.0,0.0,0.0,0.9922220855878012,0.4213940277884395,0.9173372348207754,0.9259259259259259,0.0,0.0,0.9850199733688415,0.0,1.0,0.0,0.8506769674977565,0.0,0.0,0.4245105421686748,0.0,0.8798044878915796,0.7583892617449665,0.5010634869481148,0.0,0.0,0.0,0.705707082282833,0.0,0.0,0.8963730569948187,0.48642779587404983,0.5902447440416041,0.0,0.6666666666666667,0.6354111506165367,0.0,0.160773849232822,0.31695282413350445,0.0,0.5078125,0.0,0.0,0.0,0.0,0.0,0.0,0.7706178489702518,0.5454545454545454,0.0,0.0,0.0,0.8336557059961315,1.0,1.0,0.0,0.5,0.9672131147540983,0.30000000000000004,0.5776782638649672,0.0,0.7616959064327485,0.8953168044077136,0.7692307692307692,0.09090909090909083,1.0,0.6270718232044199,0.0,0.33333333333333337,0.0,0.7637635092180548,0.0,0.5021341463414635,0.0,0.0,0.9530685920577617,0.6581732653861231,0.8809130003307972,0.75,1.0,0.8571428571428572,0.28590163934426216,0.0,0.9459459459459459,0.0,0.0,0.8096304591265397,0.5714285714285714,0.0,0.0,0.19999999999999996,0.0,1.0,1.0,0.0,0.0,0.0,1.0,0.0,0.0,0.8642172523961661,0.0,0.0,1.0,0.37966101694915255,0.4811381074168798,1.0,0.7028901734104046,1.0,1.0,0.5,0.0,0.34024896265560167,0.4211060375443938,0.5625,1.0,0.8939068100358423,0.20916666666666672,0.37037037037037046,1.0,0.0,0.0,0.16541353383458646,0.25,0.8688524590163935,0.009628610729023324,1.0,1.0,0.33333333333333337,0.0,0.10564853556485365,0.0,0.19999999999999996,0.4285714285714285,0.7571428571428571,1.0,0.0,1.0,1.0,0.4765432098765432,0.0,0.6666666666666667,0.0,0.0,0.061514195583596276,0.5944055944055944,1.0,0.0,0.5,0.5,0.09182401993673928,0.6923076923076923,0.0,0.6349564656562399,0.5555555555555556,0.6756134969325154,1.0,0.6020230205790025,0.06976744186046535,0.693594306049822,0.1303488207880239,0.8028923406534547,1.0,0.0,0.5,0.0,0.41463414634146345,0.0,1.0,0.0,0.0,0.5,1.0,1.0,0.0,1.0,0.934201266713582,0.8874854937521928,1.0,0.8681441286101884,1.0,0.5,0.6824237215298667,0.33333333333333326,0.9623249124562281,0.0,0.8715679190751445,0.7,0.0,0.8571428571428571,0.6271155223575157,0.19674267100977194,0.4889585563541826,0.0,0.0,0.0,0.0,1.0,0.613202953366702,0.7892110639635392,1.0,0.0,0.0,0.892399658411614,0.0,1.0,0.15836926695413567,0.0,0.0,0.0,0.6003922667413842,runif
0.5714285714285714,0.7065637065637065,0.0,0.8407878830974899,0.0,0.9421296296296297,1.0,0.0,0.0,0.665701068750997,0.0,0.5912076806467912,0.7322443085055654,0.0,1.0,0.0,0.8947368421052632,0.5321527412456257,0.0,0.6626458795331855,0.5711080428028996,0.4813404417364813,0.0,0.7308581484420827,0.005346380662303418,0.01039314769021249,0.0,0.0,0.2857142857142857,0.768370607028754,0.7068530382450009,0.0,0.5803671294164089,0.0,0.7704194260485651,0.0,0.42666666666666664,0.5150976222694761,0.7333428653131255,0.16666666666666663,0.8401037642123854,0.5769230769230769,0.2591496426766766,0.9749935104265813,0.9815588030619345,0.688099173553719,0.4393587282341451,1.0,0.33333333333333337,0.6265841438255231,0.37397019626847594,0.0,0.7166268350973029,0.8909228342316288,0.0,0.0,0.8993634767339772,0.6736560133013116,0.4325086805555556,0.8173734610123119,0.5871045254305166,0.0,0.4067796610169492,0.6666666666666667,0.4,0.0,0.0,0.22222222222222232,0.8872288722887229,0.31900426414659433,0.8571428571428571,0.2968045882834903,0.7483870967741936,0.0,0.0,0.0,0.9302884615384616,0.19354838709677413,0.4,0.8571428571428572,0.08863837312113165,0.9743732590529248,0.6428571428571428,1.0,0.10561708860759489,0.032058774419769565,0.5,0.0,0.7000000000000001,0.9853739089407879,0.6666666666666667,0.9578651685393258,0.0,0.0,0.9061488673139159,0.052631578947368474,0.0,0.04378163907511301,0.791869918699187,1.0,0.125,0.9338891561113783,0.2084115659031167,0.6000000000000001,0.5204242424242425,0.0,0.0,0.6666666666666667,0.0,0.6666666666666667,0.0,0.0,0.08327538247566035,0.33333333333333326,0.7070582979673888,0.9363934426229508,0.19047619047619047,1.0,0.0,0.8339811215991115,0.0,0.0,0.33333333333333337,0.8571428571428572,0.9090909090909091,0.3389830508474575,0.0,0.25,0.9285714285714286,0.0,0.42555699248612633,0.5709035222052068,0.7979675780304863,0.6221525600835944,0.7222222222222222,0.6640394088669951,0.8333333333333334,0.6645184824902723,0.9083320207906757,0.0,0.9958007894515831,0.0,0.0,0.8888888888888888,0.0,0.0,0.3076923076923077,0.0,0.716148023549201,0.0,0.0,0.9,0.9142857142857143,0.9875834445927903,0.9802073515551367,0.9330675262979301,0.9495035460992908,0.7129772419271928,0.5624082232011747,0.0,0.9859154929577465,1.0,0.2166665079924217,0.0,0.976125458275615,0.0,0.5095785440613028,0.0,0.5714285714285714,0.0,0.9771446172801479,0.3298223215235663,0.8912434902533912,0.0,0.0,0.0,0.0,1.0,0.0,0.5071243964245641,0.9519152404237978,0.9974253711535399,0.0,0.0,0.0,0.0,0.6363909473262568,0.6210112155459843,0.0,0.9158078837616037,0.8418659481306837,0.0,0.5741935483870968,0.0,0.7916666666666666,0.0,0.7859195402298851,0.8839285714285714,0.0,0.0,0.6362799263351748,0.0,0.7146275946275946,0.8214611872146118,0.0,1.0,0.0,0.7142857142857143,0.8427225130890053,0.0,0.824885960466295,0.8861120429386112,0.8,0.0,0.42233009708737856,0.0,0.5024647582807229,0.0,0.0,0.0,0.7083333333333333,0.6930299747201156,0.0,0.8655913978494624,0.0,0.0,0.0,0.5087719298245614,0.41925250322196894,0.45205479452054786,0.3915929203539824,0.8821966341895483,0.6560415122312824,0.39371534195933466,0.9728233517866129,1.0,0.8817668548654932,0.4205949656750573,0.6153846153846154,0.0,0.6544450025113009,0.6336147795338097,1.0,0.7553256238587949,0.8969592779628237,0.0,0.0,1.0,0.2732558139534883,0.19999999999999996,1.0,0.7894484412470024,0.0,0.2887773722627738,0.75,1.0,0.0,0.02021305654192851,0.0,0.9436619718309859,0.5990279465370594,1.0,0.0,1.0,0.0,0.4545454545454546,0.0,0.0,0.0,0.5625,1.0,0.25599015058244146,1.0,0.75,0.8571428571428572,0.8453881884538819,0.0,0.0,0.0,1.0,0.9227799227799228,1.0,0.967741935483871,1.0,0.0,0.5502695101945161,0.0625,0.0,0.4657534246575342,0.9228187919463087,1.0,0.0,1.0,0.2727272727272728,0.75,0.953968253968254,0.0,0.0,0.0,0.0,1.0,0.47025495750708224,0.0,0.275894538606403,0.33333333333333337,0.8026315789473684,0.5087585681645088,0.6743272895253494,0.0,0.0,0.6737849779086893,0.0,0.0,0.0,0.0,0.3529411764705882,0.2794263105835805,0.0,0.0,1.0,0.5,0.6706666666666666,1.0,0.9571428571428572,0.0,0.7777777777777778,0.7938434216368211,0.8823529411764706,0.47430249632892796,1.0,0.0,0.9835567028537077,0.17232930414897085,0.0,0.9090909090909091,0.0,0.0,0.65,0.0,1.0,0.0,1.0,0.9151434951616906,0.9117647058823529,1.0,0.9888888888888889,0.977500229589494,0.9526282669130708,0.17142857142857137,0.09816815406294022,0.0,1.0,1.0,0.2819568365905555,0.0,0.9914532147092473,0.0,0.0,0.0,0.6428571428571428,0.0,0.994089415705727,0.5717856428714256,0.9496987162693215,0.0,0.0,0.0,0.0,0.9761904761904762,0.0,0.5827424878213476,0.9259259259259259,0.9982225203320197,0.0,0.0,0.0,0.0,0.9255247810448883,0.9624328014335695,0.0,0.8608816133832812,0.8885549711995993,1.0,0.8889256198347107,0.0,0.5762511493497965,0.0,0.7142857142857143,1.0,0.0,0.0,0.6471298709554383,0.0,0.894047619047619,0.6172954030096889,0.0,0.6666666666666667,0.0,0.7647058823529411,0.9674172637325145,0.0,0.610376360338573,0.549359457422758,0.0,0.33333333333333326,0.76985559566787,0.262496166819994,0.0,0.0,0.0,0.0,0.75,0.5445544554455446,0.0,0.501031297641467,0.0,0.75,0.0,0.5,0.9634060520760028,0.9144736842105263,0.8632449190492594,0.8003966822935449,0.5348516218081434,0.0,0.7692307692307692,0.9,0.7641759406465289,0.1746641074856048,0.5555555555555556,0.6666666666666667,0.683116025746823,0.41194743130226996,0.0,0.4523383084577113,0.6304424466772431,0.0,0.0,0.6032059727711903,0.8437031484257871,0.25,0.8571428571428571,0.1428571428571428,0.0,0.43801652892561993,0.9459459459459459,0.4,0.0,0.10441767068273089,0.5714285714285714,0.9102870813397129,0.353322528363047,0.8,0.1121047588629831,0.0,0.33333333333333337,0.41176470588235303,0.0,1.0,0.0,0.0,0.5,0.06294536817102137,0.5,0.0,1.0,0.0,0.20836065573770501,1.0,0.0,0.6,1.0,0.5,0.6559934318555007,0.32333333333333336,0.7894736842105263,0.4545454545454546,0.0,0.3999999999999999,0.0,1.0,0.9054726368159204,0.0,0.4040697674418605,0.5714285714285714,0.25,1.0,0.0,1.0,1.0,1.0,0.0,0.4254032258064515,0.5,0.0,0.4285714285714285,0.8953488372093023,0.3613913043478262,0.5499999999999999,1.0,1.0,0.8523456790123456,0.0,0.0,1.0,1.0,0.38157894736842113,0.4999999999999999,1.0,0.6666666666666666,0.5,0.5,0.0,0.8666666666666667,0.8215189873417721,0.7907094594594595,0.5555555555555556,0.0,0.0,1.0,0.8754480286738351,0.5882751609623856,0.9167127071823205,0.0,0.0,1.0,0.0,0.5,0.29268292682926833,0.0,0.6931818181818181,0.0,0.0,0.75,1.0,0.9968051118210862,0.9166666666666666,0.8805786395814097,0.854320987654321,0.0,0.6724137931034482,0.0,0.5,0.75,0.11850673708849746,0.0,0.9537016327443525,0.0,0.0,0.0,0.0,0.0,0.9592042932388114,0.7970791698693314,0.8050622011040889,0.0,0.0,0.0,0.0,1.0,0.0,0.3590626087629064,1.0,0.9662162162162162,0.0,0.0,0.0,0.0,0.25163398692810446,0.5194955971922054,0.0,0.9684554722061935,0.8097208434261207,runif
0.0,0.7065637065637065,0.0,0.0,0.9,0.0,0.0,0.8503937007874016,0.8377273656243613,0.0,0.6551724137931034,0.0,0.0,0.5570692194403535,0.5,0.9159474671669794,0.8888888888888888,0.0,0.0,0.7001388117712382,0.7815369135957742,0.0,0.0,0.0,0.0,0.0,0.6157187040733512,0.0,0.8571428571428572,0.0,0.7941207021917525,0.8842042361065002,0.0,0.0,0.0,0.0,0.45081640780565513,0.0,0.08571428571428563,0.8070036861506056,0.0,0.5769230769230769,0.9239153973868476,1.0,1.0,0.8514818514818515,0.07360319755081224,0.33333333333333326,0.33333333333333337,0.2465110683349374,0.7936448458050737,0.0,0.6446776611694154,0.8385460693153001,0.8084059068534646,0.0,0.0,0.5179648570679256,0.15233362143474505,0.8158379373848987,0.9814159292035398,0.10063694267515932,0.8306332842415316,0.7142857142857143,0.4,1.0,0.23715927010587956,0.33333333333333337,0.7707343807088052,0.0,0.0,0.0,1.0,0.5714285714285714,0.11642411642411654,0.8333333333333334,0.0,0.7741935483870968,0.0,0.2857142857142857,0.0,0.29166666666666674,0.6428571428571428,0.16666666666666663,0.888424685527451,0.0,0.0,0.8736940798285562,1.0,1.0,0.33333333333333337,0.3125,1.0,0.0,0.0,0.0,0.8620977852068533,0.6645955779457038,0.0,0.0,0.0,0.5912695594536374,0.8693710457759584,0.33333333333333337,0.5806694813027744,0.6636602780909432,0.0,0.6666666666666667,1.0,0.0,0.4339577616036273,0.5555555555555556,0.8617055771725032,0.0,0.48794155909136394,0.9884745762711864,0.0,1.0,0.6666666666666667,0.6268540522822257,0.5,0.5,0.0,0.75,0.0,0.0,1.0,0.0,0.9285714285714286,0.5,0.8569878236711306,0.851555046746804,0.0,0.0,0.9166666666666666,0.6621216897856244,0.6666666666666667,0.7120027201632098,0.0,0.0,0.9069629469823635,0.5814615627965833,0.7436676798378926,0.8888888888888888,0.0,0.6666666666666667,1.0,0.8610271903323263,0.6035087719298244,0.0,0.0,0.0,0.9142857142857143,0.0,0.9803921568627451,0.9849463085003178,0.973316189939411,0.9933286914843661,0.2644359619913911,0.4916017058126948,0.0,0.0,0.0,0.16000000000000003,0.9593041585729251,0.9886194282617532,0.5265472824379516,0.206896551724138,0.16666666666666663,0.0,0.3442735042735041,0.0,0.0,0.0,0.0,0.0,0.0,0.9966667443649332,0.5622875624522716,0.872623693598721,0.9439541870071348,0.986348273848495,0.0,1.0,0.0,0.0,0.0,0.04741401593760841,0.0,0.5473538664501725,0.10611097678916825,0.0,0.5741935483870968,0.0,0.0,0.8571428571428572,0.7729591836734694,0.0,0.7666666666666666,0.5,0.0,0.6666666666666667,0.0,0.0,0.6796116504854368,1.0,0.8321873657069188,1.0,0.0,0.0,0.880502805351748,0.9689174705251876,0.0,0.0,0.0,0.4098360655737705,0.0,0.6666666666666667,0.21212121212121204,0.5,0.33333333333333326,0.6879120879120879,0.778169014084507,0.0,0.0,0.0,0.0,0.5087719298245614,0.0,0.8629071463296063,0.9290617848970252,0.0,0.6347150259067357,1.0,0.4891994917407877,1.0,0.431028431028431,0.0,0.0,0.0,0.22165605095541385,0.93098479936604,1.0,0.0,1.0,0.775,0.0,0.0,0.7395871061209707,0.0,0.8161120840630472,0.951417004048583,0.6696428571428572,0.9124087591240876,0.0,1.0,0.0,0.4703008770955923,0.2500000000000001,1.0,0.0,0.0,0.33333333333333337,1.0,0.6666666666666667,0.0,1.0,0.0,0.625,0.0,0.5714285714285714,0.2835272504592775,0.0,1.0,0.33333333333333326,1.0,0.1428571428571428,1.0,0.9472295514511874,0.5,0.47089947089947093,1.0,0.6129032258064515,1.0,0.0,0.07142857142857151,0.0,0.9231638418079096,0.6673575129533678,0.0,0.0,0.0,0.4558823529411764,0.8181818181818182,0.0,0.980272523896685,0.7873671044402752,0.0,0.0,0.5,0.0,0.7793141592920354,0.5,1.0,0.33333333333333337,0.7365657813465103,1.0,0.0,0.0,1.0,0.5880115900036219,1.0,0.8,0.0,0.9,0.3529411764705882,0.4373385012919898,1.0,0.5,1.0,1.0,1.0,1.0,0.2857142857142857,0.0,0.962962962962963,0.5987238567883728,0.6470588235294118,1.0,0.2803889789303079,0.0,0.9737733903049949,0.9440137109279361,0.4371014492753623,0.9090909090909091,0.0,1.0,0.8,0.75,0.0,0.0,1.0,0.0,0.9117647058823529,0.0,0.9888888888888889,1.0,0.9526282669130708,1.0,0.6273728614951957,0.6436019777978721,0.0,0.0,0.0,0.13636363636363646,0.9490749173801035,0.9948796286023947,0.0,0.375,0.1724137931034483,0.0,0.0,0.0,0.0,0.0,0.0,0.0,0.0,0.9960012644223171,0.5633751275976965,0.9173372348207754,0.9259259259259259,0.985480464625132,0.0,1.0,0.0,0.0,0.0,0.16355102371125663,0.0,0.46761446611115864,0.09195820081781025,1.0,0.7743484224965707,0.0,0.0,1.0,0.7142857142857143,0.0,0.7085346215780998,0.8232984293193717,0.0,0.7723649247121346,0.0,0.0,0.5009775171065496,0.6666666666666667,0.8883455582722086,0.6923076923076923,0.0,0.0,0.8077542691440233,0.9326599326599326,0.0,0.0,0.0,0.0,0.1857616738964022,0.6207502930832356,0.0,0.5454545454545454,0.0,0.8676743569345001,0.919921875,0.0,0.0,0.0,0.0,1.0,0.0,0.0,0.863456577815993,0.0,0.7280701754385965,0.9252850963429021,0.7692307692307692,0.9090909090909091,0.9666666666666667,0.18526031102096008,0.0,0.6666666666666667,0.30998198881410555,0.7748674098928455,0.0,0.43483202828997225,0.5686536360325362,0.0,0.0,0.0,0.2422846614463382,0.43028846153846145,1.0,1.0,0.33095392602206364,0.6874375208263912,1.0,0.4,0.0,0.0750279955207167,0.5714285714285714,0.4897730456710562,0.0,0.0,0.0,0.5,0.0,0.41176470588235303,0.6666666666666667,0.0,0.7894736842105263,0.0,0.0,0.2333527470394099,0.0,0.0,0.5,0.6966824644549763,0.0,0.0,0.7060458651841557,0.5,0.5055350553505535,0.0,0.3327194597912829,0.15789473684210542,0.4211060375443938,0.0,0.33333333333333337,0.7938144329896908,0.8370230805463966,0.0,0.3276157804459692,0.625,0.878386167146974,0.0,0.25,0.8333333333333334,0.17912552891396338,1.0,1.0,1.0,0.0,0.0,1.0,0.7895310796074155,0.0,0.6339285714285714,0.9687906371911573,0.56,1.0,0.0,0.6719432314410481,0.0,0.0,0.0,0.0,0.2570977917981073,0.0,1.0,0.0,0.5,0.5,0.6575342465753424,0.7692307692307693,0.0,0.6106418918918919,0.7777777777777778,0.9044193216855088,1.0,1.0,0.552346570397112,0.4247619047619047,0.7026578073089702,0.0,0.0,1.0,0.0,0.0,1.0,0.4736842105263157,0.7777777777777778,0.047235023041474644,0.0,0.0,1.0,0.0,0.9166666666666666,0.9701446598953524,0.8476425052779732,0.0,0.2068965517241378,0.2692978923345414,0.5,0.0,0.0,0.33333333333333326,0.9903938520653218,0.9824593025461996,0.0,0.7,0.5,0.0,0.0,0.0,0.0,0.0,0.0,0.0,0.0,1.0,1.0,0.94135942952511,1.0,0.9797297297297297,0.0,1.0,0.0,0.0,0.271326530612245,0.6221535458685752,0.0,0.2669985172632916,0.8629511306344532,runif
0.5714285714285714,0.706499193362526,0.0,0.6832199837460968,0.0,0.0,0.0,0.0,0.6699172033118675,0.0,0.0,0.8985267886635396,0.7015194168775651,0.0,1.0,0.742192110858686,0.0,0.5540461140130554,0.5653488750442612,0.5875358307798755,0.0,0.4813404417364813,1.0,0.7502052882246674,0.0,0.5250263832353385,0.0,0.0,0.0,0.0,0.0,0.0,0.0,1.0,0.0,0.0,0.45081640780565513,0.5123912623236033,0.9688704840782522,0.790960972017673,0.9082390680398447,0.47916666666666663,0.22807017543859653,0.9793103448275862,0.6532476319350473,0.0,0.0,0.0,0.6666666666666667,0.8589157910765951,0.8008940852819807,0.0,0.0,0.7250783335267494,0.7751739289637495,0.7062768589660112,0.5786731324803962,0.6091222487403871,0.8258992805755396,0.913160733549083,0.0,1.0,0.9603603603603603,1.0,0.8,0.5,1.0,0.0,0.9053267850396676,0.21871261067240966,0.1428571428571428,0.4524116215829397,0.558974358974359,0.6363636363636364,0.9473684210526315,0.0,0.0,0.3548387096774194,0.0,0.8571428571428572,0.7997974888618874,0.9017512615019293,0.6428571428571428,0.0,0.0,0.0,0.0,0.0,0.75,0.5634866163349348,0.0,0.6309696092619392,0.0,0.9130434782608695,0.11293634496919913,0.5,0.7006053935057788,0.0,0.0,1.0,0.125,0.5800615730932205,0.23795726186164445,0.33333333333333337,0.042424242424242364,0.5627825021067954,0.75,0.0,1.0,0.0,0.8184928252399506,0.0,0.18078020932445282,0.4444444444444444,0.4391993957703927,0.4570491803278689,0.6190476190476191,1.0,0.6666666666666667,0.7209579540528825,0.0,0.0,0.0,0.8571428571428572,0.0,0.7175295186194368,0.558974358974359,0.75,0.8571428571428571,0.0,0.45294630662651614,0.6869062119366627,0.9215225563909775,0.7551714752313554,0.41666666666666663,1.0,0.6666666666666667,0.9355142386443869,0.0,0.6268043409545886,0.3757701987329688,0.8204224484262933,0.28468468468468466,1.0,0.7777777777777778,1.0,0.3076923076923077,0.0,0.0,0.8364928909952607,0.5,0.9006048838772309,0.0,0.9969241963222648,0.0,0.6224023342519047,0.0,0.7129772419271928,0.04143624688769487,0.6503166738005934,1.0,1.0,0.5974934507293329,0.0,0.9916959020319244,0.8811992243016125,0.0,0.0,0.9487179487179487,0.9,0.6740116039440729,0.36532552068992097,0.17166646070192781,0.0,0.0,0.0,0.0,0.9966643729371013,0.0,0.7430179847127392,1.0,0.9774007851752405,0.6666666666666667,0.9377399683806369,1.0,0.8802001429592566,1.0,0.3454138117119917,0.0,0.7503395543035364,0.0782775598764921,0.0,0.5741935483870968,0.0,0.7916666666666666,0.0,0.0,0.0,0.0,1.0,0.0,0.0,0.9137633996937213,0.8089275473140891,0.0,1.0,0.816337474305121,0.0,0.8138107664057215,0.6654739706697577,0.6789506558401,0.0,0.7142857142857143,0.0,0.25177809388335703,0.0,0.5309642719938532,0.0,0.0,0.0,0.33333333333333326,0.0,0.0,0.0,0.7619047619047619,0.0,0.0,0.5087719298245614,0.2570529627687468,1.0,0.7030812324929973,0.9545454545454546,0.5529676934635612,0.0,1.0,0.7333333333333334,0.0,0.07520246818357124,0.0,1.0,0.9684542586750788,0.9339941690962099,1.0,0.0,0.5476659528907922,0.7622448979591837,0.4019370460048426,0.7088673816374575,0.2730573710965867,0.6000000000000001,0.971003717472119,0.0,0.8588807785888077,0.9734867433716858,0.75,1.0,1.0,0.97350450696531,0.5,1.0,0.5633802816901408,0.0,0.8146754468485419,1.0,0.7142857142857143,0.964206805125939,0.0,0.0,0.8524590163934427,0.0,1.0,0.7945641986879101,0.9396579541787674,0.625,0.0,0.13580711998493133,1.0,1.0,0.0,0.0,0.7674418604651163,0.0,0.6129032258064515,1.0,0.8647473892181766,0.5377444292860392,0.0,0.10738255033557043,0.0,0.7142857142857143,1.0,0.16666666666666663,0.4558823529411764,0.0,0.0,0.11917836078909905,0.4042829331602855,1.0,0.0,0.5,0.0,1.0,0.0,0.7350649350649351,0.6666666666666667,0.7316697473813925,0.41091797935904395,0.888561387597778,1.0,1.0,0.5880115900036219,0.0,0.0,0.0,0.0,0.0,0.9277942631058358,1.0,1.0,1.0,0.5,0.6522162688748174,1.0,0.7571428571428571,1.0,0.5555555555555556,1.0,0.6470588235294118,1.0,0.3632574543122795,0.5252879318978467,0.5627099466072628,0.675181588182486,0.2784491440080564,0.6363636363636364,0.8571428571428572,1.0,0.65,0.0,0.52,1.0,0.0,0.9142857142857143,0.0,1.0,0.0,0.6454498024893791,0.37038689172289085,0.16512059369202237,0.24498616874135548,0.5497389289314896,1.0,1.0,0.7866299839855458,0.0,0.9974032900125074,0.8914254238325479,0.5159235668789809,0.0,0.9473684210526316,0.6666666666666666,0.6200555785490451,0.5461115359001554,0.6564146992996895,0.0,0.0,0.0,0.0,0.9762693156732892,0.0,0.8936478078425698,1.0,0.9840642286150272,0.5,0.9166666666666666,1.0,0.9343048536843342,1.0,0.0,0.0,0.7230904611052446,0.0,1.0,0.8321521820216338,0.0,0.5216880869995056,0.0,0.0,0.0,0.0,0.6471443680592279,0.0,0.0,0.4739187965735775,0.6047099227278302,0.0,0.6666666666666667,0.6314926397681335,0.0,0.17113854595336087,0.42712790468040285,0.5653388337415668,0.0,0.0,0.33333333333333326,0.818133709648968,0.0,0.0,0.0,0.0,0.5454545454545454,0.0,0.0,0.0,0.0,1.0,0.0,0.0,0.5,0.9692796610169492,0.808,0.0,0.8039581777445854,0.0,0.4780600461893765,0.7692307692307692,0.29999999999999993,0.8164591229020033,0.34788867562380044,0.0,0.6666666666666667,0.8828042726041824,0.7753044939101218,0.0,0.43483202828997225,0.9570773841001234,0.0,0.870509277536518,0.19373159444678167,0.7056655918931368,1.0,0.5,0.0,1.0,0.5172413793103448,1.0,0.8,0.0,1.0,0.0,0.9298040362679146,0.3418667874943362,0.19999999999999996,0.10081743869209803,0.0,0.33333333333333337,0.9411764705882353,0.0,0.0,1.0,0.0,0.5,0.8592826172644856,1.0,0.0,0.5,0.1367799113737077,0.0,0.0,0.06015779092702156,0.8,0.3560157790927021,0.5,0.4441707717569786,0.32333333333333336,0.6634026927784578,0.7654320987654321,0.33333333333333337,0.1134421134421133,0.4331715924128805,0.0,0.9054726368159204,1.0,0.8499413833528722,0.597938144329897,0.25,0.0,0.7802690582959642,0.0,0.0,1.0,0.0,0.5947980835044491,0.5,0.1628318584070796,0.4285714285714285,0.75177304964539,0.16254586058382525,0.75,0.0,0.0,0.6940686784599376,0.0,0.0,0.0,1.0,1.0,0.6627565982404692,0.0,0.6666666666666666,0.0,0.5,0.0,0.8666666666666667,0.9902694610778443,0.42229828850855744,0.0,0.9567341242149336,1.0,1.0,0.0,1.0,0.0,0.9519790454016298,0.6052631578947367,0.0,0.5,0.5,0.29268292682926833,0.0,0.0,0.8294930875576036,1.0,0.6923076923076923,0.0,1.0,0.0,0.5966777408637873,0.0,0.0,0.4482758620689654,0.6820640225134114,0.0,0.75,0.34243697478991586,0.0,0.9960652666094153,0.8478674196203071,0.7387816154473756,0.0,1.0,1.0,0.6912349369741424,0.6863604488078542,0.0,0.0,0.0,0.0,0.0,1.0,0.0,0.5016494302888019,0.9811320754716981,0.9594594594594594,1.0,0.9197251853191105,0.8571428571428572,0.8452012383900929,0.9819296040226273,0.6720787339692065,0.0,0.832482124616956,0.5576675325772456,runif
0.0,0.7065637065637065,0.0,0.0,0.9,0.0,1.0,0.7228106676754302,0.0,0.6880001680354555,0.0,0.593064746844397,0.0,0.8669821240799158,0.0,0.0,0.33333333333333326,0.0,0.0,0.6602667630416859,0.7142280524722503,0.0,0.33333333333333326,0.4833273574757979,0.006175156968088569,0.19119295885188925,0.0,0.0,0.2857142857142857,0.0,0.0,0.8854916774878999,0.0,0.0,0.0,0.7943052850715198,0.0,0.12300242130750605,1.0,0.6849170834430113,0.5120967741935483,0.0,0.0,0.7272727272727273,1.0,0.0,0.1498712630524962,0.39622641509433965,0.33333333333333337,0.6265841438255231,0.3914198640306321,0.0,0.9787712287712288,0.0,0.7074088490982224,0.7074198988195615,0.4349060662555573,0.4924545997101203,0.8608470181503889,0.0,0.8438661710037175,0.7357686453576864,0.4067796610169492,1.0,0.4,1.0,0.16952016219869337,0.33333333333333337,0.4312529056252905,0.25047301558698976,0.1428571428571428,0.25486317177711837,0.0,1.0,0.6666666666666666,0.8333333333333334,0.7354758961681088,0.19354838709677413,0.29556650246305427,0.8571428571428572,0.18581802648440837,0.7391304347826086,0.6428571428571428,0.0,0.34682504766094724,0.6887177163570457,0.0,0.41619285876734147,0.66,0.8197358197358198,0.0,0.30323450134770913,0.33333333333333337,0.4342105263157895,0.8938547486033519,1.0,0.285311324697033,0.9038773787101384,0.3157894736842105,0.6688851913477537,0.125,0.5870701013129799,0.2084115659031167,0.6666666666666667,0.6677902328133574,0.0,0.0,0.0,0.19999999999999996,0.6666666666666667,0.0,0.7777777777777778,0.8618847150259068,0.0,0.5240750126710594,0.5848109735697558,0.0,0.0,0.0,0.585883207136189,0.0,0.0,0.33333333333333337,0.8571428571428572,0.0,0.0,0.0,0.0,0.0,0.0,0.6208821887213847,0.7063686110140878,0.0,0.22721582373560367,0.7222222222222222,0.0,0.6666666666666667,0.9467296021577882,0.50270317595815,0.5699346405228759,0.3706800445930881,0.0,0.19161977491961413,1.0,0.7777777777777778,0.0,1.0,0.578268876611418,0.6050632911392404,0.6718885987815493,0.0,0.791044776119403,0.9142857142857143,0.9243645593935444,0.0,0.0,0.7732965400127361,0.8835146749565694,0.2644359619913911,0.49108859690012807,1.0,0.9683619663208028,0.24060634681112458,0.72,0.9762603690279923,0.0,0.5141897370554849,0.206896551724138,0.16666666666666663,0.8,0.4727369143427538,0.9177520626848632,0.48219376911513134,0.0,0.0,0.0,0.0,1.0,0.9621885544020369,0.0,0.8032064128256513,1.0,0.0,1.0,0.8,0.0,0.5111104116832431,0.13205634564267388,0.0,0.0,0.8483487097205509,0.0,0.5741935483870968,0.0,0.0,0.8571428571428572,0.0,1.0,0.7666666666666666,0.0,0.7326787512588117,0.0,0.7161290322580645,0.0,0.7435897435897436,0.0,0.0,1.0,0.0,0.0,0.883194087403599,0.8861120429386112,0.0,0.0,0.7919441801458929,0.0,0.5471783610443028,0.0,0.21212121212121204,0.25,0.0,0.0,0.6023062139654067,0.0,0.0,0.0,0.880404063827012,0.0,0.0,0.7734564900340302,0.85423197492163,0.46153846153846145,0.0,0.13824884792626713,0.0,0.3999999999999999,0.0,0.0,0.0,0.0,0.6544450025113009,0.6336147795338097,0.0,0.967156862745098,0.14694800301431787,0.0,0.6642146257031589,0.314151190164792,0.4247600767754318,0.6000000000000001,0.0,0.9105219552609777,0.8527918781725888,0.28925254312251214,0.75,1.0,0.0,0.0,0.2500000000000001,0.5,0.5358444714459295,0.0,0.8259013282732448,0.0,0.1428571428571429,0.5716652858326429,0.8333333333333334,0.6497257769652651,0.0,0.0,1.0,0.6937903844047749,0.9233038348082596,0.75,0.0,0.6991701244813278,0.6666666666666666,1.0,0.4319654427645787,0.5,0.8582677165354331,0.0,0.6129032258064515,1.0,0.8629604209563029,0.7142857142857142,0.9375,0.0,0.027225130890052185,0.08299866131191436,0.9272727272727272,0.46475770925110127,0.40282012195121963,0.7142857142857143,0.9166666666666666,0.35575485799701045,0.0,0.0,0.0,0.5,1.0,0.5369542798212444,1.0,0.9560747663551402,0.33333333333333337,0.8834288834288835,0.0,0.0,0.875,0.0,0.9731503579952268,0.0,0.0,0.0,0.9,0.0,0.45358851674641154,0.0,0.0,0.0,0.5,0.8129967274427302,1.0,0.2857142857142857,0.0,0.7777777777777778,0.04761904761904756,0.6470588235294118,1.0,0.9102457309454395,0.2727272727272727,0.5626392277500796,0.0,0.6486486486486487,0.9090909090909091,0.8571428571428572,0.0,0.65,0.25,0.23333333333333328,0.9318181818181818,1.0,0.8095238095238095,0.9117647058823529,0.9200747024563181,0.0,0.0,0.854220600769482,0.8540587219343696,0.6788527570187841,0.6310605545610417,1.0,0.9576271186440678,0.3895741365878992,0.6818181818181819,0.9924556492706974,0.0,0.0,0.375,0.1724137931034483,0.6666666666666666,0.17417393440609252,0.9653471303092287,0.7221569745981679,0.0,0.0,0.0,0.0,0.9960012644223171,0.9554175429914635,0.0,0.8148148148148148,0.9996141661928357,0.0,1.0,1.0,0.0,0.9157601291160997,0.9071688602632316,0.0,0.0,0.9021663172606569,1.0,0.8669623059866962,0.0,0.0,1.0,0.0,1.0,0.7364374199060231,0.0,0.6149577500315299,0.0,0.894047619047619,0.0,0.5439919557566617,0.0,0.0,0.6923076923076923,0.0,0.0,0.8899583074603034,0.6958919741346519,0.23181818181818192,0.0,0.6100526641883519,0.262496166819994,0.0,0.0,0.0,0.0,0.0,0.0,0.9186046511627907,0.0,0.0,0.0,0.47217979489417417,0.0,0.726938625505329,1.0,0.7933579335793357,0.3681852128454072,0.01534113847396057,0.0826446280991735,0.15384615384615385,0.6363636363636364,0.75,0.40347334410339253,1.0,0.6666666666666667,0.6377416719615141,0.41194743130226996,0.0,0.9744010088272383,0.19842791411042948,0.0,0.8272128060263654,0.7751954362983309,0.6907045980813761,0.75,0.2857142857142857,0.8571428571428572,0.8661016949152542,0.33922025991336224,1.0,0.4,0.0,0.42105263157894746,0.5714285714285714,0.44584482079558874,0.4102043774460066,0.19999999999999996,0.13404507710557523,1.0,0.33333333333333337,0.0,0.6666666666666667,1.0,0.0,0.0,0.5,0.0,0.75,0.0,0.0,0.0,0.266759776536313,0.0,0.0,0.0,0.9877189450372458,0.5,0.3327194597912828,0.8666666666666667,0.01832061068702273,0.5454545454545454,1.0,0.8533916849015317,0.8383333333333334,0.0,0.5986277873070327,0.0,0.8242224316682375,0.5714285714285714,0.25,0.6666666666666667,0.0,1.0,0.0,0.0,0.0,0.0,0.0,0.5,0.0,0.0,0.09187402122846722,0.56,1.0,1.0,0.6830601092896176,0.0,0.0,1.0,1.0,0.881578947368421,0.0,1.0,0.6666666666666666,0.0,0.5,0.9171848128059267,0.6923076923076923,0.0,0.6546024200518583,0.5555555555555556,0.3057405645417064,1.0,1.0,0.3750000000000001,0.696911196911197,0.0,0.2735772357723576,0.19999999999999996,1.0,0.5,0.5,1.0,0.625,0.7715909090909091,0.5429155313351499,0.0,0.5,1.0,0.8058690744920993,0.0,0.0,0.7956656346749226,0.0,0.2068965517241378,0.23839021741316535,0.6666666666666667,0.5,0.08084030958774291,1.0,0.9542174947932163,0.0,0.0,0.7,0.5,0.8571428571428571,0.6580276282292058,0.9869957285239678,0.4786486444926267,0.0,0.0,0.0,0.0,1.0,0.9975757575757576,0.0,0.7878787878787878,1.0,0.0,1.0,0.888888888888889,0.0,0.23307961324830306,0.0,0.0,0.0,0.8097208434261208,runif
0.5714285714285714,0.5238095238095237,0.8381311939594148,0.6502924532788055,0.0,0.0,0.0,0.7777389684480149,0.6669831023352952,0.0,0.6593532229965157,0.0,0.7154487019927669,0.0,0.0,0.0,0.8888888888888888,0.5215073757282758,0.5645870198070666,0.5922537686479732,0.5488463426607757,0.7245949926362297,0.0,0.75,0.006175156968088569,0.19067951346947953,0.7838290741516548,0.7202272667352159,0.0,0.768370607028754,0.0,0.6608785873693278,0.0,0.8571428571428572,0.0,0.0,0.6976744186046512,0.12719592973024862,0.8873359954363947,0.3041074249605056,0.8464408586519359,0.8461538461538461,0.0,0.6355731225296444,0.9814814814814815,0.688099173553719,0.07540807350210121,0.0,0.6666666666666667,0.28920374880082644,0.2666786780603315,0.0,0.7028985507246377,0.0,0.7086188719030047,0.43849579416130624,0.5662776851631341,0.9362923550826099,0.0,0.808170515097691,0.3537794299876085,0.77466251298027,0.0,0.0,0.4,0.0,0.16952016219869337,0.5555555555555556,0.44404986777483946,0.23829497789366294,0.1428571428571428,0.0,0.8225806451612903,1.0,0.9473684210526315,0.0,0.0,0.0,0.16455696202531644,0.5714285714285714,0.003970193012460155,0.8469872365687148,0.6428571428571428,0.9166666666666666,0.8069270449521002,0.05257578969684107,0.0,0.29907933929054975,0.10000000000000009,0.9902544667027612,0.33333333333333337,0.30323450134770913,0.7777777777777778,0.07894736842105265,0.5825242718446602,0.4736842105263158,0.0,0.6326628706647933,0.0,0.8223961468994582,0.125,0.4322648349551613,0.7581521739130436,0.6000000000000001,0.5146334665056211,0.6062401741443946,0.75,0.6666666666666667,0.6,0.6666666666666667,0.13035294117647078,0.0,0.3644783880402991,0.11111111111111105,0.006581352833638032,1.0,1.0,0.375,0.0,0.2729995721009839,0.5,0.875,0.33333333333333337,0.0,0.9090909090909091,0.0,0.0,0.0,0.9285714285714286,0.0,0.4782463111369064,0.7240024692743701,0.380329457364341,0.9035108114392002,0.7222222222222222,0.3713733075435204,0.6666666666666667,0.6932814021421616,0.4483849731359765,0.04027439699048463,0.9258639910813824,0.0,0.19161977491961424,0.0,0.0,0.0,1.0,0.6563126252505012,0.6020671834625322,0.0,0.0,0.791044776119403,0.9142857142857143,0.0,0.9803921568627451,0.982155754769087,0.4421004356798901,0.9961829902736937,0.18502202643171806,0.9843902898005269,0.0,0.9961852861035423,0.8644211995942452,1.0,0.0,0.0,0.0,0.0,0.9487179487179487,0.8,0.5196078431372548,0.9329996712088554,0.3828886987059362,0.0,0.0,0.0,0.0,0.9995742506811989,0.0,0.9370534796924356,0.8101705033018692,0.979619274877128,0.0,1.0,0.0,0.9028718101331746,0.3309650596577157,0.05779067010325145,0.6666666666666667,0.0,0.2700248336756905,0.0,0.5741935483870968,0.8888888888888888,0.7916666666666666,0.0,0.0,0.0,1.0,0.5945945945945946,0.0,0.652542372881356,0.0,0.8214611872146118,0.0,0.0,0.0,0.9322033898305084,0.7148515808033234,0.7129396474697425,0.6718015665796344,0.8861120429386112,0.7142857142857143,0.0,0.42233009708737856,0.0,0.4214318349558922,0.6206896551724137,0.6444444444444444,0.0,0.9166666666666666,0.0,0.598911160603811,0.0,0.6666666666666667,0.0,0.0,0.5087719298245614,0.0,0.7783251231527093,0.0,0.8974358974358975,0.88860103626943,0.0,1.0,1.0,1.0,0.0,0.0,1.0,0.12091084028223209,0.0,0.0,0.3735294117647058,0.0,0.7320185614849188,0.2767644726407612,0.6572549019607843,0.8902157164869029,0.0862068965517242,0.85,0.7010560519902519,0.8527918781725888,0.2029734970911441,0.0,0.5,0.0,0.0,0.75,1.0,0.5633802816901408,0.0,0.1408918406072106,0.8769230769230769,0.8888888888888888,0.9642384105960264,0.0,0.0,0.07692307692307698,0.5258064516129033,0.8571428571428571,0.0,0.8823529411764706,0.625,0.9,0.9934738955823293,0.0,1.0,0.26638176638176636,0.0,1.0,1.0,0.6129032258064515,1.0,0.0,0.7142857142857143,0.6875,0.5757085020242916,0.7771184429147875,0.0,0.6396396396396397,0.16666666666666663,0.5631539044730858,0.2727272727272728,0.75,0.980272523896685,0.40702210663198957,1.0,0.0,0.5,1.0,0.0,1.0,0.2813238770685579,0.0,0.8026315789473684,0.9710586443259711,0.9804144841721704,0.375,0.0,0.3658365485794459,1.0,0.8,0.0,0.0,0.3529411764705882,0.4492753623188407,0.0,0.5,1.0,0.0,0.0,1.0,0.7857142857142857,0.9811928159945781,0.7777777777777778,0.0,0.6470588235294118,0.9618768328445748,0.0,0.8535353535353536,0.4800353617209371,0.0819754324392078,0.5044359949302915,0.0,0.0,0.0,0.8,0.75,0.0,0.0,1.0,1.0,0.9117647058823529,0.0,0.9888888888888889,1.0,0.2829484113103736,1.0,0.7582851930678017,0.9913000795518018,0.0,0.9915254237288136,0.9172188988788194,0.6818181818181819,0.0,0.0,0.9124649859943977,0.0,0.9473684210526316,0.6666666666666666,0.9474235974331279,0.9632681172359259,0.42759928991611273,0.0,0.0,0.0,0.0,0.9983443708609272,0.0,0.9541401620181591,0.8148148148148148,0.9442528410697122,0.0,1.0,0.0,0.9230769230769231,0.7678470344046795,0.705165277541532,1.0,0.0,0.24717620481927727,0.0,0.8718730933496034,0.7583892617449665,0.49573384483100735,0.0,0.0,0.0,0.18530650444548413,0.6643356643356644,0.0,0.8979057591623036,0.0,0.6431713938032388,0.0,0.0,0.0,0.6923076923076923,0.1515168570946135,0.37274828484426026,0.630659336811513,0.5078125,0.8478260869565217,0.0,0.49382213170400546,0.262496166819994,0.0,0.8649453823237339,0.8188075367805214,0.5454545454545454,0.75,0.0,0.6699623352165726,0.0,1.0,0.0,0.0,0.16666666666666663,0.6771879483500718,0.29999999999999993,0.38827838827838834,0.8003966822935449,0.7835390946502058,0.21759809750297276,0.0,0.9,0.5798319327731092,0.40347334410339253,0.0,0.6666666666666667,0.40704845814977986,0.5467144563918758,0.0,0.47629255989911734,0.0,0.6923076923076923,0.42877594846098777,0.2370921106980588,0.8571037503421846,0.2932692307692307,1.0,0.1428571428571428,0.8659502262443439,0.0,0.8979591836734694,0.6,0.0,0.12765957446808518,0.5714285714285714,0.47408270238788575,0.5298769771528998,0.19999999999999996,0.0,0.5,1.0,0.8823529411764706,0.0,0.0,0.2857142857142857,0.0,0.0,0.3327961321514905,0.0,0.0,1.0,0.6900726392251816,0.270170674941815,0.0,0.7768219832735962,0.75,1.0,0.0,0.3327194597912828,0.8066666666666666,0.405210643015521,0.7654320987654321,1.0,0.0,0.17819148936170215,0.0,0.6666666666666667,0.0,0.027131782945736482,0.5714285714285714,0.25,1.0,0.8119440914866582,0.0,1.0,1.0,0.0,0.5637393767705383,0.0,0.5789080029917726,0.2857142857142857,0.8774752475247525,0.9361939703301962,0.72,1.0,1.0,0.16393442622950816,0.0,1.0,1.0,1.0,0.2570977917981073,0.13966480446927354,1.0,0.0,0.5,1.0,0.07269076305220878,0.6923076923076923,0.4663173652694611,0.8055058991776903,0.5555555555555556,0.40332056194125165,1.0,1.0,0.34757505773672037,0.16163456533055687,0.949672131147541,0.6983169260082567,0.20000000000000007,1.0,0.0,0.5,1.0,0.75,0.7777777777777778,0.20857142857142863,0.0,0.5,1.0,0.0,0.9166666666666666,0.9701446598953524,0.0,0.5869565217391304,0.2068965517241378,0.33955541786073873,0.0,0.5,0.7896583996256434,1.0,0.0,0.0,0.8715679190751445,0.0,1.0,0.8571428571428571,0.508648217136775,0.8762083393449719,0.4877478143085826,0.0,0.0,0.0,0.0,0.950185873605948,0.0,0.793031439730848,1.0,0.9594594594594594,0.0,0.9756944444444444,0.0,1.0,0.0,0.0,0.0,0.0,0.6569328303060946,runif
0.0,0.0,0.8464342674868991,0.0,0.0,0.9421296296296297,1.0,0.0,0.667235818630241,0.6502919559596781,0.6551724137931034,0.0,0.6843849057805955,0.6024118399415311,0.0,0.0,0.8888888888888888,0.0,0.0,0.0,0.0,0.4813404417364813,0.0,0.4833273574757979,0.0,0.12972315405315749,0.0,0.029322268326417822,0.0,0.0,0.8408674074873234,0.8842042361065002,0.0,0.0,0.6842105263157894,0.8259438601800712,0.0,0.0,0.22580645161290325,0.12295923127157371,0.8500261942182217,0.1794871794871794,0.7984420642648491,0.47054346171411177,0.0,0.0,0.25705572497920703,0.0,0.33333333333333337,0.18602281988590053,0.764874365317016,0.0,0.4755825087775295,0.38820591001978655,0.0,0.780123445746489,0.5737346699079511,0.4815653591810851,0.2763041556145004,0.8782498414711477,0.5122100122100122,0.8473520249221184,0.0,0.7142857142857143,0.4,0.0,0.16952016219869337,0.22222222222222232,0.9236401673640168,0.2639593908629443,0.5714285714285714,0.0,0.6000000000000001,1.0,0.0,0.0,0.995982694684796,0.7741935483870968,0.0,0.5714285714285714,0.5342853675310489,0.0,0.6428571428571428,0.16666666666666663,0.7673671920607122,0.0,0.0,0.8901006711409396,0.75,0.0,0.6666666666666667,0.9565846599131693,0.5,1.0,0.8796992481203008,0.2666666666666666,0.0,0.3539894993714413,0.3727382388419783,0.2326420198376915,0.125,0.5805347290988825,0.8858569051580699,1.0,0.6716676718938479,0.0,0.75,0.6666666666666667,0.19999999999999996,0.6666666666666667,0.558600743699215,0.0,0.8613909652258693,0.4444444444444444,0.17208774583963715,0.6370487901626338,0.5357142857142858,1.0,0.0,0.32008434370058014,0.5,0.0,0.6666666666666667,0.8571428571428572,1.0,0.0,0.7179487179487178,0.75,0.9285714285714286,0.0,0.913341606211022,0.0,0.8477263245723821,0.440043604651163,0.4722222222222222,0.0,0.8333333333333334,0.787464271131074,0.5449711175526036,0.0,0.7401090613760297,0.9688825725436959,0.29381965552178324,0.36363636363636365,0.0,0.5,0.1923076923076923,1.0,1.0,0.0,0.0,0.29166666666666663,0.0,0.9993241461163128,0.9803921568627451,0.6997703788748565,0.35215453194650814,0.9226578621543541,0.0,0.5273021001615508,1.0,0.9649007708709201,0.6934624767763586,0.16000000000000003,0.9961176764809794,0.899157428780409,0.5237709658762291,0.206896551724138,0.9487179487179487,0.7,0.28607962618002725,0.03540847983453965,0.4023378777668344,0.0,0.0,0.0,0.0,0.0,0.5109055284400223,0.9172287333623984,0.0,0.0,0.0,1.0,0.0,0.9027819101457899,0.9930654642999829,0.1318607864932254,0.6666666666666667,0.933896589980859,0.8610646873771137,0.0,0.0,0.8656716417910448,0.0,0.0,1.0,0.9,0.0,0.5945945945945946,0.6362799263351748,0.6962962962962963,0.0,0.8214611872146118,0.7435897435897436,0.0,0.0,1.0,0.0,0.0,0.0,0.0,0.8,0.0,0.42233009708737856,0.4098360655737705,0.39064980039440156,0.0,0.21212121212121204,1.0,0.0,0.6912459135488558,0.6050179737363364,0.0,0.0,0.7954545454545454,0.8704232293570446,0.0,0.0,0.916154413572658,0.2717086834733895,0.8974358974358975,0.24974093264248698,1.0,0.3173124080431585,0.0,0.0,0.15977361776229848,0.0,0.0,0.11652435961828234,0.9308053448898519,0.0,0.5714285714285714,0.5786371477860839,0.0,0.9064039408866995,0.7108559498956158,0.40619340818544003,0.0,0.8161120840630472,0.0,0.8527918781725888,0.16909331568497699,0.0,0.5,0.0,0.0,0.0,1.0,0.1078431372549018,0.5,0.13123236124176862,1.0,0.7142857142857143,0.4927239654388359,0.0,1.0,0.6886792452830188,1.0,0.8571428571428571,0.7463388724485924,0.0,0.75,0.33333333333333326,0.9321906197023921,0.21739130434782605,1.0,0.8938390527794502,0.0,0.0,1.0,0.967741935483871,1.0,0.899075215782984,0.3571428571428571,0.0625,0.5416293643688452,0.03345159655347174,0.20000000000000007,0.15384615384615385,0.75,0.5631539044730858,1.0,1.0,0.35575485799701045,0.0,1.0,0.0,0.5,1.0,0.8086574654956086,0.0,1.0,0.6666666666666667,0.8798641136504015,0.24113475177304955,0.9063913470993117,0.0,0.0,1.0,1.0,0.0,1.0,0.9,0.8235294117647058,0.4826941066417212,0.7,0.0,1.0,0.5,1.0,0.0,0.9571428571428572,0.8305343511450382,0.37037037037037035,0.0,0.8823529411764706,1.0,0.9395209580838323,0.0,0.7533863837312114,1.0,0.02552204176334094,0.6363636363636364,0.0,1.0,0.0,0.875,1.0,0.0,1.0,0.2857142857142857,0.0,1.0,0.9888888888888889,0.638706006665041,0.0,0.978316935714968,0.9106137580667307,0.10906958561376079,1.0,0.9576271186440678,0.8841017280074073,0.13636363636363646,0.9952323510827733,0.9681484697683221,0.0,0.375,0.9473684210526316,1.0,0.0,0.0,0.0687721172464445,0.0,0.0,0.0,0.0,0.0,0.6377867929655654,0.9173372348207754,0.0,0.0,0.0,1.0,0.0,0.9442673621172607,1.0,0.6984906671429847,1.0,0.9420832006791893,0.9024390243902439,1.0,0.0,0.7238493723849373,0.0,0.0,0.7142857142857143,0.875,0.0,0.6643356643356644,0.1320504313205042,0.8983193277310925,0.0,0.5952492944496708,0.5669376693766937,0.0,0.0,0.7647058823529411,0.0,0.0,0.0,0.0,0.0,0.33333333333333326,0.5886728201451743,0.0,0.0,0.0,0.0,0.5454545454545454,0.0,0.8689672418104526,0.919921875,0.0,0.0,0.75,0.8139799635701275,0.0,0.6376355369010143,1.0,0.8632449190492594,0.8039581777445856,0.40160642570281124,0.640110978993262,0.7692307692307692,0.0,0.0,0.39188102893890686,0.0,0.6666666666666667,0.19696084161309158,0.7682198327359617,0.0,0.4762566304622379,0.062465204320231726,0.0,0.61703511053316,0.28070562293274537,0.6972350230414747,0.4375,0.5,0.8571428571428572,0.9443155452436195,0.0,1.0,0.6,0.0,0.0,0.5714285714285714,0.7868383404864092,0.3515794028559065,0.6,0.0,0.0,0.33333333333333337,0.0,0.0,1.0,1.0,0.0,0.0,0.0,0.0,0.0,0.5,0.5738498789346247,0.0,0.0,0.029006882989183858,0.8,0.0,0.5,0.8888888888888888,0.34024896265560167,0.6332599118942731,0.0,1.0,0.1513353115727003,0.8383333333333334,0.0,0.03606965174129362,0.0,0.0,0.0,0.0,0.9772727272727273,0.0,0.0,1.0,0.0,0.0,0.14215686274509787,0.5,0.5,0.4285714285714285,0.0,0.0,0.24,1.0,1.0,0.24416243654822334,0.0,0.0,0.0,1.0,0.6000000000000001,0.0,0.5,0.6666666666666666,0.5,0.5,0.7356815154654432,0.0,0.8742411101474414,0.3703043139003457,0.7777777777777778,0.3377732240437158,0.0,0.7854406130268199,0.3670886075949368,0.5542961608775137,0.18508287292817693,0.8887139743279244,1.0,0.0,0.0,0.0,0.41463414634146345,0.7368421052631579,1.0,0.047235023041474644,0.0,0.5,0.0,1.0,0.9166666666666666,0.9537953795379538,0.0,0.5164464436322744,0.4482758620689654,0.27581109468606557,1.0,0.5,0.4548619447779111,0.33333333333333326,0.9962247007957892,0.775446213217559,0.0,0.7,1.0,0.5714285714285714,0.665181716464299,0.0,0.4877478143085826,0.0,0.0,0.0,0.0,0.0,0.9360762436076244,0.793031439730848,0.0,0.0,0.0,0.9645390070921986,0.0,1.0,0.9768566138654597,0.050347509515141,0.0,1.0,0.813628408074365,runif
0.0,0.0,0.7369207772795217,0.0,0.0,0.6666666666666667,1.0,0.0,0.0,0.0,0.6593532229965157,0.0,0.6987792280965348,0.5570692194403535,0.0,0.7380095923261392,0.8888888888888888,0.0,0.0,0.0,0.0,0.0,0.0,0.75,0.04064909089732227,0.19925427428155684,0.7811786590005918,0.0,0.2857142857142857,0.0,0.0,0.8850656261085491,0.0,0.8636363636363636,0.0,0.8259438601800712,0.360116873630387,0.6845941468801766,0.890625,0.3170571202948145,0.0,0.3846153846153846,0.9250199030180213,0.43038850912866666,0.8333333333333334,0.9444722361180591,0.9512195121951219,0.33333333333333326,0.33333333333333337,0.28531199051430267,0.3049227172360045,0.0,0.9782608695652174,0.7490997246216491,0.0,0.7915281850765722,0.683773289588538,0.7038327526132405,0.33445945945945943,0.0,0.0,0.3719939117199391,0.5596465390279823,1.0,0.8,0.0,0.8540211759405272,0.33333333333333337,0.49073952449756997,0.5646736649931539,0.5714285714285714,0.7356613541772409,0.7179487179487178,1.0,0.713375796178344,0.0,0.36186650185414093,0.3548387096774194,0.2666666666666666,0.0,0.003970920642678344,0.9498094027954257,0.6428571428571428,1.0,0.056701030927835294,0.3762143782383419,0.0,0.0,0.6734693877551021,0.46326416152551886,0.6666666666666667,0.08683068017366125,0.5,0.07894736842105265,1.0,0.0,0.8622129436325678,0.9135717244235814,0.7935483870967742,0.0,0.125,0.517042745908152,0.8693710457759584,0.5,0.4126915605439241,0.5781835772161084,0.0,0.6666666666666667,0.0,0.6666666666666667,0.7645067133683596,0.0,0.0,0.4444444444444444,0.4164768413059984,0.895593220338983,0.532650448143406,0.875,0.6666666666666667,0.6268540522822257,0.5,0.5,0.6666666666666667,0.0,0.0,0.7158779462817467,0.6000000000000001,0.75,0.0,0.0,0.0,0.0,0.39144736842105254,0.6141207438227054,0.9166666666666666,0.7634874759152216,0.0,0.0,0.4623745999011837,0.1096502108657903,0.9258639910813824,0.0,0.8216983983076458,0.9090909090909091,0.7777777777777778,0.8333333333333334,0.0,0.49786324786324787,0.3500000000000001,0.40407073740407073,0.0,0.0,0.0,0.0,0.9803921568627451,0.7611379495437467,0.0,0.9958516424423071,0.26423677868341955,0.3616574409274589,1.0,0.0,0.8609254859537292,1.0,0.9980931980411943,0.8778864934713204,0.0,0.0,0.5714285714285714,0.7,0.567687777986594,0.9209141871496335,0.327931142543766,0.0,0.0,0.0,0.0,1.0,0.0,0.7528396509832553,0.7773246329526917,1.0,0.0,1.0,0.19999999999999996,0.9813664596273292,0.17687210734858327,0.13878532533089571,0.6666666666666667,0.916169920744917,0.8413675570395103,0.0,0.0,0.8656716417910448,0.0,0.0,0.0,0.8839285714285714,0.0,0.0,0.0,0.652542372881356,0.0,0.8089275473140891,0.7435897435897436,0.0,0.8059800664451827,0.9322033898305084,0.0,0.0,0.0,0.0,0.0,0.0,0.25,0.0,0.0,0.6206896551724137,0.0,0.0,0.0,0.0,0.5999013076733284,0.0,0.7931034482758621,0.0,0.8763863216266173,0.5087719298245614,0.801500223914017,0.9087221095334685,0.0,0.0,0.6453367875647668,1.0,0.0,1.0,0.9984423676012462,1.0,0.23076923076923073,0.0,0.11265767725097864,0.0,0.0,0.9583333333333334,0.633217064663268,0.0,0.8666666666666667,0.8700417536534446,0.2840690978886754,0.8,0.2571428571428571,0.18561001042752867,0.5583756345177664,0.8517538054268696,0.75,1.0,0.0,0.9294446384910933,0.2500000000000001,1.0,1.0,0.5,0.9951923076923077,0.7,1.0,0.9797178130511464,0.0,0.5170814002530577,0.0,0.5263157894736842,0.0,0.0,0.8823529411764706,0.75,0.0,0.0,0.5238095238095237,1.0,0.0,1.0,0.6124031007751938,1.0,0.19354838709677402,1.0,0.0,0.3571428571428571,0.0,0.9230769230769231,0.9422199695894576,0.941747572815534,0.0,0.75,0.5639781685870224,0.8181818181818182,1.0,0.11917836078909905,1.0,0.0,0.0,0.0,1.0,0.8157549234135667,1.0,0.2494226327944571,0.6666666666666667,0.9523809523809523,0.5087585681645088,0.43935818782444547,0.875,1.0,0.5697806354009077,1.0,0.8,1.0,0.0,0.0,0.9303112313937754,1.0,1.0,0.0,0.5,0.0,0.021739130434782705,0.7857142857142857,0.7656726533378515,0.962962962962963,0.0,0.0,0.6989247311827957,0.0,0.18181818181818177,0.544679238131337,0.09572864321608054,0.9467680608365019,0.9090909090909091,0.8571428571428572,1.0,0.0,0.25,0.0,1.0,1.0,0.0,0.0,0.0,0.9888888888888889,0.8579634464751958,0.0,1.0,1.0,0.5418588272712814,1.0,0.0,0.8940315898498188,0.6818181818181819,0.9968825626480002,0.9170898229144442,0.7156549520766773,0.0,0.6428571428571428,1.0,0.0,0.9649251004749726,0.5683902926882627,0.0,0.0,0.0,0.0,0.9954500737825873,0.0,0.882074702332409,0.8148148148148148,0.9996141661928357,0.0,1.0,0.5,0.9994416527079844,0.7481871797350865,0.6270224240703945,1.0,0.8564952086287654,0.8883032128514057,0.0,0.0,0.7238493723849373,0.0,0.0,0.0,1.0,0.0,0.0,0.0,0.7586842914233016,0.0,0.598781527352956,0.23163841807909602,0.0,0.6347325660121869,0.6923076923076923,0.0,0.0,0.0,0.0,0.0,0.0,0.49872773536895676,0.262496166819994,0.4035002430724357,0.8867286559594252,0.0,0.0,0.0,0.0,0.9072892938496583,0.0,1.0,0.0,0.818571106603561,0.16666666666666663,0.9353169469598965,0.29999999999999993,0.07192575406032509,0.0,0.5845410628019323,0.9426048565121413,0.7692307692307692,0.75,1.0,0.9095315024232633,0.0,0.6666666666666667,0.41054271617761606,0.5467144563918758,0.0,0.9743622126799697,0.9556455801391919,0.0,0.5932203389830508,0.33347511697150156,0.8809130003307972,0.25,1.0,0.0,0.6504237288135593,0.17352056168505514,1.0,0.8,0.0,0.8158179848320694,0.5714285714285714,0.5153374233128833,0.45814445451798136,0.6,0.577131906739061,0.5,0.33333333333333337,0.0,0.0,0.8888888888888888,0.5,0.0,1.0,0.4154315605928509,0.6666666666666667,0.0,0.0,0.3962085308056872,0.389958012596221,0.0,0.14965664219748998,1.0,0.8006845708267509,0.5,0.0,0.42000000000000004,0.405210643015521,0.0,1.0,0.7932816537467701,0.7667121418826739,1.0,0.0,0.0,0.0,0.0,0.0,0.7916666666666667,0.0,1.0,1.0,0.0,0.0,0.5877437325905294,0.0,0.0,0.4285714285714285,0.6688963210702341,0.25251584047707776,0.88,1.0,0.0,0.671866594943518,0.0,0.0,0.0,1.0,0.8,0.6627565982404692,0.0,0.6666666666666666,0.0,0.5,0.16586345381526102,0.0,0.0,0.79817335243553,1.0,0.891476836447402,0.0,0.0,0.6936110834246985,0.16163456533055687,0.9478260869565217,0.0,1.0,1.0,0.5,0.5,0.0,0.625,0.5555555555555556,0.23590150913423347,0.0,0.0,0.0,0.0,0.9166666666666666,0.9537953795379538,0.04268077601410947,0.6917488741153763,0.2068965517241378,0.0,0.33333333333333337,1.0,0.7791629563668745,1.0,0.9960571401749253,0.8479624565951689,0.7905443434911956,0.0,0.0,0.5714285714285714,0.0,0.9862408355930501,0.22627703845977953,0.0,0.0,0.0,0.0,1.0,0.0,0.5162659123055162,0.7358490566037736,1.0,0.0,0.9878472222222222,0.5555555555555556,1.0,0.0,0.0,0.0,0.9113971373638111,0.806677801715443,runif
0.0,0.7065637065637065,0.8455545371219065,0.0,0.0,0.0,0.7857142857142857,0.6186061381074168,0.667927382753404,0.0,0.6551724137931034,0.5988818360129113,0.0,0.0,1.0,0.0,0.8947368421052632,0.4727501769143132,0.4546685007687046,0.6192360575472013,0.5873776712602357,0.0,0.0,0.7498274331919929,0.05431825817429092,0.039616217889198446,0.0,0.0,0.8571428571428572,0.0,0.8067658286165592,0.6608785873693278,0.0,0.0,0.8095238095238095,0.8259438601800712,0.42666666666666664,0.549796211939583,0.8863344281022418,0.9188679245283019,0.0,0.3846153846153846,0.0,0.9749935104265813,0.0,0.6858141858141857,0.8964265287344888,0.0,0.0,0.0,0.0,0.0,0.2632297712529875,0.41857395957623755,0.0,0.9031858753013225,0.0,0.8968376824413976,0.35387323943661975,0.0,0.4541120381406437,0.0,0.0,0.0,0.4,0.5,0.4361696276332435,0.0,0.4359077809798271,0.25179856115107924,0.5714285714285714,0.34660352227319824,0.6000000000000001,0.0,1.0,0.0,0.48557692307692313,0.0,0.0,0.8571428571428572,0.5135042735042734,0.2912746725696366,0.6428571428571428,0.0,0.0,0.934120425029516,0.0,0.9640474968848494,0.30000000000000004,0.9862786846463213,0.6666666666666667,0.7173913043478262,0.5,0.7647058823529411,0.07146695325094032,0.4736842105263158,0.4488517745302715,0.8174546493358092,1.0,0.0,0.0,0.0,0.5080736012016522,0.0,0.49542979385453134,0.0,0.0,0.6666666666666667,0.19999999999999996,0.6666666666666667,0.0,0.0,0.34460585853774683,0.33333333333333326,0.0575620767494357,0.9032576505429417,0.0,0.0,0.6666666666666667,0.5100661886376172,0.0,0.0,0.6666666666666667,1.0,1.0,0.18746574090992152,0.7179487179487178,0.0,0.9285714285714286,0.0,0.5820875420875422,0.6179159049360147,0.9190891472868217,0.8280310041647385,0.41666666666666663,0.6457174131168475,0.8333333333333334,0.9355142386443869,0.4719352878626766,0.5461385262226157,0.9582439024390244,0.5692753469083949,0.8214285714285714,0.0,0.11111111111111116,1.0,0.0,0.0,0.20686695278969947,0.3296482412060301,0.5,0.6666666666666667,0.0,0.8276368491321763,0.9851745576279293,0.9347426926703389,0.6352506596306069,0.0,0.7283464566929134,0.0,1.0,0.9634301359147355,0.6459950305120417,0.72,0.9984459278769255,0.9888562601465145,0.0,0.0,1.0,0.7,0.9763513513513513,0.5644851741675464,0.8912434902533912,0.0,0.0,0.0,0.0,0.996513300660766,0.0,0.8910551065948891,0.9491223046935224,0.9777978413427997,0.6666666666666667,1.0,0.6504854368932039,0.9530567685589519,0.8346760769691725,0.0,0.0,0.0,0.0,0.0,0.5741935483870968,0.8888888888888888,0.0,0.0,0.0,0.9,0.7666666666666666,0.5945945945945946,0.0,1.0,0.7115163627279542,0.0,0.0,1.0,0.0,0.9322033898305084,0.7401790208565864,0.7122362012987014,0.683347549995261,0.8548387096774194,0.0,0.0,0.7948717948717949,0.8681318681318682,0.5415477029181652,0.0,0.0,0.0,0.0,0.7023055485178618,0.5969339505251108,0.0,0.0,0.8421052631578947,0.8213837691788092,0.5087719298245614,0.846938775510204,0.7945205479452054,0.8243626062322946,0.0,0.6453367875647668,0.5186470078057241,0.990086741016109,0.0,0.9020916777926123,0.9583517944173682,0.0,1.0,0.0,0.6185663484933557,0.0,0.25,0.22148209825145704,0.0,0.8726968174204355,0.0,1.0,0.6233766233766234,0.2571428571428571,0.9318681318681319,0.0,0.19318905155951616,0.5,0.5,1.0,0.4703008770955923,0.5,0.5070422535211268,0.516003879728419,1.0,0.0,1.0,0.0,0.8188976377952756,0.0,0.0,0.0,0.0,1.0,0.5629251700680271,0.3746369796708616,0.625,0.0,0.5,0.8095238095238095,1.0,0.9781398725498104,0.5,1.0,1.0,0.7096774193548387,1.0,0.9065431251429878,0.5377444292860392,0.6875,0.7479245283018868,0.9589485055815629,0.9210174029451138,0.5,0.0,0.0,0.6363636363636365,0.0,0.980272523896685,0.0,0.0,0.0,0.0,1.0,0.645466847090663,0.0,0.6920322291853178,0.33333333333333337,0.19736842105263175,0.5087585681645088,0.0,1.0,1.0,0.9347826086956522,0.0,0.0,1.0,0.9,0.8235294117647058,0.8605527638190955,0.7,0.5,1.0,1.0,0.7064905226881103,0.0,0.7571428571428571,0.8404963136126595,0.5555555555555556,0.0,0.8823529411764706,0.9618768328445748,0.0,0.2727272727272727,0.44807154835103413,0.8216080402010051,0.9910817031070196,0.0,0.0,1.0,0.44999999999999996,0.0,0.4825174825174825,1.0,0.0,0.0,0.0,0.8574319948186528,0.9888888888888889,0.9346040092014459,0.7606167654684113,0.0,0.7608303249097472,0.0,1.0,0.9576271186440678,0.7881518814333917,0.6818181818181819,0.9968825626480002,1.0,0.8770894788593904,0.0,1.0,1.0,0.9936550746436382,0.9920951333516634,0.9500312304809494,0.0,0.0,0.0,0.0,0.9762693156732892,0.0,0.953985566227142,0.9259259259259259,0.9840642286150272,0.5,1.0,0.5,0.9474714518760196,0.9584216988503181,0.7869451900260629,0.0,0.0,0.0,1.0,0.8798044878915796,1.0,0.0,0.0,0.0,0.9838709677419355,0.18530650444548413,0.6779725609756098,0.0,0.7723649247121346,0.838012958963283,0.0,0.0,0.6666666666666667,0.0,0.6923076923076923,0.16800793738286834,0.3825041713487928,0.6057533423464023,0.6091254752851711,0.35121951219512193,0.0,0.5782276300204586,0.0,0.0,0.0,0.0,0.5454545454545454,0.0,0.8682602921646747,0.662820308769696,0.0,0.0,1.0,0.5516927083333333,0.5,0.962924099335432,1.0,0.5790197764402407,0.0,0.5845410628019323,0.0,0.7692307692307692,0.0,0.7569039284325165,0.7666959578207382,0.0,0.0,0.0,0.0,0.0,0.0,0.1424285357113092,0.0,1.0,0.0,0.9059180576631259,0.0,1.0,0.0,0.0,0.0,0.0,0.6,0.0,0.6995305164319249,0.0,0.3315523894330662,0.19781021897810203,0.3999999999999999,0.6892366656020441,0.0,0.33333333333333337,0.9411764705882353,0.0,0.0,0.2857142857142857,0.0,0.5,0.1905354919053549,0.0,0.0,0.0,0.1690507152145645,0.6457312806158153,0.0,0.9025032938076416,0.0,1.0,0.5,0.5804597701149425,0.26315789473684215,0.6731439960139511,0.7654320987654321,0.0,0.5062034739454093,0.6378473753859727,0.5882352941176471,0.0,0.625,0.24053794428434194,0.7142857142857142,0.25,1.0,0.0,1.0,1.0,0.5,0.0,0.061475409836065475,0.5,0.1628318584070797,0.4285714285714285,0.39194915254237306,0.2837902075740769,0.0,0.0,0.0,0.3648393194706995,0.0,0.0,0.0,0.0,0.16561514195583604,0.0,0.5,0.0,0.5,0.0,0.8943179305770507,0.6923076923076923,0.9563758389261745,0.8183065464523716,0.0,0.0,0.0,1.0,0.6965352449223416,0.7415019762845849,0.9549188961449336,0.3884492857876889,1.0,1.0,0.5,0.5,0.0,0.0,0.33333333333333337,0.3767029972752043,1.0,0.0,0.0,0.8938144329896908,0.9166666666666666,0.8805786395814097,0.0,0.7070871946082561,1.0,0.0,0.0,0.5,0.9214216634429401,1.0,0.9950154949034835,0.9858865692469929,0.7387816154473756,1.0,1.0,0.5714285714285714,0.9611795818571928,0.4076900059844405,0.8050622011040889,0.0,0.0,0.0,0.0,1.0,0.0,0.7934205188633685,0.9433962264150944,0.9594594594594594,1.0,1.0,0.0,0.7722419928825623,0.785379080196058,0.0,0.0,0.0,0.0,runif
0.5714285714285714,0.5370866845397677,0.0,0.0,0.0,0.0,0.7857142857142857,0.6186061381074168,0.5694080670508119,0.0,0.0,0.0,0.7357154100424996,0.0,0.0,0.0,0.0,0.421391588314203,0.46418009973327146,0.5967127555988315,0.7656162595562186,0.0,0.0,0.0,0.03986054318171495,0.0,0.0,0.14924452667283383,0.0,0.0,0.0,0.0,0.0,1.0,0.7777777777777778,0.9134180011043622,0.0,0.8583274771609276,0.8873359954363947,0.28755252100840334,0.41811946270362965,0.8461538461538461,0.05355404089581306,0.6355731225296444,0.9820521503555706,0.0,0.0,0.0,0.0,0.8346102501596145,0.3054757194580269,0.0,0.0,0.8749886353304845,0.0,0.892570976357701,0.9119756781150539,0.6754243794250618,0.27429328621908133,0.926663174436878,0.851161369193154,0.8737270875763747,0.5653016719166466,0.33333333333333337,0.4,1.0,0.0,0.5555555555555556,0.31482471549683044,0.2639593908629442,0.5714285714285714,0.6879880996653032,1.0,0.0,0.9473684210526315,0.8333333333333334,0.7966573816155988,0.3548387096774194,0.0,0.0,0.005671769226077816,0.3199762540813297,0.6428571428571428,1.0,0.34305398263495657,0.0,0.0,0.32906584130557115,0.75,0.4503567181926278,0.6666666666666667,0.4595687331536389,0.11111111111111116,0.17391304347826086,0.5825242718446602,1.0,0.0,0.29137722742373906,0.0,0.964271536323938,0.0,0.0,0.8369565217391305,0.5,0.07754974150086147,0.6855621672408394,0.75,0.6666666666666667,0.6,0.0,0.0,0.0,0.8613909652258693,0.33333333333333326,0.1718464351005483,0.7523148148148148,1.0,0.875,0.6666666666666667,0.875968992248062,0.5,0.0,0.33333333333333337,0.29999999999999993,1.0,0.016544117647058876,1.0,0.75,0.0,0.0,0.5013131335055239,0.726065808297568,0.34925201380897586,0.0005272871078298991,0.41666666666666663,0.990687035372927,0.6666666666666667,0.0,0.8444647369874068,0.9464388779868406,0.34080914687774844,0.0,1.0,0.0,0.11111111111111116,1.0,0.0,0.35887611749680726,0.21322889469103568,0.9355742296918768,0.0,0.0,0.0,0.0,0.0,0.9849463085003178,0.4421004356798901,0.9926900584795322,0.28901405399550495,0.9842345338781716,0.9850746268656716,1.0,0.6934624767763586,1.0,0.9776811151560532,0.9650130841541347,0.5185590714989599,0.0,0.16666666666666663,0.7,0.5366785691912548,0.37054804317449164,0.4664299412049818,0.0,0.0,0.0,0.0,0.9966644507423347,0.9597464314076849,0.0,0.9534508021189465,0.9774766470009832,0.0,0.943248683803035,0.9206349206349206,0.8820509163517078,0.8815465276186111,0.268680502014895,0.0,0.7468260847397135,0.0,0.0,0.5741935483870968,0.0,0.0,0.0,0.8469798657718122,1.0,1.0,1.0,0.0,0.0,0.0,0.8214611872146118,0.0,0.0,0.0,0.0,0.7148515808033234,0.7321788836583726,0.7613027162258755,0.8580630830741892,0.0,0.0,0.0,0.0,0.0,0.0,0.0,0.0,0.33333333333333326,0.0,0.0,0.0,0.7619047619047619,0.8407699037620298,0.8869083033865632,0.0,0.8448767191178292,0.9087221095334685,0.0,0.4472984942426924,0.9184581171237954,0.0,0.7265179034769071,1.0,0.109470468431772,0.18598382749326137,0.23076923076923073,1.0,0.9560522350577599,0.6335861321776814,1.0,0.25,0.924807903402854,0.0,1.0,0.9964705882352941,0.26584570807678387,0.0,0.9679802955665024,0.9017902813299232,0.8588807785888077,0.8574156588160408,0.5,0.5,0.0,0.02021305654192851,0.75,0.9065040650406504,0.5223463687150838,1.0,0.9492409867172675,1.0,0.0,0.9349213100808167,0.8333333333333334,0.6778471138845553,1.0,0.0,0.0,0.0,0.3228758169934641,0.625,1.0,0.6268600489734413,1.0,1.0,0.8261427837699024,0.0,0.6666666666666667,1.0,0.0,0.0,0.32925952552120774,0.7142857142857143,0.8125,0.0,0.7266086415915449,0.5454545454545454,1.0,0.0,0.0,0.8181818181818182,1.0,0.5564368517388651,0.8132088058705804,1.0,0.0,0.5,0.0,0.0,1.0,0.964951528709918,0.33333333333333337,0.8842478842478843,0.41091797935904395,0.9789105553200509,1.0,1.0,0.9325164594001463,1.0,0.0,0.0,0.44999999999999996,0.5882352941176471,0.3319819819819818,1.0,1.0,0.0,0.0,0.9034556738947207,0.0,0.7857142857142857,0.5898767034393252,0.5555555555555556,1.0,0.6470588235294118,0.7945922372437855,0.30605078336034575,1.0,0.5708744537732606,0.1670611278870482,0.9675174013921114,0.0,0.0,1.0,0.44999999999999996,0.75,0.20481927710843373,1.0,1.0,0.0,0.0,0.0,0.0,1.0,0.2829484113103736,1.0,0.7905138339920948,0.9120279674867143,0.9850746268656716,1.0,0.8737816725796682,0.0,0.9924556492706974,1.0,0.0,0.0,0.1724137931034483,1.0,0.0,0.5552405818724356,0.3718973231807833,0.0,0.0,0.0,0.0,0.9762693156732892,0.955003820854373,0.0,0.9259259259259259,0.9892746298992008,0.0,0.5,1.0,0.925797020743422,0.8842406588991563,0.0,0.0,0.7227391273701276,0.3290897517504774,0.0,0.8321521820216338,0.0,0.0,0.0,0.7142857142857143,0.9838709677419355,0.2325213540018981,0.6718812675491377,0.0,0.0,0.0,0.6624365482233502,0.0,0.0,0.0,0.0,0.1515168570946135,0.5186839258923275,0.6884550656344665,0.7029646522234891,0.16000000000000003,0.33333333333333326,0.0,0.262496166819994,0.0,0.0,0.7648559282002834,0.5454545454545454,0.0,0.0,0.0,0.0,1.0,0.9,0.47545945945945955,0.0,0.9464692482915718,0.29999999999999993,0.06889424733034788,0.3930940304330863,0.7835390946502058,0.24852304056715258,0.0,0.9,0.0,0.5944533762057878,0.0,0.0,0.7914939146716597,0.3600912448403214,0.0,0.0,0.46515245799626626,0.0,0.9554222031718816,0.4109871953738127,0.8364101107639875,0.43028846153846145,0.8571428571428571,0.7,1.0,0.17901029558286297,0.0,0.6,0.0,0.08591331269349867,0.5714285714285714,0.5670731707317074,0.3630347435594422,0.3999999999999999,0.5282657297987863,1.0,0.33333333333333337,0.8823529411764706,0.6666666666666667,1.0,1.0,0.0,1.0,0.29178800232964475,0.0,0.0,0.5,0.0,0.0,0.0,0.0,0.8,0.4516250944822374,0.5,0.7842465753424657,0.5633333333333335,0.08536585365853655,0.7654320987654321,0.0,0.8939068100358423,0.0,0.0,0.8157894736842105,0.0,0.3605857230018302,0.0,0.0,0.6136363636363638,0.2261753494282085,0.0,1.0,1.0,0.0,0.48123195380173256,0.0,0.7895310796074155,0.4285714285714285,0.0,0.16254586058382525,0.72,0.0,0.0,0.9667013527575442,0.0,0.0,1.0,0.0,0.0,0.30409356725146197,1.0,0.6666666666666666,0.0,1.0,0.07154308617234462,0.6923076923076923,0.546774193548387,0.6281704430165709,0.0,0.9141193595342066,1.0,0.0,0.8637951105937136,0.8114285714285714,0.0,0.32811234134485534,1.0,1.0,0.5,0.5,0.0,0.4375,0.3784090909090909,0.9471428571428572,0.0,0.0,0.0,0.0,0.0,0.967741935483871,0.0,0.5695662048603225,0.0,0.3414257395154854,1.0,0.0,0.44396684065090575,0.0,0.9623760830536258,0.9465264393524797,0.0,0.0,0.5,0.5714285714285714,0.0,0.6526790185277916,0.485114556180546,0.0,0.0,0.0,0.0,1.0,0.9369627507163324,0.0,0.9545454545454546,0.9594594594594594,0.0,0.920018281535649,1.0,0.8452012383900929,0.22150295524908536,0.6853545488448084,0.0,0.6060114925593045,0.0,runif
0.0,0.0,0.0,0.6836821870995301,0.0,0.95,0.0,0.6186061381074168,0.8541070082893745,0.7058572486874739,0.8391246684350132,0.0,0.7105758374106135,0.0,1.0,0.7492617238256487,0.0,0.47854380424051,0.464062522655763,0.0,0.0,0.0,0.0,0.0,0.0,0.004082074994581242,0.0,0.0,0.0,0.768370607028754,0.0,0.0,0.0,0.0,0.75,0.9134180011043622,0.360116873630387,0.9070383527003432,0.0,0.0,0.6372106041824943,0.0,0.8826247022305638,0.33749429136854936,0.6601876675603218,0.6860232945091513,0.9724126054761495,0.5,0.6666666666666667,0.28205128205128194,0.0,0.0,0.43905769887333557,0.38767389033509647,0.7228790437832922,0.7920385692879015,0.9047578541454009,0.5162640620912182,0.8812849162011174,0.0,0.601638349514563,0.701226309921962,0.8306332842415316,0.8571428571428572,0.4,0.0,0.0,0.44444444444444453,0.9781917310313494,0.26902753314174455,0.5714285714285714,0.40216014897579144,0.558974358974359,0.5714285714285714,0.6785714285714286,0.0,0.34749303621169925,0.7741935483870968,1.0,0.2857142857142857,0.0,0.0,0.6428571428571428,1.0,0.7654718566227947,0.2700067704807041,0.5,0.5253312548713951,0.0,0.9833988641328091,0.33333333333333337,0.0,0.0,0.17391304347826086,0.0,1.0,0.5925196850393701,0.3846779661016948,0.791869918699187,0.8939061814993424,0.125,0.0,0.20952735392631183,0.0,0.07101930036188175,0.0,0.75,0.0,1.0,0.6666666666666667,0.5950226244343892,0.11111111111111116,0.8617055771725032,0.7777777777777778,0.5059288537549407,0.9758522727272727,0.19047619047619047,0.0,0.0,0.5221706081081081,0.5,0.875,0.0,0.29999999999999993,0.2727272727272726,0.7158779462817468,0.558974358974359,0.0,0.9285714285714286,0.0,0.4368715794832634,0.0,0.9191870312121946,0.4403297320926747,0.41666666666666663,1.0,0.6666666666666667,0.684775536759922,0.8045369594638139,0.6268043409545886,0.340869106263195,0.0,0.5830864530029627,0.0,0.11111111111111116,0.0,0.1923076923076923,0.0,0.0,0.6226226226226226,0.0,0.9006048838772309,0.0,0.9880385852090032,0.0,0.9334323270843528,0.0,0.9946252018314127,0.28920652968407357,0.0,1.0,0.9885558583106268,0.0,0.84,0.9980931980411943,1.0,0.0,0.0,0.0,0.9,0.276548532302035,0.4129840738645256,0.2711438087189938,0.0,0.0,0.0,0.0,0.9921538291523926,0.0,0.5321962608924505,0.9521400778210116,1.0,0.0,1.0,0.0,0.0,0.8293830602997561,0.10669930468996403,0.6666666666666667,0.7270575128812142,0.0,0.0,0.0,0.0,0.7916666666666666,0.0,0.8434873949579832,0.0,0.5212121212121212,1.0,0.9432301598943817,0.6525514008735485,0.0,0.8089275473140891,0.0,1.0,0.8163484326789787,0.0,0.7148376192200894,0.8450627781597134,0.0,0.0,0.0,0.0,0.0,0.4098360655737705,0.5792652043479956,0.0,0.0,0.25,0.0,0.0,0.0,0.0,0.0,0.5909090909090908,0.8668979187314172,0.5087719298245614,0.8025039123630673,0.0,0.0,0.717948717948718,0.0,1.0,0.19597315436241625,0.7333333333333334,0.8915295551492992,1.0,0.0,1.0,0.02602230483271395,0.5763273539370364,0.0,0.25,0.34646507666098814,0.7636871508379888,0.9067103109656302,1.0,0.7395871061209707,1.0,0.0,0.7299232736572889,1.0,0.9388924252068745,0.75,1.0,0.0,0.02021305654192851,0.75,1.0,0.319607843137255,1.0,0.0,1.0,0.0,0.8409893992932862,0.0,0.20291616038882143,1.0,0.5258064516129033,0.5714285714285714,0.0,0.0,0.625,0.8571428571428572,0.9316297173802673,0.0,0.0,0.3826369633808203,0.0,0.7883597883597884,1.0,0.0,1.0,0.32063223257126716,0.07142857142857151,0.9375,0.13290113452188002,0.0,1.0,1.0,0.0,0.23853211009174313,0.7142857142857143,0.08333333333333337,0.5650224215246638,0.20394736842105265,1.0,0.0,0.5,1.0,0.7416340066324992,0.0,0.9648466716529543,1.0,0.8798641136504015,1.0,0.6667448405253282,1.0,0.0,0.0,1.0,0.8,0.0,0.44999999999999996,0.5882352941176471,0.944372574385511,1.0,0.5,1.0,1.0,0.6603215805032807,0.021739130434782705,0.7571428571428571,0.0,0.5555555555555556,1.0,0.6470588235294118,0.0,0.3224550898203592,0.5254237288135593,0.5791076766879125,0.17159425024501795,0.2515942028985507,0.0,0.0,0.0,0.0,0.0,0.52,1.0,1.0,0.8997772828507795,0.0,1.0,0.0,0.9690934572545549,0.37038689172289085,0.9875430691757222,0.6763738844527947,0.0,1.0,0.9576271186440678,0.0,0.9545454545454546,0.9950280647255574,0.9948805460750854,0.6735395189003436,0.0,0.0,0.6666666666666666,0.10802282102730543,0.5609304591401778,0.550132545887722,0.0,0.0,0.0,0.0,1.0,0.0,0.5827424878213476,0.9259259259259259,0.9976686933492483,0.0,1.0,0.0,0.0,0.8620297405123809,0.0,1.0,0.7327568563241915,0.0,0.0,0.0,0.0,0.6086307301776915,0.0,0.7142857142857143,0.0,0.2264311555650136,0.6926582278481013,0.6302973542495902,0.7723649247121346,0.0,0.5581888486965199,0.0,0.6666666666666667,0.6314926397681335,0.0,0.1515168570946135,0.22392525085151438,0.0,0.0,0.0,0.0,0.0,0.0,0.0,0.0,0.0,0.0,1.0,0.0,0.0,0.0,0.0,1.0,0.6040411646586346,1.0,0.3599722029186935,0.0,0.4185673556664291,0.5388349514563107,0.0,0.644514353126229,0.3076923076923076,0.29999999999999993,0.7569039284325165,0.909967845659164,0.75,0.6666666666666667,0.4099553658063262,0.0,0.0,0.4762566304622379,0.14216626365379792,1.0,0.7662337662337663,0.6033801580333626,0.5963581183611533,1.0,0.2857142857142857,0.0,0.5495750708215299,0.6863925108659311,1.0,0.4,0.0,0.09862570735650766,0.4285714285714285,0.9095041909362126,0.21393034825870672,0.3999999999999999,0.6892366656020441,0.0,0.0,0.41176470588235303,0.0,0.8888888888888888,1.0,0.0,0.0,0.4000844951415292,0.0,0.0,1.0,0.522304283604136,0.36409836065573764,1.0,0.7404162102957283,0.0,0.9806748466257669,0.0,0.08087027914614131,0.23029045643153523,0.0,0.0,1.0,0.16377171215880904,0.8563829787234043,1.0,0.5497512437810945,1.0,0.30312868949232585,0.5714285714285714,0.75,0.6046511627906976,0.0,0.0,0.0,0.8333333333333334,0.0,0.3767724510465902,1.0,0.7999999999999999,0.7142857142857142,0.0,0.9532549019607843,0.0,0.0,1.0,0.8852861035422344,0.0,1.0,0.0,0.0,0.061514195583596276,0.6441947565543071,0.0,0.0,0.5,0.0,0.015863859244303558,0.0,1.0,0.823167649536647,0.0,0.9133261105092091,1.0,0.0,0.9467756403867238,1.0,0.0,0.0,1.0,1.0,0.5,0.5,0.41463414634146345,0.0,0.0,0.46703733121525026,0.0,0.6923076923076923,0.0,1.0,0.0,0.8805786395814097,0.4643962848297213,0.837755174621239,0.0,0.0,0.6666666666666667,0.5,0.0,0.0,0.9948052904984711,0.9894725262636819,0.33333333333333326,1.0,0.5,1.0,0.6762575036224383,0.6563872535277078,0.1507589498806683,0.0,0.0,0.0,0.0,0.9642857142857143,0.0,0.7059874249785654,0.9545454545454546,1.0,0.0,1.0,0.0,0.0,0.22150295524908536,0.6768389644267362,0.0,0.8438095238095238,0.6556686082233527,runif
0.5714285714285714,0.0,0.0,0.6508237975404777,0.0,0.0,0.0,0.0,0.0,0.8306776779208161,0.0,0.0,0.0,0.8723102388271459,0.0,0.0,0.0,0.4736773690367867,0.5585687990814096,0.6267329980319265,0.8350617985509305,0.0,0.25,0.7304464933181394,0.10749828677801765,0.0,0.0,0.7202272667352159,0.8571428571428572,0.0,0.806455240665767,0.0,0.0,0.0,0.0,0.0,0.360116873630387,0.781591263650546,0.7314603536794066,0.0,0.5303054533823766,0.5769230769230769,0.8826247022305638,0.6355731225296444,0.6541609822646657,0.9450676344440778,0.883146242594325,0.4462151394422311,0.6666666666666667,0.0,0.7992461364493026,0.0,0.9782608695652174,0.5994177354630577,0.7236330655610261,0.0,0.576962457337884,0.0,0.8819444444444444,0.8195211786372008,0.40682999257609487,0.8911303234069805,0.40353460972017663,0.1428571428571429,0.0,0.5,0.1252956383037237,0.22222222222222232,0.9445706497046797,0.23546861963474552,0.5714285714285714,0.4110371075166508,0.0,1.0,0.16666666666666674,0.8333333333333334,0.0,0.7741935483870968,0.0,0.8571428571428572,0.005280528052805211,0.9049306170652495,0.6428571428571428,1.0,0.020419685706219992,0.6346466948876588,0.5,0.6914735407113644,1.0,0.0,0.6666666666666667,0.0,0.5,0.17391304347826086,0.5416666666666666,1.0,0.8620689655172413,0.37417771930448396,0.5291095890410958,0.0,0.125,0.4622417377285647,0.7647058823529411,0.0,0.6217575757575757,0.6673109965635738,0.75,0.0,0.6,0.0,0.4698219713417282,1.0,0.3124560168895145,0.4444444444444444,0.0,0.2085789129011134,0.8392857142857143,0.0,0.0,0.8986620520828937,0.5,0.625,0.6666666666666667,1.0,0.5454545454545454,0.0,0.7483870967741936,1.0,0.9285714285714286,0.0,0.8760369596007284,0.5723720084822781,0.37986934430195973,0.13141141141141166,0.0,0.5663122075712463,0.0,0.0,0.0,0.6268043409545886,0.7358490566037736,0.9264145234493193,1.0,0.8888888888888888,0.0,1.0,0.1923076923076923,0.23747494989979978,1.0,0.3296482412060301,0.0,0.0,0.0,0.0,0.0,0.6141799831791421,0.9896038650886055,0.0,0.08977907766229698,0.7084598184537472,1.0,1.0,0.0,1.0,0.9915056096507652,0.0,0.529071706503613,0.0,0.9333333333333333,0.0,0.019036009002250776,0.0,0.4387782539561347,0.0,0.0,0.0,0.0,1.0,0.0,0.5284156602712181,0.8199456368919299,1.0,0.6666666666666667,0.9670932358318098,0.0,0.990725890802594,0.9923336593368458,0.10487418041498398,0.0,0.0,0.647166714933874,0.0,0.0,0.0,0.7916666666666666,0.0,1.0,0.0,0.0,0.0,0.9432301598943817,0.0,0.0,0.0,0.6796116504854368,0.0,0.0,0.0,0.7401790208565864,0.6361780976421934,0.7037259314828708,0.8548387096774194,0.0,0.0,0.7919441801458929,0.8681318681318682,0.0,0.0,0.6444444444444444,0.5,0.33333333333333326,0.6977832011389059,0.0,0.0,0.0,0.0,0.0,0.5087719298245614,0.96,0.7377351530800442,0.19435736677115978,0.46153846153846145,0.6560415122312824,1.0,0.695231265686626,0.7333333333333334,0.9786059351276742,0.9583517944173682,1.0,1.0,0.0,0.93098479936604,0.0,0.9592209373097992,0.34199134199134196,0.7478991596638656,0.0,0.9230769230769231,0.0,1.0,0.85,0.10667634252539926,1.0,0.2887773722627738,1.0,1.0,1.0,0.0,0.0,1.0,0.30641821946169767,1.0,0.7236842105263158,0.0,0.1428571428571429,0.8939929328621908,0.8888888888888888,0.0,0.625,0.0,1.0,0.0,0.9413636363636364,0.75,1.0,0.21881875105770865,0.6666666666666666,0.0,0.5560179257362357,0.5,0.0,1.0,0.7096774193548387,1.0,0.3065406490465037,0.6325602546612097,0.9375,0.9283018867924528,0.0,0.0,0.0,0.0,0.8333333333333334,0.4545454545454546,0.75,0.0,0.5625,1.0,0.0,0.5,0.0,0.0,0.5,0.011965811965811923,0.6666666666666667,0.0,0.0,0.973111555777889,0.0,0.0,0.9358925869894099,1.0,0.8,1.0,0.9,0.8235294117647058,0.03864168618266972,1.0,1.0,1.0,0.5,1.0,0.5869565217391305,0.7857142857142857,0.15147407658420875,0.0,0.7653225806451613,0.0,0.0,0.2803889789303079,0.5254237288135593,0.7462465390164957,1.0,0.9921953675730111,0.9090909090909091,0.0,1.0,0.0,0.25,1.0,0.5,1.0,0.0,0.0,0.0,0.0,0.6060098613824543,0.9689991880244009,0.0,0.282844387755102,0.8910848338396042,1.0,1.0,0.0,0.9545454545454546,0.9974032900125074,0.0,0.0,0.0,0.9310344827586207,0.0,0.5525135280751481,0.28543689320388355,0.5670840507121615,0.0,0.0,0.0,0.0,0.9954500737825873,0.0,0.5827424878213476,0.8148148148148148,0.9996141661928357,0.5,1.0,0.0,0.994714986787467,1.0,0.7294989276662117,0.0,0.0,0.75038646903701,1.0,0.0,0.0,0.5857200484066156,0.0,0.0,0.0,0.0,0.0,0.6267677964762581,0.0,0.0,0.0,0.375,0.0,0.0,0.0,0.1515168570946135,0.4865457776790424,0.6035965902456113,0.8862876254180602,0.0,0.33333333333333326,0.765659140568099,0.0,0.3561741882016124,0.0,0.8286011801457828,0.5454545454545454,0.0,0.5445544554455446,0.0,0.0,0.0,0.0,0.0,1.0,0.3507225942897426,0.0,0.0,0.0,0.47818930041152263,0.644514353126229,0.0,0.29999999999999993,0.957983193277311,0.7452015355086372,0.6666666666666667,0.6666666666666667,0.0,0.774016267311497,0.0,0.9744010088272383,0.26961926961926974,0.6923076923076923,1.0,0.8257372654155496,0.0,1.0,0.8571428571428571,0.8571428571428572,1.0,0.3403543965229019,0.7916666666666666,0.0,0.0,0.40866873065015485,0.5714285714285714,0.7596439169139465,0.3918207788302511,0.3999999999999999,0.6892366656020441,1.0,0.33333333333333337,0.8823529411764706,0.6666666666666667,0.0,1.0,0.0,0.5,0.41262848751835535,0.75,0.0,1.0,0.13943870014771043,0.04225352112676062,1.0,0.9045086705202312,0.5,0.0,0.5,0.3928790669122161,0.26315789473684215,0.0,0.0,1.0,0.8279569892473119,0.8383333333333334,0.0,0.0,0.0,0.2532467532467533,0.5064935064935064,0.25,0.03508771929824561,0.17115902964959573,0.0,0.0,1.0,0.0,0.7618741976893453,1.0,0.5185840707964602,0.4285714285714285,0.31845238095238104,0.27903225806451615,1.0,1.0,1.0,0.9587882096069869,0.0,0.33333333333333337,0.0,1.0,0.16561514195583604,0.26573426573426573,0.0,0.6666666666666666,0.5,0.5,0.6575342465753424,0.3846153846153846,0.5430894308943088,0.0,0.44444444444444453,0.0,0.0,1.0,0.0,1.0,0.1303488207880239,0.843619765826553,1.0,1.0,0.0,0.0,0.41463414634146345,0.26315789473684204,1.0,0.2343096234309623,0.0,1.0,0.0,0.0,0.0,0.6268082486919052,0.8476425052779732,0.7947745664739885,0.6666666666666667,0.9653389084507042,0.6666666666666667,1.0,0.0,0.0,0.9948052904984711,0.0,0.0,0.0,1.0,0.0,0.47951404854674373,0.34022118742724095,0.22374799296582293,0.0,0.0,0.0,0.0,1.0,0.0,0.7059874249785654,0.7358490566037736,1.0,1.0,0.9113848002403124,0.0,0.8861209964412812,0.9774244208873184,0.33186464575255537,0.0,0.0,0.5929957579599201,runif
0.0,0.7057535565668955,0.0,0.0,0.75,0.0,0.0,0.0,0.5694080670508119,0.6761293821064109,0.6548980606663353,0.5416666666666667,0.7040183188063229,0.0,0.0,0.0,0.0,0.368634860651866,0.5585623532262811,0.5709095571892631,0.6250689464975179,0.0,0.0,0.3484476534296027,0.03986054318171495,0.20697221536520471,0.0,0.0,0.2857142857142857,0.0,0.0,0.6278834479967624,0.5265921348715934,0.8571428571428572,0.0,0.8884663584114775,0.45081640780565513,0.46929415979935507,0.9688704840782522,0.6848341232227488,0.5297457220534144,0.1794871794871794,0.8826247022305638,0.38636363636363635,1.0,0.8505574970877018,0.10602375830137523,0.0,0.33333333333333337,0.26762928139691067,0.0,0.0,0.0,0.7236006082953149,0.791980705456738,0.4389954518489222,0.9113861926055186,0.5407925407925408,0.31506849315068497,0.9234303215926494,0.23362831858407052,0.8617886178861789,0.40353460972017663,0.6666666666666667,0.8,0.0,0.641933887024916,0.44444444444444453,0.8857689853222719,0.2723447077120118,0.0,0.37757373400111294,1.0,1.0,0.7247075017205782,0.8333333333333334,1.0,0.3548387096774194,0.0,0.2857142857142857,0.8032403240324033,0.963151207115629,0.6428571428571428,0.0,0.36036347473949326,0.6568236233040703,0.0,0.0,0.6734693877551021,0.8236188545362393,0.6666666666666667,0.0,0.11111111111111116,0.9130434782608695,1.0,0.0,0.6545842217484008,0.2519317533578801,0.36797326040717104,0.11590397599399849,0.0,0.853548852403377,0.012653516933383013,0.5,0.07689895743513375,0.6752637034327176,0.75,0.6666666666666667,0.19999999999999996,0.0,0.4698219713417282,0.11111111111111116,0.0,0.11111111111111105,0.4164768413059984,0.9521311475409836,0.6209987195902689,1.0,0.0,0.36848355788525333,0.5,0.625,0.0,0.8571428571428572,0.5,0.201859229747676,1.0,1.0,0.0,0.0,0.0,0.0,0.37986934430195973,0.0,0.9166666666666666,0.0,0.0,0.42670769230769223,0.4855805689770978,0.38820988304709725,0.7709051180771493,0.25740944017563105,0.7395109395109394,0.9090909090909091,0.7777777777777778,0.0,1.0,0.0,0.6050632911392404,0.0,0.0,0.0,0.0,0.0,0.0,0.9359825890698049,0.40115541778216135,0.7184129246851984,0.0,0.4916017058126948,0.33333333333333326,0.8344827586206897,0.8728790991106038,0.76,0.9780858152763364,0.8778819030831342,0.5165532879818594,0.0,0.9333333333333333,0.0,0.3665855636658556,0.4961733491677506,0.0,0.0,0.0,0.0,0.0,1.0,0.5608628813788475,0.4699518979034747,0.8161113454238719,0.0,0.6666666666666667,0.9071564564900885,0.9310344827586207,0.9796948067930101,0.6655151766385703,0.02283783783783766,0.6666666666666667,0.9175769485988464,0.004772010458558462,0.0,0.5741935483870968,0.0,0.0,0.65,0.0,0.0,0.0,0.5,0.6362799263351748,0.6525514008735485,0.6146671681083113,0.8214611872146118,0.0,0.0,0.0,0.0,0.7401790208565864,0.638587981676098,0.6960063302923105,0.8861120429386112,0.0,0.0,0.25177809388335703,0.0,0.416806379063586,0.0,0.21212121212121204,0.25,0.33333333333333326,0.0,0.5923515867454199,0.8655913978494624,0.6666666666666667,0.0,0.8668384028534628,0.5087719298245614,0.41925250322196894,1.0,0.82183908045977,0.46153846153846145,0.3589325426241661,1.0,0.25611325611325597,1.0,0.3412949640287767,0.0,0.0,0.0,0.21808851828094933,0.5752257132538822,1.0,0.6293706293706294,0.5493269722269551,0.7320987654320987,0.7282913165266107,1.0,0.7395871061209707,0.5121951219512195,1.0,0.6892911010558069,0.8527918781725888,0.0,0.75,1.0,0.0,0.9,0.75,1.0,0.586427656850192,0.0,0.0,1.0,1.0,0.854104636324968,0.8333333333333334,1.0,1.0,0.0,0.5714285714285714,0.8157934815717333,1.0,0.625,1.0,0.6422487223168655,0.6666666666666666,1.0,0.44347404172731675,0.0,0.7364341085271318,1.0,0.7096774193548387,0.0,0.8336135738306328,0.5476190476190477,0.0,0.09579100145137898,0.0,0.15100671140939603,0.4952015355086372,0.14540059347181,1.0,0.4545454545454546,0.9166666666666666,0.5564368517388651,0.8135818908122503,1.0,0.0,0.5,0.0,0.0,0.0,0.0,0.0,0.9512044471896233,0.7965779467680608,0.8971212836243511,0.375,0.0,0.31618759455370626,1.0,0.8,0.0,0.9,0.8823529411764706,0.8068475452196382,1.0,0.5,0.0,0.5,0.0,0.0,0.7857142857142857,0.48805646036916406,0.962962962962963,0.0,0.0,0.5674499564838991,0.6594202898550725,0.7613086296110833,0.7534919905230029,0.0,0.6742937853107345,0.9090909090909091,0.8571428571428572,0.0,0.8,0.25,0.33333333333333337,0.0,1.0,0.0,0.0,0.0,0.0,0.9690934572545549,0.37038689172289085,0.16512059369202237,0.0,0.6301050351758033,0.5,0.9576271186440678,0.9240832751611711,0.8181818181818182,1.0,0.9171230251671422,0.0,0.0,0.9310344827586207,0.0,0.0,0.5368307062928648,0.0,0.0,0.0,0.0,0.0,1.0,0.6352281292520336,0.5152053506113492,0.8148148148148148,0.0,0.5,0.7124183006535947,1.0,0.994714986787467,0.9223207716831522,0.5190820120517972,1.0,0.8565630100506829,0.3295774647887324,0.0,0.8152337858220211,0.0,0.0,0.75,0.0,0.0,0.0,0.6662638469284994,0.1320504313205042,0.7586842914233016,0.4739187965735775,0.6192250145042597,0.0,0.0,0.0,0.0,0.160773849232822,0.4949670819957559,0.6564257217353062,0.5764883195177091,0.0,0.0,0.6160925585064423,0.262496166819994,0.0,0.0,0.0,0.0,0.0,0.0,0.6699623352165726,0.5,1.0,0.0,0.9129239230064161,0.16666666666666663,0.9662921348314607,0.8,0.5783672063382708,0.3930940304330863,0.24195906432748548,0.6569515557306027,0.3076923076923076,0.9090909090909091,1.0,0.0,0.0,0.6666666666666667,0.3305223410950283,0.0,0.0,0.0,0.9551134914562611,0.0,0.4151888974556669,0.5521665965502736,0.2331723942061914,0.6000000000000001,0.978021978021978,0.1428571428571428,0.9513742071881607,0.43611953226504985,0.9411764705882353,0.8,0.0,0.28873239436619724,0.4285714285714285,0.904818034477678,0.13001303025915723,0.0,0.6892366656020441,1.0,0.33333333333333337,0.41176470588235303,0.6666666666666667,1.0,1.0,0.0,0.0,0.861344537815126,1.0,0.0,0.5,0.0,0.4232851985559568,0.0,0.14595754829477703,0.75,0.9894189071986124,0.5,0.3928790669122161,0.5633333333333335,0.6523605150214592,0.2129629629629629,1.0,0.48234280792420325,0.4331715924128805,0.37037037037037046,0.0,0.625,0.44013981939994173,0.1986062717770034,0.25,0.34426229508196726,0.18594594594594582,0.0,1.0,0.0,0.0,0.6946148602590321,1.0,0.0014084507042254613,0.2857142857142857,0.698956780923994,0.28569149784654635,0.75,1.0,1.0,0.29427792915531337,0.0,0.33333333333333337,0.0,1.0,0.3153153153153151,0.0,1.0,0.0,0.0,0.5,0.16586345381526102,0.0,0.5505617977528091,0.5785344981280085,1.0,0.3443179548631914,0.0,0.3829787234042553,0.776173285198556,0.0,0.25563313233894003,0.6017988552739166,0.013157894736842035,1.0,0.5,0.5,1.0,0.625,0.7715909090909091,0.0,0.0,0.0,0.0,0.0,0.0,0.8710963455149502,0.0,0.5689342403628118,0.4482758620689654,0.8636957942906951,1.0,0.5,0.7791832975130488,0.33333333333333326,0.9618393317198844,0.8476644025348158,0.0,1.0,1.0,0.0,0.0,0.6463078337248493,0.0,0.0,0.0,0.0,0.0,0.9954145267791636,0.6168046899934487,0.35203030243557787,1.0,0.0,1.0,0.9141977683724509,1.0,0.8861209964412812,0.24538918412003752,0.35647078883325833,0.0,0.91359375,0.0,runif
0.0,0.5195195195195195,0.8361986628462273,0.0,0.7380952380952381,0.9404761904761905,0.0,0.0,0.0,0.6592196467168518,0.6548980606663353,0.0,0.0,0.5675675675675675,1.0,0.9161871403552664,0.33333333333333326,0.6046029768539768,0.0,0.0,0.5809432146294513,0.0,0.33333333333333326,0.7498274331919929,0.0,0.0,0.0,0.0,0.8571428571428572,0.0,0.0,0.0,0.0,0.8571428571428572,0.8095238095238095,0.8259438601800712,0.0,0.12300242130750605,0.8861985472154964,0.7371676757041327,0.0,0.5769230769230769,0.8826247022305638,0.0,0.43211578221915936,0.46323161580790395,0.04766527521599839,0.39622641509433965,0.6666666666666667,0.0,0.33573964025046865,0.0,0.6446776611694154,0.0,0.7111207176051011,0.4900815800772863,0.4212284759701874,0.0,0.8603642671292281,0.8346094946401226,0.8438661710037175,0.891994917407878,0.0,0.6666666666666667,0.4,0.5,0.4361696276332435,0.44444444444444453,0.9242651296829971,0.24966213172357854,0.1428571428571428,0.0,1.0,1.0,0.7611464968152867,0.8333333333333334,0.995982694684796,0.0,0.0,0.5714285714285714,0.6112061591103507,0.9713564856040368,0.6428571428571428,0.9166666666666666,0.7123439667128988,0.4001953760989905,0.5,0.6769678931036667,1.0,0.47719202403714844,0.0,0.4541778975741242,1.0,0.5294117647058824,0.9090909090909091,0.8947368421052632,0.8620689655172413,0.8082689912826899,1.0,0.45265038713519945,0.0,0.0,1.0,0.6000000000000001,0.042424242424242364,0.0,0.0,0.0,0.0,0.6666666666666667,0.5187633023412122,1.0,0.08167539267015678,0.11111111111111105,0.5989863152559554,0.0,0.0,0.0,0.0,0.35619100499722356,0.5,0.0,0.0,0.0,0.18181818181818177,0.0,1.0,0.25,0.9285714285714286,0.0,0.6820964976732795,0.2165732586068857,0.7977228682170543,0.49943953169759625,0.4722222222222222,0.538562487381385,0.6666666666666667,0.6640166340508806,0.5103864578634185,0.5461385262226157,0.6788292682926829,0.22876962395034683,0.64358922829582,0.36363636363636365,0.11111111111111116,1.0,0.1923076923076923,1.0,1.0,0.9547934528448948,0.5,0.791044776119403,0.0,0.0,0.9851745576279293,0.9322269752100191,0.7348730118122393,0.0,0.0,0.7084598184537472,1.0,0.9961852861035423,0.31892447095902743,0.76,0.9910271808715162,0.9968778212458622,0.0,0.206896551724138,0.7435897435897436,0.7,0.5215858756004741,0.5864383338756916,0.6392464481672334,0.0,0.0,0.0,0.0,0.0,0.0,0.8965708745765958,0.8171008179231863,0.0,0.6666666666666667,0.9377399683806369,0.41666666666666663,0.9855305466237942,0.0,0.02305776410486271,0.6666666666666667,0.8706500814452836,0.35873234288662903,0.0,0.5741935483870968,0.6666666666666667,0.0,0.6296296296296295,0.8148148148148149,0.0,0.0,0.0,0.6362799263351748,1.0,0.0,0.0,0.7435897435897436,1.0,0.913485580930155,0.9322033898305084,0.8427225130890053,0.0,0.0,0.8861120429386112,0.0,0.0,0.7948717948717949,0.0,0.0,0.0,0.0,0.0,0.0,0.0,0.0,0.0,0.6666666666666667,0.8955223880597015,0.8238317312268012,0.0,0.0,0.7783251231527093,0.957680250783699,0.0,0.6347150259067357,1.0,0.0,0.3999999999999999,0.9308829404714343,0.0,0.14814814814814825,1.0,0.0,0.0,0.0,0.0,0.20121488230827644,0.7230680838839414,0.2767644726407612,0.0,0.5294117647058822,0.6000000000000001,0.85,0.9081196581196581,0.8527918781725888,0.19318905155951616,0.75,0.5,1.0,0.4703008770955923,0.75,1.0,0.5318066157760815,0.0,0.1408918406072106,1.0,0.7777777777777778,0.9053627760252366,1.0,1.0,0.0,0.0,0.8571428571428571,0.7739130434782608,1.0,0.625,1.0,0.9542184434270765,0.0,0.0,0.5771034482758622,1.0,0.6138996138996138,0.0,0.967741935483871,1.0,0.0,0.905319896883056,0.9375,0.9311203319502075,0.9766918830505009,0.941747572815534,0.9302325581395349,0.0,0.125,0.4545454545454546,0.75,0.11917836078909905,0.0,0.0,0.0,0.0,1.0,0.0,0.5,0.5501022494887526,0.0,0.19736842105263175,0.005331302361005319,0.0,0.0,0.0,0.0,1.0,0.0,0.0,0.0,0.0,0.41839762611275955,1.0,0.0,1.0,0.0,1.0,1.0,0.9571428571428572,0.8203560510699515,0.37037037037037035,0.0,0.6470588235294118,0.5073313782991202,0.9102457309454395,0.2727272727272727,0.0,0.0,0.5258918296892982,0.6363636363636364,0.0,1.0,0.0,0.75,0.394871794871795,1.0,0.0,1.0,0.0,0.0,0.9888888888888889,0.9347968545216252,0.7273199558412884,0.0,0.0,0.8986013461855578,1.0,0.9915254237288136,0.4463056417357958,0.8181818181818182,0.9950280647255574,0.9889857058938711,0.7882472137791285,0.375,0.736842105263158,1.0,0.9553316195372751,0.9920569139383892,0.7126795752654591,0.0,0.0,0.0,0.0,0.0,0.0,0.953985566227142,0.8148148148148148,0.0,0.5,0.9850199733688415,0.5,1.0,0.0,0.9000974848898421,1.0,0.7656870313189237,0.24717620481927727,1.0,0.8798044878915796,0.7238493723849373,0.0,0.75,0.7142857142857143,0.0,0.0,0.0,0.6471298709554383,0.7586312251756798,0.0,0.0,0.6700729927007298,0.6666666666666667,0.8833955223880596,0.7647058823529411,0.9688443103142198,0.0,0.0,0.5447470817120623,0.23181818181818192,0.0,0.7957036387549321,0.25374732334047123,0.0,0.0,0.0,0.5454545454545454,0.0,0.0,0.0,0.0,1.0,1.0,0.5534171249018067,0.0,0.7277409860191317,0.30000000000000004,0.0,0.0,0.47818930041152263,0.609366391184573,0.15384615384615385,0.6,0.33193277310924374,0.0,0.6666666666666667,0.6666666666666667,0.0,0.5913541004450096,0.0,0.43767243541509915,0.0,0.6923076923076923,0.4115092290988057,0.0,0.0,0.75,0.5,0.7,1.0,0.0,1.0,0.6,0.0,0.0750279955207167,0.4285714285714285,0.906289573659772,0.4095196633289797,0.19999999999999996,0.0,1.0,0.33333333333333337,0.8823529411764706,0.6666666666666667,1.0,0.2857142857142857,0.0,1.0,0.46200873362445405,0.7142857142857142,0.0,0.5,0.56,0.563380281690141,1.0,0.906184850590688,0.6,0.7590401051939514,0.5,0.42295887047268266,0.8666666666666667,0.42800199302441466,0.45656779661016955,1.0,0.737417943107221,0.65625,1.0,0.5497512437810945,0.0,0.28284313725490196,0.1986062717770034,0.25,0.0,0.0,1.0,0.0,1.0,0.0,0.7508394895903291,1.0,0.0,0.2857142857142857,0.12394067796610186,0.0,0.0,1.0,1.0,0.06469135802469139,0.0,0.0,0.0,1.0,0.9175,0.7008547008547008,1.0,0.6666666666666666,0.5,1.0,0.6125350420504606,0.6923076923076923,0.7656500802568219,0.33798168165690234,0.7777777777777778,0.0,1.0,1.0,0.3882915173237754,0.7149921915668922,0.6246269966649114,0.6776859504132231,0.5733333333333335,0.0,0.5,0.5,0.41463414634146345,0.75,1.0,0.9168937329700273,1.0,0.5,0.0,0.0,0.9166666666666666,0.8709677419354839,0.0,0.8591675944163741,0.0,0.9632952691680261,0.33333333333333337,1.0,0.7413168227121716,0.33333333333333326,0.9950154949034835,0.9586799504597815,0.33333333333333326,0.1428571428571428,1.0,0.5714285714285714,0.8294075514171698,0.5189576547231272,0.4786486444926267,0.0,0.0,0.0,0.0,0.0,0.0,0.793031439730848,0.7878787878787878,0.0,1.0,0.9111713339355616,1.0,0.935483870967742,0.25952233889232035,0.0,0.0,0.5886739687718481,0.6442121430945749,runif
0.5714285714285714,0.0,0.7835178351783518,0.6836821870995301,0.75,0.0,0.0,0.6186061381074168,0.8391496189330124,0.8165980795610426,0.8391246684350132,0.0,0.0,0.5570692194403535,0.0,0.8918811487627943,0.0,0.4770013174484,0.4639257544643829,0.0,0.8692528735632183,0.0,0.0,0.4833273574757979,0.0,0.0,0.0,0.0,0.8571428571428572,0.0,0.0,0.6279116827052793,0.0,0.8636363636363636,0.7838427947598253,0.9134180011043622,0.360116873630387,0.7205833973023359,0.9689502919811992,0.7188238382777632,0.5073569482288829,0.1794871794871794,0.2591496426766766,0.38636363636363635,0.0,0.9446199900216198,0.8522387088376936,1.0,0.33333333333333337,0.0,0.0,0.0,0.9782608695652174,0.7452598403849738,0.0,0.8036741351188943,0.580983726458219,0.604696449026346,0.8819444444444444,0.9979445015416238,0.6109413202933984,1.0,0.8306332842415316,0.0,0.4,0.0,0.9080358616137726,0.44444444444444453,0.6727645250987854,0.21313506815365546,0.5714285714285714,0.39343176225629384,0.7179487179487178,0.0,0.4585987261146497,0.8333333333333334,0.0,0.19354838709677413,0.0,0.5714285714285714,0.0,0.0,0.6428571428571428,0.9166666666666666,0.7581884545192584,0.0,0.0,0.11296171927468102,0.5714285714285714,0.0,0.0,0.40161725067385456,0.11111111111111116,0.0,0.584055459272097,1.0,0.8620977852068533,0.0,0.0,0.0,0.125,0.0,0.8693710457759584,0.5,0.07101930036188175,0.0,0.0,0.6666666666666667,1.0,0.6666666666666667,0.45830162009350883,0.0,0.07906244533846407,0.7777777777777778,0.0,0.0,0.6209987195902689,0.0,0.0,0.9016749252631148,0.5,0.875,0.33333333333333337,0.75,1.0,0.18856203179243558,0.6000000000000001,0.75,0.9285714285714286,0.0,0.3165411412323921,0.6875812140337851,0.0,0.42312084717607956,0.9166666666666666,0.6155154304006403,0.8333333333333334,0.9625874969828626,0.9393533105405466,0.6794748639129042,0.9970681365075642,0.0,0.048151505993754284,0.9090909090909091,0.7777777777777778,1.0,1.0,0.6245210727969348,0.6035087719298244,0.5641618497109826,0.5,0.0,0.9142857142857143,0.0,0.0,0.0,0.0,0.0,0.16341612490970714,0.4851190034848373,0.9850746268656716,0.0,0.0,0.72,0.9930625544281255,0.9650204698521634,0.5380767092829349,0.206896551724138,1.0,0.9,0.5128782195548887,0.5034031503448908,0.4387782539561347,0.0,0.0,0.0,0.0,0.9966668220595777,0.5101353733342735,0.8738529191352177,1.0,0.9775148535136242,0.0,0.9071564564900885,0.6504854368932039,0.0,0.5899099099099099,0.26361274018976766,0.0,0.7661190770107302,0.30863837299213615,0.0,0.0,0.6666666666666667,0.7916666666666666,0.65,0.7729591836734694,0.0,0.7666666666666666,1.0,0.9432301598943817,0.6530047373183585,0.0,0.0,0.7435897435897436,0.0,0.913485580930155,0.0,0.7401790208565864,0.8845689831781657,0.0,0.8548387096774194,0.0,0.0,0.7919441801458929,0.0,0.4945832731474794,0.0,0.21212121212121204,1.0,0.33333333333333326,0.0,0.5913751507840772,0.0,0.7619047619047619,0.7954545454545454,0.8712307152875175,0.5087719298245614,0.8018994413407821,1.0,0.957680250783699,0.4472984942426924,0.24974093264248698,0.5823981098641464,0.37174721189591076,0.0,0.9987903225806452,1.0,1.0,0.0,0.0,0.5763273539370364,1.0,1.0,0.633217064663268,0.0,0.8823529411764706,0.740656851642129,0.26872088857040477,0.6233766233766234,1.0,0.73666978484565,1.0,0.9388924252068745,0.0,1.0,0.0,0.9485955368047074,0.75,0.21052631578947367,0.0,1.0,0.0,0.7,0.6666666666666667,0.6058201058201058,0.8333333333333334,0.0,0.5,0.0,0.8571428571428571,0.2559652928416486,0.0,0.625,1.0,0.9316297173802673,0.1428571428571428,1.0,0.4414212548015365,0.5,0.0,0.0,0.19354838709677402,0.0,0.6579907695610174,0.5636653024101865,0.9375,0.9336,0.7266086415915449,0.4077669902912622,0.0,0.75,0.0,0.8181818181818182,1.0,0.5564368517388651,0.0,0.0,0.0,0.5,1.0,0.8375963020030817,0.0,0.29132075471698116,1.0,0.0,0.41091797935904395,0.9256329113924051,1.0,0.0,0.9358925869894099,1.0,1.0,0.0,0.44999999999999996,0.8235294117647058,0.7678132678132678,1.0,0.5,1.0,0.0,0.6636651253346313,0.8260869565217391,0.2857142857142857,0.7820186598812553,0.962962962962963,0.0,0.8823529411764706,1.0,1.0,0.5254237288135593,0.9818635672218106,0.10492056487202117,0.0,0.9090909090909091,0.8571428571428572,1.0,0.65,0.875,0.0,0.9318181818181818,0.0,0.0,0.9117647058823529,0.0,0.0,0.0,0.0,0.0,1.0,0.6309155892731655,0.9850746268656716,0.0,0.0,0.6818181818181819,0.9895649289764573,0.9923347499850953,0.0,0.375,1.0,0.6666666666666666,0.0,0.8558853365620602,0.5684981799434454,0.0,0.0,0.0,0.0,0.9762693156732892,0.6372815080685168,0.9173372348207754,1.0,0.9913617886178862,0.0,0.9361158432708688,0.5,0.0,0.869730230298614,0.0,0.0,0.41602295299050973,0.3295774647887324,0.0,0.0,1.0,0.6045176399486288,0.75,0.7142857142857143,0.0,0.2338726623240175,0.8547770700636943,0.43446123521682,0.7527855153203342,0.0,0.0,0.23163841807909602,0.0,0.8833955223880596,0.0,0.160773849232822,0.4883445164275798,0.0,0.9505016722408027,0.0,0.0,0.5511792726850238,0.262496166819994,0.6970541401273885,0.0,0.0,0.5454545454545454,0.0,0.0,0.6628926805932068,0.0,1.0,1.0,0.47217979489417417,1.0,0.9438832772166106,0.808,0.4185673556664291,0.0,0.24195906432748548,0.0,0.7692307692307692,0.09090909090909083,0.957983193277311,0.7666959578207382,0.5555555555555556,0.6666666666666667,0.0,0.0,0.0,0.9745422623526461,0.9545337122190648,0.25,0.48461538461538456,0.1869047619047619,0.7056655918931368,1.0,0.0,0.0,1.0,0.6863925108659311,1.0,0.4,0.0,0.7368421052631579,0.4285714285714285,0.36245954692556626,0.36865920457251733,0.3999999999999999,0.6892366656020441,0.5,0.0,0.0,0.6666666666666667,0.0,0.0,0.0,0.0,0.21858611285924068,0.0,0.0,0.5,0.5265007320644217,0.0,0.0,0.02959537572254345,0.375,0.0,0.5,0.0,0.0,0.1496702181633689,0.2129629629629629,1.0,0.7938144329896908,0.0,1.0,0.3276157804459692,1.0,0.31663268278473644,0.0,0.0,0.34426229508196726,0.0,1.0,1.0,1.0,0.0,0.06952965235173814,0.5,0.009762900976290179,0.7142857142857142,0.27827380952380953,0.0,0.75,0.0,1.0,0.9593867670790748,0.0,0.6666666666666667,1.0,1.0,0.18499999999999994,0.0074906367041198685,0.0,1.0,0.5,1.0,0.0,0.26923076923076916,0.0,0.800979068197164,0.7777777777777778,0.0,0.0,1.0,0.8634114863411486,1.0,0.7145886344359627,0.026125401929260272,0.17333333333333356,1.0,0.5,0.5,1.0,1.0,0.7777777777777778,0.5429155313351499,1.0,0.0,1.0,0.0,0.0,0.0,0.0450387051372273,0.8392741935483871,1.0,0.8665799363978028,0.6666666666666667,0.0,0.0,1.0,0.9903970452446906,0.9450761992842495,0.0,0.0,1.0,1.0,0.0,0.4872441827866555,0.22707822564680447,0.0,0.0,0.0,0.0,1.0,0.6160543973429681,0.94135942952511,0.9848484848484849,0.9594594594594594,0.0,0.892399658411614,0.0,0.0,0.22150295524908536,0.7075335661870734,0.0,0.2644225680110087,0.0,runif
0.5714285714285714,0.0,0.0,0.0,0.7380952380952381,0.95,0.828125,0.7777389684480149,0.0,0.6725272145770371,0.7358490566037736,0.0,0.6914681696736247,0.0,0.0,0.7467151290351959,0.0,0.371423045259326,0.5568497175404199,0.0,0.0,0.446257197696737,0.0,0.0,0.0,0.20650321587598275,0.6411837819978288,0.029322268326417822,0.8571428571428572,0.0,0.0,0.6278834479967624,0.5265921348715934,0.0,0.0,0.0,0.0,0.9070383527003432,0.16161616161616177,0.7833333333333333,0.850004763265695,0.5769230769230769,0.8938185443668993,0.6314507535393515,0.9817744154057771,0.4679338842975207,0.0,1.0,0.6666666666666667,0.28205128205128194,0.7653721262501623,0.0,0.2632297712529873,0.384389544097286,0.0,0.810956470239858,0.7163819616852558,0.9114632757639021,0.35387323943661975,0.0,0.4,0.19636067354698528,0.4067796610169492,0.1428571428571429,0.0,1.0,0.5344109033566119,0.22222222222222232,0.31482471549683044,0.23324371929173993,0.0,0.5700217233888487,0.7,0.5714285714285714,0.5070422535211269,0.8333333333333334,0.34749303621169925,0.19354838709677413,0.2666666666666666,0.2857142857142857,0.08860899348138318,0.0,0.0,1.0,0.9300699300699301,0.7920456572141965,0.5,0.4866597108361903,0.8,0.5138430276860554,0.6666666666666667,0.6379915730337079,0.11111111111111116,0.6521739130434783,0.8753358409457281,0.5,0.9517102615694165,0.19371975594361435,0.0,0.8669972948602345,0.0,0.5768022323292247,0.8711978971085242,0.8333333333333334,0.08892967381329797,0.678011885467315,0.75,0.6666666666666667,0.19999999999999996,0.0,0.8753086419753087,0.7777777777777778,0.0,0.7777777777777778,0.29548989113530333,0.9758522727272727,1.0,1.0,0.0,0.6051689241787327,0.0,0.0,0.33333333333333337,0.75,0.0,0.36543029417138695,0.7,1.0,0.9285714285714286,0.0,0.0,0.8884246188594015,0.9215225563909775,0.3919056138484599,0.9166666666666666,0.8984254270559245,0.0,0.6904683917458239,0.0,0.7769465809714466,1.0,0.9623530578840336,0.5777777777777778,0.0,0.11111111111111116,1.0,1.0,0.23747494989979978,0.5982832618025751,0.3108788230739451,0.5,0.9,0.9142857142857143,0.813919532770928,0.9803921568627451,0.6141540221377386,0.0,0.9915609176720636,0.0,0.0,0.9859154929577465,0.9417226110555634,0.5676904456038242,0.0,0.9770372354458727,0.0,0.0,0.0,0.0,0.8,0.6740116039440729,0.5250308729932556,0.8617492818597454,0.0,0.0,0.0,0.0,0.0,0.5873910629905268,0.6831719457961282,0.0,0.9794737494027923,0.0,1.0,0.0,0.9019893255701116,0.9933907470458642,0.8645005151014667,0.6666666666666667,0.0,0.33157257014680264,0.0,0.0,0.0,0.0,0.6296296296296295,0.8148148148148149,0.8839285714285714,0.5212121212121212,0.0,0.6362799263351748,0.6525514008735485,0.0,0.8089275473140891,0.0,0.0,0.8241454173938956,0.0,0.7148376192200894,0.8464923539550406,0.0,0.0,0.7142857142857143,0.0,0.0,0.4098360655737705,0.4540432422135442,0.6206896551724137,0.21212121212121204,0.0,0.0,0.0,0.595452763622109,0.8655913978494624,0.0,0.0,0.0,0.0,0.8025039123630673,0.8573524019068574,0.6145552560646901,0.8821966341895483,0.6347150259067357,0.8726415094339622,0.7128773875539125,1.0,0.7076101468624834,0.30288713910761156,0.6153846153846154,1.0,0.22194922194922195,0.9339941690962099,0.0,0.0,0.3426453207263349,0.0,0.9067103109656302,0.8713052576510594,0.9128540305010893,0.6000000000000001,0.12959719789842372,0.10631229235880402,0.09999999999999998,0.0,1.0,1.0,1.0,0.8410270417918602,0.0,0.5070422535211268,0.1098039215686274,0.0,0.9690181124880839,0.7,0.0,0.0,0.8888888888888888,0.0,0.0,0.5258064516129033,0.5714285714285714,0.23597589244320838,0.0,0.0,0.0,1.0,0.6666666666666666,0.0,0.5756764509035281,1.0,1.0,1.0,0.6129032258064515,0.0,0.6712955122777307,0.3571428571428571,0.6875,0.956390977443609,0.5605043725849095,0.7142857142857143,1.0,0.0,0.4992632612966602,0.8181818181818182,0.08333333333333337,0.10476190476190483,0.8791208791208791,1.0,0.0,0.5,0.0,1.0,1.0,0.0,1.0,0.0,0.9710586443259711,0.973111555777889,0.375,0.0,0.7391304347826086,0.0,0.0,0.0,0.9,0.0,0.0,1.0,1.0,1.0,0.5,0.0,1.0,0.7571428571428571,0.48805646036916406,0.962962962962963,1.0,0.0,1.0,0.3658682634730538,1.0,0.9737811165120047,1.0,0.2515942028985507,0.0,0.0,0.0,0.44999999999999996,0.25,0.0,1.0,0.0,0.8997772828507795,0.9117647058823529,0.8121459324722411,0.9888888888888889,0.6454498024893791,0.37038689172289085,0.9864592336502449,0.6077896786757546,0.0,1.0,0.9576271186440678,0.7353461888128618,0.0,0.9959415454210045,0.0,0.8320384757676655,0.0,0.0,0.6666666666666666,0.7474336677814939,0.5709108178364327,0.9547788402656743,0.0,0.0,0.0,0.0,0.0,0.41374373657838226,0.673633608527537,0.0,0.9874773161557043,0.0,1.0,0.0,0.9411189358372457,1.0,0.953437876960193,1.0,0.0,0.24887302779864773,1.0,0.0,0.0,0.0,1.0,0.7142857142857143,1.0,0.5825,0.0,0.643495897483175,0.7785359801488834,0.0,0.5163668721794954,0.5,0.0,0.6314926397681335,0.0,0.160773849232822,0.26609832809137557,0.0,0.0,0.0,0.0,0.0,0.0,0.0,0.6207502930832356,0.0,0.5454545454545454,0.0,0.0,0.6596293311845286,0.5013907581875281,0.0,0.0,0.0,0.0,0.3599722029186935,1.0,0.0,0.8039581777445854,0.5753012048192772,0.9438444924406048,0.0,0.9,0.31271878646441076,0.5944533762057878,0.6666666666666667,0.6666666666666667,0.4083688844513026,0.7682198327359617,0.0,0.0,0.14216626365379792,0.0,0.7728706624605679,0.4075537988581466,0.9044006069802731,0.0,1.0,0.0,0.2817319098457888,0.3403543965229019,0.0,0.0,0.0,0.8095238095238095,0.5714285714285714,0.445063140101422,0.35156912637828663,0.0,0.5282657297987863,1.0,0.0,0.0,0.6666666666666667,0.8888888888888888,0.0,0.0,0.0,0.0,0.0,0.0,0.0,0.3819742489270387,0.6512539184952978,1.0,0.0,0.6,0.7704755614266843,0.5,0.4367816091954022,0.7095435684647302,0.1496702181633689,0.4722222222222222,0.0,0.0,0.0,0.0,0.5497512437810945,0.0,0.8622196329740752,0.13636363636363613,0.75,0.0,0.10762331838564998,0.0,1.0,0.0,0.0,0.5337078651685393,0.0,0.0,0.7142857142857142,0.39880952380952384,0.9361939703301962,0.72,1.0,1.0,0.8985431841831426,0.0,0.0,1.0,1.0,0.9022082018927444,1.0,0.0,0.6666666666666666,0.5,0.5,0.05430381061156686,0.7692307692307693,0.9535714285714285,0.6545889440113395,1.0,0.41080368906455866,0.0,1.0,0.0,0.49881396136902745,0.9126276896326886,0.8892016891212549,1.0,1.0,0.5,0.5,1.0,0.625,0.7777777777777778,0.2824267782426777,1.0,0.5,1.0,0.8888888888888888,0.9166666666666666,0.6268082486919052,0.0,0.8394561758750361,0.22413793103448265,0.08094080239408952,0.5,0.5,0.34332983979637677,0.0,0.9537016327443525,0.0,0.8715679190751445,0.0,0.0,0.8571428571428571,0.6911980708100406,0.6863604488078542,0.7756073507936808,0.0,0.0,0.0,0.0,0.0,0.8333333333333333,0.5237413689727868,0.0,0.9594594594594594,0.0,1.0,0.0,0.7419354838709677,0.9760141829179267,0.8282620736479123,0.0,0.0,0.6735019656117223,runif
0.0,0.5195195195195195,0.0,0.8339016766126741,0.0,0.9421296296296297,0.7857142857142857,0.8503937007874016,0.8549031663080233,0.0,0.0,0.0,0.0,0.0,0.0,0.8770546671625139,0.0,0.62092687289321,0.0,0.6572194343065694,0.0,0.717948717948718,0.25,0.7308581484420827,0.0,0.19119295885188925,0.5907731170644153,0.0,0.2857142857142857,0.0,0.7291440953412784,0.8840868352917746,0.5803671294164089,0.8636363636363636,0.0,0.0,0.45081640780565513,0.5871559633027524,0.7050277738213929,0.30273051048674315,0.5304890239513775,0.0,0.8826247022305638,0.38636363636363635,0.0,0.0,0.9896682188591386,0.0,0.33333333333333337,0.28205128205128194,0.7788631528481107,0.0,0.0,0.0,0.0,0.0,0.9168326262014027,0.0,0.8837606837606837,0.8259325044404973,0.8687230989956959,0.0,0.5596465390279823,0.1428571428571429,0.0,0.0,0.1252956383037237,0.0,0.0,0.24169792333729767,0.1428571428571428,0.32387609649122806,1.0,1.0,0.0,0.0,0.0,0.0,0.0,0.8571428571428572,0.005671769226077816,0.3023324475937408,0.6428571428571428,1.0,0.8866958727230805,0.6887177163570457,0.0,0.11719069007758265,0.8,0.957471264367816,0.6666666666666667,0.0,0.7777777777777778,0.7763157894736842,0.0,1.0,0.519435736677116,0.8483831407732525,0.8034398034398035,0.0,0.0,0.9060469765117442,0.8529411764705882,1.0,0.0,0.6492931695072004,0.0,0.0,0.0,0.6666666666666667,0.44285394766271524,1.0,0.31137828890050534,0.7777777777777778,0.5851154833190761,0.9886477462437395,0.2500000000000001,0.875,0.6666666666666667,0.5208289368167813,0.0,0.5,0.0,0.8571428571428572,0.18181818181818177,0.625,1.0,1.0,0.4285714285714285,0.5,0.8573637417858524,0.9260224174492578,0.37986934430195973,0.0,0.41666666666666663,0.4347234814143245,0.6666666666666667,0.6701631701631701,0.4483849731359765,0.0,0.0,0.8222733933431023,0.8221463022508039,0.8888888888888888,0.11111111111111116,0.16666666666666674,0.0,0.0,0.7151898734177214,0.22827804107424965,0.0,0.791044776119403,0.9142857142857143,0.9800689919509391,0.9802073515551367,0.6125915142308584,0.7727659574468085,0.6503979844373592,0.07758130466570978,0.7124507577681208,0.9859154929577465,0.0,0.0,0.76,0.0,0.9006189247775892,0.0,0.0,0.6666666666666667,0.8,0.8137254901960784,0.9155548324113244,0.0,0.0,0.0,0.0,0.0,1.0,0.0,0.5284156602712181,0.0,0.9711082673972208,0.0,0.0,0.0,0.0,0.8346485532580827,0.6513838621994625,0.6666666666666667,0.0,0.0,0.0,0.5741935483870968,0.0,0.7916666666666666,0.0,0.9849056603773585,0.0,0.7666666666666666,0.5,0.0,0.0,0.0,0.0,0.0,0.0,0.8321355786763918,0.0,0.8427225130890053,0.0,0.8933343067825071,0.0,0.7142857142857143,0.0,0.7948717948717949,0.4098360655737705,0.45867900108209037,0.6206896551724137,0.0,0.25,0.0,0.7026615969581749,0.6244211552522545,0.8655913978494624,0.7931034482758621,0.0,0.0,0.5087719298245614,0.40384615384615385,0.7743766971118242,0.0,0.46153846153846145,0.0,0.9759100642398287,0.4868965517241378,0.0,0.0,1.0,0.23076923076923073,1.0,0.07314252674183286,0.93098479936604,0.0,0.2659768715763845,0.0,0.0,0.0,0.9964705882352941,0.0,1.0,1.0,0.9698005698005698,0.0,0.7879061371841155,1.0,1.0,0.0,0.0,0.5,0.33333333333333326,0.3588748787584869,0.0,0.8259013282732448,1.0,0.8571428571428572,0.39117732982763653,0.0,0.6192373363688104,0.07692307692307698,0.0,1.0,0.0,0.3827272727272727,0.625,0.9,1.0,0.6666666666666666,1.0,0.2165242165242165,1.0,1.0,1.0,0.7096774193548387,1.0,0.9065431251429878,0.5377444292860392,0.6875,0.2784905660377358,0.9612903225806452,0.9210174029451138,0.0,0.6296296296296295,1.0,1.0,0.75,0.3566739606126914,0.773523685918235,0.0,0.0,0.0,1.0,0.8017550857598723,0.0,0.19324577861163206,1.0,0.5945027794935145,0.9710586443259711,0.39784026515556514,0.875,1.0,0.0,0.0,0.8,0.0,0.0,0.0,0.9424107142857143,1.0,1.0,0.33333333333333326,1.0,1.0,1.0,0.7857142857142857,0.12174069411976263,0.5555555555555556,0.0,0.6470588235294118,1.0,0.0,0.0,0.7534212666643092,0.9699172724993733,0.9910611303344867,0.9090909090909091,0.0,1.0,0.44999999999999996,0.0,1.0,1.0,1.0,0.8095238095238095,0.9117647058823529,1.0,0.9888888888888889,0.80754586362063,0.82698834362208,0.09542314335060453,0.6942462425990588,0.8912923493342809,1.0,0.0,0.0,0.8181818181818182,0.0,0.9172982270892587,0.8066491688538933,0.0,0.6551724137931034,0.6666666666666666,0.21672644660242113,0.964745629927043,0.0,0.0,0.0,0.0,0.0,1.0,0.0,0.5414016201815908,0.0,0.9784479897329232,0.0,0.0,0.0,0.0,0.9850988079046323,0.966847524244884,1.0,0.0,0.0,0.0,0.8718730933496034,0.0,0.8438803263825929,0.0,0.7142857142857143,1.0,0.18357318357318375,0.824186046511628,0.0,0.0,0.0,0.0,0.0,0.0,0.8780903665814151,0.0,0.9688443103142198,0.0,0.6090154301095653,0.0,0.881578947368421,0.33333333333333326,0.5845527667409633,0.0,0.0,0.605130361648444,0.0,0.0,0.0,0.5445544554455446,0.674245939675174,0.5023326753992463,1.0,0.0,0.0,1.0,0.9733576642335766,0.96,0.2564102564102564,0.3966055403823644,0.0,0.6596326690113326,0.7692307692307692,0.0,0.0,0.91455078125,0.0,0.33333333333333337,0.421934312592837,0.7682198327359617,0.0,0.0,0.0,0.0,0.0,0.4079497907949792,0.0,1.0,0.7806122448979592,1.0,0.0,0.2455608488523171,0.1705426356589148,0.0,0.0,0.12765957446808518,0.0,0.0,0.40427439844567326,0.19999999999999996,0.1121047588629831,1.0,1.0,0.0,0.0,0.6666666666666666,0.2857142857142857,0.0,0.5,0.28931665062560175,0.0,0.0,1.0,0.7009345794392523,0.266759776536313,0.0,0.5678612716763005,0.75,1.0,0.5,0.38551258440761205,0.7894736842105263,0.9265605875152999,0.7584745762711864,0.0,0.9617067833698031,0.6378473753859727,1.0,0.0,0.0,0.4040697674418605,0.7142857142857142,0.25,0.0,0.18594594594594582,1.0,0.0,0.6666666666666667,0.0,0.057103064066852616,0.5,0.0,0.7142857142857142,0.2213114754098361,0.9513786914667972,0.5,1.0,0.0,0.8875739644970414,0.0,0.0,0.0,1.0,1.0,0.6468842729970327,0.5,0.6666666666666666,1.0,0.5,0.6575342465753424,1.0,0.5414225941422595,0.0,0.0,0.3443179548631914,1.0,1.0,0.6936110834246985,0.0,0.11308611707018057,0.8312883435582822,1.0,1.0,0.5,0.0,0.0,0.0,0.6931818181818181,0.10501750291715295,0.0,0.6923076923076923,1.0,0.9968051118210862,0.9166666666666666,0.5966777408637873,0.7863777089783281,0.3453065746303633,0.22413793103448265,0.965621362048894,0.5,0.0,0.0,0.33333333333333326,0.0,0.8626482801289754,0.7905443434911956,0.0,1.0,0.8571428571428571,0.6698570866657925,0.983502781507769,0.0,0.0,0.0,0.0,0.0,1.0,0.0,0.704954470495447,0.0,0.9594594594594594,0.0,0.0,0.5,0.0,0.7878571428571429,0.5048458421287809,0.0,0.0,0.0,runif
0.0,0.7065637065637065,0.0,0.0,0.0,0.95,0.0,0.0,0.0,0.6335988414192614,0.0,0.0,0.0,0.8723102388271459,1.0,0.9161871403552664,0.8888888888888888,0.0,0.6523880426068034,0.0,0.71135818617833,0.0,0.33333333333333326,0.0,0.0,0.0,0.0,0.7202272667352159,0.0,0.77227200843437,0.8106262669369466,0.6278834479967624,0.5265921348715934,0.0,0.0,0.0,0.0,0.0,0.0,0.6857442898398529,0.8756766575840146,0.3846153846153846,0.8075772681954139,0.3484848484848484,0.9819236016371078,0.0,0.359375,0.0,0.33333333333333337,0.28531199051430267,0.0,0.0,0.0,0.4086141880744756,0.0,0.44168562666930455,0.0,0.6741252699784017,0.0,0.04973357015985802,0.0,0.19636067354698528,0.8645066273932254,0.7142857142857143,0.8,0.0,0.0,0.5555555555555556,0.32217604835663016,0.2682926829268293,0.5714285714285714,0.6554438543247345,0.7884615384615384,0.9090909090909091,0.0,0.0,0.995982694684796,0.3548387096774194,0.16455696202531644,0.8571428571428572,0.9303485576923077,0.8974553740979871,0.0,0.0,0.3520734227091442,0.0642005093151049,0.5,0.5247548058061984,1.0,0.48279720279720284,0.6666666666666667,0.7388888888888889,0.5,0.0,0.0,0.2666666666666666,0.5492163009404389,0.0,0.7894736842105263,0.9675090252707581,0.125,0.5835655032086398,0.8529411764705882,1.0,0.6714760537845597,0.0,0.0,0.6666666666666667,0.6,0.0,0.45221630200657525,1.0,0.8640238704177323,0.4444444444444444,0.0,0.5792163543441227,0.19047619047619047,0.375,0.6666666666666667,0.5621464528517308,0.5,0.875,0.0,0.9,1.0,0.7086397058823529,0.7,0.75,0.0,0.5,0.30348322810634387,0.59626101024627,0.0,0.4750503597122302,0.4722222222222222,0.9942750966705167,0.8333333333333334,0.698032786885246,0.8045369594638139,0.0,0.2617956803712739,0.0,0.7673012994862496,0.0,0.7777777777777778,0.6666666666666667,0.1923076923076923,0.09195402298850586,0.0,0.5006495193556768,0.5,0.6666666666666667,0.9142857142857143,0.9764914054600606,0.9803921568627451,0.0,0.7727659574468085,0.9906567907305529,0.26423677868341955,0.7124507577681208,1.0,0.9676277187658068,0.6807166521920937,0.16000000000000003,0.0,0.8805308243413559,0.5264138535729943,0.0,0.0,0.8,0.4090132090132089,0.21666264769713062,0.2789152369361234,0.0,0.0,0.0,0.0,0.9861838970938542,0.0,0.7528396509832553,0.9858912594631797,0.9962801229176775,0.0,0.0,0.0,0.9579741379310345,0.5110299902445165,0.0,0.0,0.9259895344156716,0.6844558352798685,0.0,0.5741935483870968,0.0,0.0,0.0,0.8476890756302521,0.0,0.0,0.0,0.6362799263351748,0.0,0.0,0.0,0.4736842105263158,1.0,0.8321355786763918,0.7142857142857143,0.0,0.8508446641944788,0.0,0.9689174705251876,0.0,0.0,0.0,0.4098360655737705,0.523006856265934,0.0,0.6444444444444444,0.25,0.9166666666666666,0.6912459135488558,0.5989302164330642,0.8655913978494624,0.0,0.0,0.0,0.0,0.6818181818181819,0.0,0.7891156462585034,0.8974358974358975,0.6453367875647668,1.0,0.7792452830188679,1.0,0.0,0.28954378954378956,0.0,1.0,0.16628374497415277,0.5668670172802405,1.0,0.3735294117647058,0.0,0.0,0.2582728006456819,0.0,0.26584570807678387,0.0862068965517242,0.2571428571428571,0.0,0.1725888324873096,0.9416058394160584,0.0,1.0,0.0,0.05695570112135029,0.75,0.0,0.1078431372549018,1.0,0.958173076923077,0.8344827586206897,0.8571428571428572,0.0,0.0,1.0,0.125,0.4267241379310345,1.0,0.9613159797541576,0.9426705370101597,0.0,0.0,0.5935464772054471,0.0,0.0,0.8200575815738964,0.5,0.8,1.0,0.19354838709677402,1.0,0.6552404438964241,0.3571428571428571,0.0625,0.19999999999999996,0.0,0.5528781793842035,1.0,0.16666666666666663,0.4558823529411764,1.0,0.0,0.35575485799701045,0.20394736842105265,0.0,0.0,0.5,0.0,0.7962145110410095,0.0,0.964951528709918,0.6666666666666667,0.5952380952380952,0.0,0.6667448405253282,0.375,1.0,0.9565217391304348,1.0,0.8,0.0,0.9,0.5882352941176471,1.0,0.7,0.5,0.0,1.0,0.6159766454352442,1.0,0.2857142857142857,0.8213199785369343,0.37037037037037035,1.0,0.8823529411764706,0.0,0.30605078336034575,0.0,0.5784783712142574,0.10492056487202117,0.9473023839397742,0.0,0.8571428571428572,1.0,0.0,0.25,0.5074626865671642,1.0,0.0,0.0,0.9117647058823529,1.0,0.9888888888888889,0.0,0.82698834362208,0.9753036437246964,0.6239356669820246,0.8946305627139506,1.0,0.9576271186440678,0.8615149496453622,0.13636363636363646,0.0,0.9172440273037543,0.0,0.0,0.0,0.6666666666666666,0.17547820158327343,0.5473369835739174,0.5485950941935049,0.0,0.0,0.0,0.0,1.0,0.0,0.8936478078425698,1.0,0.996711664935964,0.0,0.0,0.0,0.9846844467916557,0.8746673425421366,0.5820738705245291,0.0,0.9421169857347405,0.580844553243574,0.0,0.8931977113795295,0.0,0.0,0.0,0.7142857142857143,0.0,0.0,0.0,0.7067113712564641,0.0,0.0,0.0,0.266260162601626,0.6666666666666667,0.894316163410302,0.6923076923076923,0.0,0.7402433741582326,0.0,0.709828674481515,0.16000000000000003,0.0,0.0,0.0,0.0,0.0,0.8257839721254355,0.0,1.0,0.8681181181181181,0.9099746407438716,0.501257183908046,0.0,0.0,0.0,0.0,0.6771879483500718,0.5,0.5793325004461897,0.8039581777445856,0.02263374485596703,0.6567328918322295,0.0,0.9,0.75,0.0,0.0,0.33333333333333337,0.38600212089077424,0.0,0.0,0.0,0.09675745784695189,0.0,0.34302325581395354,0.0,0.8005299927728258,0.3125,0.0,0.0,0.29550827423167847,0.7311935807422267,0.7964601769911505,0.8,0.0,0.039473684210526105,0.5714285714285714,0.5370182555780934,0.5083743842364532,0.3999999999999999,0.5282657297987863,0.5,1.0,0.41176470588235303,0.0,1.0,0.4736842105263158,0.0,0.5,0.8100490196078431,1.0,0.0,0.5,0.0,0.2850180505415162,1.0,0.059585492227979375,1.0,0.4560406698564592,0.5,0.7532894736842105,0.26315789473684215,0.1335920177383595,0.0,1.0,0.9485294117647058,0.4880319148936171,0.7058823529411765,0.9054726368159204,0.0,0.8541793776693105,0.7142857142857142,0.25,0.9772727272727273,0.005730659025787954,1.0,1.0,1.0,0.0,0.0557880055788007,0.5,0.7999999999999999,0.4285714285714285,0.22280178837555886,0.0,0.0,1.0,0.0,0.6923857868020304,0.0,1.0,0.0,1.0,0.144144144144144,0.6462395543175488,1.0,1.0,0.0,0.5,0.0,0.26923076923076916,0.0,0.3904976590948499,0.7777777777777778,0.8911290322580645,0.0,1.0,0.9467756403867238,0.693594306049822,0.0,0.32811234134485534,0.6,1.0,0.5,0.0,0.41463414634146345,0.0,1.0,0.3130841121495328,1.0,0.0,1.0,0.9989545216936748,0.9166666666666666,0.0,0.2910216718266255,0.027133902654495,0.2068965517241378,0.3926564083663503,0.33333333333333337,0.5,0.45264267429603977,0.33333333333333326,0.0,0.8504108241082411,0.0,1.0,0.5,0.8571428571428571,0.6732232802676569,0.45860067216620837,0.14965492190337792,0.0,0.0,0.0,0.0,0.9192825112107623,0.0,0.5243301717310256,0.9811320754716981,1.0,0.0,0.0,0.0,0.8861209964412812,0.23307961324830306,0.03604705233969985,0.0,0.8389649272882806,0.9091609419052535,runif
0.5714285714285714,0.7065637065637065,0.0,0.8766501214489386,0.7380952380952381,0.9404761904761905,0.0,0.7777389684480149,0.6689497716894977,0.0,0.8346857378627424,0.0,0.7403538269437611,0.0,1.0,0.7482179629336291,0.0,0.0,0.0,0.0,0.0,0.0,0.0,0.7498274331919929,0.106123492128399,0.0,0.600312061163988,0.7202272667352159,0.8571428571428572,0.768370607028754,0.0,0.8840868352917746,0.5265921348715934,1.0,0.0,0.0,0.0,0.5450815761854784,0.9688704840782522,0.3005514705882354,0.0,0.1794871794871794,0.9239153973868476,0.6458423466297483,0.0,0.852291460600066,0.0,1.0,0.33333333333333337,0.0,0.8004492699363535,0.0,0.9760119940029985,0.4179192188594806,0.0,0.7061046322235975,0.9002965599051008,0.0,0.21685393258426955,0.9112458654906285,0.8503841488071169,0.5441295546558704,0.864406779661017,0.5714285714285714,0.8,0.5,0.4361696276332435,0.22222222222222232,0.32217604835663016,0.26986187077037194,0.0,0.717328963539533,0.0,0.5714285714285714,0.0,0.8333333333333334,1.0,0.0,0.0,0.0,0.0,0.29689440993788796,0.0,1.0,0.41779661016949143,0.93024128016002,0.0,0.8514477549307595,1.0,0.802016241949034,0.6666666666666667,0.9578651685393258,1.0,0.5294117647058824,1.0,0.052631578947368474,0.5455114822546974,0.0,0.529109589041096,0.1655992680695333,0.0,0.4533499016257636,0.5080736012016522,0.20000000000000007,0.9138039117352056,0.6329092451229854,0.75,0.6666666666666667,0.19999999999999996,0.0,0.49964157706093193,1.0,0.07471365638766536,0.0,0.17463933181473035,0.5957307060755337,0.0,0.875,0.6666666666666667,0.5935263326567674,0.5,0.875,0.6666666666666667,1.0,0.5,0.18710031061574994,0.7483870967741936,0.75,0.4285714285714285,0.0,0.4782463111369064,0.0,0.0,0.714681774349084,0.7222222222222222,0.5750283584508182,0.0,0.6696491641158464,0.0,0.0,0.405025071440125,0.3666849599953784,0.0535714285714286,0.0,0.0,0.0,0.8269230769230769,1.0,0.707285342584562,0.4801247077162899,0.0,0.0,0.0,0.8276368491321763,0.9851745576279293,0.6120866349709457,0.9852297670466614,0.0,0.436613475177305,0.3596829604181784,0.9850746268656716,1.0,0.8570601514219934,1.0,0.9452055536721328,0.0,0.0,0.206896551724138,0.0,0.7,0.5233255633255633,0.503681683055111,0.8912434902533912,0.0,0.0,0.0,0.0,0.9912840657991653,0.0,0.5109143972336793,0.0,0.9962325962325962,0.6666666666666667,1.0,0.3384615384615385,0.0,0.0,0.18898179427994932,0.6666666666666667,0.9066278752613874,0.18845736843568428,0.0,0.5741935483870968,0.0,0.7916666666666666,0.6296296296296295,0.0,0.0,1.0,1.0,0.0,0.6530047373183585,0.0,0.8375755238462528,0.0,1.0,0.8375841773158704,0.0,0.0,0.0,0.0,0.0,0.0,0.0,0.42233009708737856,0.8681318681318682,0.0,0.6206896551724137,0.6444444444444444,0.5,0.0,0.0,0.596612702366127,0.8655913978494624,0.7619047619047619,0.0,0.0,0.0,0.8451776649746193,1.0,0.0,0.0,0.3589325426241661,1.0,0.696271186440678,0.0,0.7537826685006878,0.30288713910761156,0.8148148148148148,0.0,0.0,0.9308053448898519,0.0,0.967156862745098,0.2305023591451567,0.0,0.3995157384987894,1.0,0.0,0.6271186440677966,0.971003717472119,0.9525179856115108,0.36496350364963503,0.9416058394160584,0.75,1.0,1.0,0.47205728257073,0.0,1.0,0.23542116630669574,0.0,0.6101190476190477,0.0,0.11111111111111105,0.5323741007194244,1.0,1.0,0.0,0.0,0.0,0.0,0.3228758169934641,0.0,0.0,0.6,1.0,1.0,0.9583333333333334,1.0,0.7364341085271318,1.0,0.967741935483871,1.0,0.0,0.9047619047619048,0.0625,0.2137486573576799,0.657947284345048,0.0,0.0,1.0,0.5641025641025641,0.6363636363636365,0.08333333333333337,0.5446410412853366,0.8791208791208791,1.0,0.0,0.0,0.0,0.0,0.5,0.5016891891891891,0.33333333333333337,0.0,0.5822922324823465,0.0,0.875,1.0,0.9347826086956522,1.0,0.8,1.0,0.9,0.8823529411764706,0.7905156537753223,1.0,0.5,0.33333333333333326,1.0,0.8894267515923567,0.6666666666666667,0.2857142857142857,0.8213199785369343,0.7777777777777778,0.0,0.0,0.47430249632892796,0.21311475409836078,0.0,0.7326666982607459,0.0,0.0,0.0,0.0,0.0,0.8,0.75,1.0,0.5,1.0,0.0,0.0,0.6941674975074776,0.9888888888888889,0.603442219880576,0.9690004788374659,0.0,0.6752297902427529,0.5440384504024552,0.9850746268656716,1.0,0.9228281344406403,0.9545454545454546,0.966307961011888,0.0,0.7908954477238619,0.375,0.0,1.0,0.8059590316573557,0.8480203464393731,0.9500450981752584,0.0,0.0,0.0,0.0,1.0,0.0,0.5827424878213476,0.0,0.9993933201353854,0.5,1.0,0.5,0.0,0.0,0.0,1.0,0.7429084720121029,0.09195820081781025,1.0,0.8798044878915796,0.0,0.6095962551199532,1.0,0.7142857142857143,0.0,0.7404291123264619,0.6779725609756098,0.0,0.7662847790507366,0.0,0.5588634085951778,0.0,0.6666666666666667,0.6354111506165367,0.0,0.0,0.0,0.0,0.0,0.0,0.0,0.6099318252246668,0.0,0.32073170731707323,0.6034297963558414,0.8188075367805214,0.5454545454545454,0.75,0.0,0.9069437883797827,0.85,1.0,0.0,0.0,0.0,0.9683098591549296,0.8,0.07096107475025815,0.0,0.34023464458247066,0.9246928260007927,0.0,1.0,0.8208797032326444,0.3932926829268293,0.5555555555555556,0.6666666666666667,0.0,0.7723649247121347,0.0,1.0,0.03708390110959703,0.0,0.8086124401913876,0.6561232765612327,0.0,0.43028846153846145,0.8571428571428571,1.0,0.195715676728335,0.7311935807422267,0.5294117647058825,0.8,0.0,0.0,0.5714285714285714,0.36245954692556626,0.19781021897810203,0.0,0.577131906739061,1.0,0.0,1.0,0.6666666666666667,1.0,0.0,0.0,1.0,0.0,0.0,0.0,0.0,0.4316976127320955,0.6457312806158153,0.0,0.6967741935483871,1.0,0.9878,0.5,0.6559934318555007,0.0,0.405210643015521,0.45656779661016955,1.0,1.0,0.0,0.0,0.3276157804459692,0.0,0.06416906820365043,0.7142857142857142,0.75,0.7377049180327869,0.10729023383768921,0.0,1.0,0.44444444444444453,0.0,1.0,1.0,0.0,0.0,0.0021186440677966045,0.0,0.0,1.0,0.0,0.5263840830449826,0.0,1.0,0.0,0.0,0.0,0.0,0.0,1.0,1.0,0.0,0.07269076305220878,0.0,0.0,0.3904976590948499,0.5555555555555556,0.0,0.0,1.0,0.0,0.6098998232174424,0.19539869608826466,0.6765254845656856,0.17333333333333356,1.0,0.0,0.5,0.8780487804878049,1.0,0.6931818181818181,0.40538957234915063,0.0,0.0,0.0,0.9169329073482428,0.9166666666666666,0.6268082486919052,0.8476425052779732,0.8430874528781114,1.0,0.6963143667172149,0.5,1.0,1.0,0.0,0.9539066577201223,0.0,0.8767123287671232,0.7,0.5,0.5714285714285714,0.8133498703348743,0.0,0.8048731683290236,0.0,0.0,0.0,0.0,1.0,0.0,0.35203030243557787,0.0,1.0,1.0,0.9789220114423367,1.0,0.0,0.0,0.7915918404936225,0.0,0.6479937467430954,0.8343324123074041,runif
0.0,0.0,0.0,0.8431179775280899,0.0,0.95,0.0,0.6186061381074168,0.0,0.6887730722643879,0.6551724137931034,0.5991851600358036,0.7520409353315062,0.5675675675675675,0.0,0.0,0.0,0.0,0.0,0.0,0.0,0.0,1.0,0.0,0.04064909089732227,0.017011377267274863,0.0,0.0,0.0,0.77227200843437,0.0,0.8854916774878999,0.0,0.0,0.7777777777777778,0.7943052850715198,0.45081640780565513,0.6929782082324455,0.1515151515151517,0.7023433385992628,0.608510011778563,0.0,0.0,0.9625513776830568,0.8837209302325582,0.8509254627313657,0.0,1.0,0.6666666666666667,0.248379015620395,0.0,0.0,1.0,0.8086765723007941,0.7507650459027542,0.47539236008291386,0.42778193838287315,0.6399138163210342,0.3804034582132564,0.9214795587280986,0.9433628318584071,0.7489566613162119,0.8645066273932254,0.0,0.4,1.0,0.23715927010587956,0.33333333333333337,0.904300007637669,0.27443913866114056,0.1428571428571428,0.0,1.0,0.0,0.7192982456140351,0.0,0.0,0.19354838709677413,0.0,0.2857142857142857,0.0,0.590909090909091,0.0,1.0,0.1529845741113346,0.7898366606170599,0.5,0.4270227983907019,1.0,0.7890811455847255,0.33333333333333337,0.9578651685393258,0.75,0.4342105263157895,0.5407279029462738,0.052631578947368474,0.0,0.5920895607205774,0.6458845208845208,0.9510070767555797,0.0,0.494946779916138,0.8693710457759584,0.7333333333333334,0.9095757575757576,0.6329092451229854,0.75,0.0,1.0,0.0,0.3511869956730206,1.0,0.35847526358475246,0.11111111111111105,0.41463414634146356,0.0,0.619047619047619,0.375,0.0,0.8487460815047022,0.0,0.5,0.33333333333333337,0.9,1.0,0.36911898274296095,1.0,0.0,0.9285714285714286,0.0,0.6399535683193072,0.0,0.8038063909774437,0.40371656115989385,0.0,0.48347107438016523,0.6666666666666667,0.0,0.0,0.9813151275601868,0.0,0.9461595586675153,0.8221463022508039,0.0,0.0,0.8333333333333334,1.0,0.0,0.6047098402018503,0.9308617234468938,0.5,0.791044776119403,0.0,0.9875834445927903,0.5,0.6107405361770828,0.7732965400127361,0.9935851746258019,0.5660792951541851,0.36018165132268953,1.0,0.9684684684684685,0.594813127120901,0.16000000000000003,0.9912293413326783,0.9968846767382941,0.5140166684706136,0.206896551724138,0.0,0.7,0.5215858756004741,0.931202640858279,0.0,0.0,0.0,0.0,0.0,0.9825592417061612,0.9618805471637926,0.0,0.8212902300224763,1.0,0.0,1.0,1.0,0.9814432989690721,0.0,0.022858685740194562,0.6666666666666667,0.9345129536807778,0.37229635956015805,0.0,0.0,0.0,0.7916666666666666,0.0,0.875,0.0,1.0,0.0,0.7326787512588117,0.9867109634551495,0.6065624757017338,0.8214611872146118,0.7435897435897436,0.0,0.0,0.0,0.0,0.0,0.0,0.0,0.0,0.0,0.0,0.0,0.0,0.0,0.21212121212121204,0.25,0.9166666666666666,0.0,0.6022509272285459,0.0,0.0,0.8374512353706112,0.8818449844201937,0.5087719298245614,0.801500223914017,0.8871534556813745,0.9730700179533214,0.717948717948718,0.0,1.0,0.9945017182130584,0.3999999999999999,0.5635434412265757,0.07520246818357124,1.0,1.0,0.11652435961828234,0.5755935628202352,0.0,0.967156862745098,0.8566952162105703,0.7475755847119224,0.5318202047174009,0.314151190164792,0.29198767334360565,0.6000000000000001,1.0,1.0,0.8527918781725888,0.9439824945295405,0.0,1.0,0.0,0.4703008770955923,0.2500000000000001,1.0,0.5470737913486006,0.0,0.1408918406072106,1.0,0.11111111111111105,0.9319748276895415,0.0,0.0,1.0,0.0,0.5714285714285714,0.09240622140896626,0.8053822152886115,0.0,0.9,0.0,0.6956521739130435,0.0,0.47116430903155615,1.0,0.641025641025641,1.0,0.967741935483871,1.0,0.8574133035022804,0.0,0.0625,0.5416293643688452,0.8034014982790039,0.4077669902912622,1.0,0.0,0.5651644336175395,0.8181818181818182,1.0,0.5446410412853366,0.8791208791208791,1.0,0.0,0.5,0.0,0.8693957115009746,0.5,0.0,0.0,0.9423631123919308,0.005331302361005319,0.8868559411146162,0.375,0.0,0.6573705179282869,0.0,0.8,0.0,0.9,0.8823529411764706,0.0,0.29999999999999993,0.0,1.0,0.0,0.7819383259911894,0.6666666666666667,0.9571428571428572,0.8210959885386819,0.0,0.026415094339622525,0.6470588235294118,0.0985401459854015,0.29279466888796346,0.8656716417910447,0.6727576010311624,0.9699172724993733,0.9402129402129402,0.0,0.0,1.0,0.8,0.0,0.33333333333333337,1.0,0.0,0.8095238095238095,0.0,1.0,0.5,0.8081435472739821,0.8269697972302311,0.9736614853195165,0.09026632099929299,0.5606076606272723,1.0,0.9915254237288136,0.7839520598250651,0.13636363636363646,0.9954319065345392,0.9889650437106879,0.0,0.375,0.0,1.0,0.9505333080280888,0.964596548163446,0.0,0.0,0.0,0.0,0.0,1.0,0.9549163598606591,0.0,0.8148148148148148,0.9926728743703251,0.0,1.0,1.0,0.5714285714285715,0.0,0.8998930537767861,1.0,0.9380559494649994,0.24667419678714853,1.0,0.0,0.0,0.5874045801526718,0.0,0.7142857142857143,0.0,0.7152255639097744,0.0,0.6149577500315299,0.7706019871420222,0.85,0.7261875155433972,0.4380032206119163,0.0,0.0,0.0,0.0,0.0,0.0,0.0,0.3317073170731707,0.33333333333333326,0.0,0.25374732334047123,0.0,0.0,0.0,0.0,0.75,0.0,0.9187344913151365,0.0,0.0,1.0,0.5866198887007017,0.5,0.3340619307832422,0.32799999999999996,0.35236457437661217,0.5409304002884963,0.0,0.0,0.7692307692307692,1.0,0.8700894593543368,0.6312600969305331,0.5555555555555556,0.6666666666666667,0.30998198881410555,0.0,0.0,0.9743622126799697,0.5949932481562272,0.6923076923076923,0.43303730017761977,0.7854104636324968,0.7471607890017932,0.0,0.978021978021978,0.7,0.9373522458628841,0.7320893035654783,1.0,0.4,0.0,0.07502799552071682,0.5714285714285714,0.9245002968533544,0.21091320327961527,0.19999999999999996,0.0,0.0,0.0,0.0,0.0,0.0,0.0,0.0,0.0,0.22988736926790032,0.2857142857142857,0.0,1.0,0.4449039881831611,0.489344262295082,1.0,0.0,0.6,0.9877877877877878,0.0,0.6559934318555009,0.42000000000000004,0.01832061068702273,0.060381355932203506,0.0,0.0,0.5149999999999999,1.0,1.0,0.0,0.0,0.0,0.0,0.9583333333333334,0.10378378378378372,0.0,0.0,1.0,0.0,0.7505043712172159,1.0,0.5789080029917726,0.2857142857142857,0.16843220338983034,0.16124706671136424,0.24,1.0,1.0,0.9214953271028037,0.0,0.0,1.0,1.0,0.0675,1.0,1.0,0.6666666666666666,0.5,1.0,0.9143286573146292,0.0,0.7788753799392097,0.3109079613029201,0.0,0.8833759590792839,1.0,0.0,0.0,1.0,0.1561741504854367,0.8906993339676499,1.0,1.0,0.0,0.5,1.0,0.0,0.7715909090909091,0.9147465437788018,1.0,0.5,0.0,0.9523809523809523,0.9166666666666666,0.5967741935483871,0.7033509700176367,0.0,0.6724137931034482,0.0,0.5,0.875,0.30899303356554797,0.33333333333333326,0.9962448190968868,0.958516268885001,0.0,0.0,0.5,0.5714285714285714,0.74686320678644,0.8767064233366864,0.0,0.0,0.0,0.0,0.0,0.9192825112107623,0.9853794882820899,0.0,0.7878787878787878,1.0,0.0,0.9724229745150247,0.8571428571428572,1.0,0.3088956095526123,0.0,0.0,0.8821590002658868,0.6442121430945749,runif
0.5714285714285714,0.0,0.8451672010994045,0.834020179053574,0.0,0.0,0.828125,0.7777389684480149,0.8541070082893745,0.7150002095586694,0.6593532229965157,0.0,0.6911360090767267,0.5834044732798362,0.5,0.742192110858686,0.0,0.475516601624976,0.0,0.7211484037236413,0.0,0.0,0.25,0.34608695652173904,0.0064415786403991815,0.0,0.7029024698034974,0.0,0.2857142857142857,0.9285714285714286,0.787037037037037,0.0,0.5803671294164089,0.8571428571428572,0.75,0.0,0.0,0.5711519845111326,0.9689502919811992,0.16666666666666674,0.8713943770538359,0.8461538461538461,0.8826247022305638,0.0,0.0,0.0,0.18008663328315577,0.0,0.33333333333333337,0.28669684833710596,0.28429951690821265,0.0,0.7166268350973029,0.0,0.0,0.4426849136526556,0.4291709198139957,0.9223674096848578,0.0,0.8585034013605441,0.6432144048016006,0.3719939117199391,0.8306332842415316,1.0,0.4,0.0,0.5344109033566119,0.5555555555555556,0.9667399267399267,0.24803940631278765,0.0,0.24116222760290562,0.6826923076923077,0.0,0.4585987261146497,0.8333333333333334,0.9375,0.0,0.0,0.8571428571428572,0.5294474557074671,0.31327762302692674,0.6428571428571428,0.0,0.06971765020741305,0.7934847938454141,0.0,0.4624421502313991,0.5714285714285714,0.850632911392405,0.6666666666666667,0.6379915730337079,1.0,0.5294117647058824,0.6061257388500807,1.0,0.28877061156334816,0.7193080747951537,0.791869918699187,0.5048409405255878,0.125,0.5558037180582015,0.20952735392631183,0.5,0.5204873317977938,0.32633196721311464,0.75,0.0,0.19999999999999996,0.6666666666666667,0.796255262574784,0.7777777777777778,0.014105058365758372,0.33333333333333326,0.8397929971371945,0.9884393063583815,0.16945516945516959,0.0,0.0,0.5575524176294393,0.0,0.0,0.6666666666666667,0.9,0.9090909090909091,0.7332738626226584,0.6826923076923077,1.0,0.0,0.5,0.7091998003659956,0.5806554247534204,0.9191870312121946,0.502749919120026,0.7222222222222222,1.0,0.0,0.0,0.9183705392058278,0.9891568931179464,0.4668617886178862,0.0,0.8216983983076458,0.36363636363636365,0.7777777777777778,0.0,0.3076923076923077,0.9166666666666666,0.0,0.9495213228894691,0.5,0.791044776119403,0.9142857142857143,0.0,0.9803921568627451,0.9350895090167172,0.4010992882813049,1.0,0.20409848758581528,0.0,0.0,0.8288288288288288,0.0,1.0,0.9594598740183246,0.0,0.5179863660199264,0.206896551724138,0.7435897435897436,0.8,0.9139938080495356,0.4974468786031956,0.31351268446057734,0.0,0.0,0.0,0.0,1.0,0.6119833166856018,0.4699518979034747,1.0,0.9712309012248772,0.6666666666666667,0.0,0.655,0.0,0.0,0.6069315170607426,0.0,0.9158078837616037,0.3914020686346903,0.0,0.0,0.8656716417910448,0.7916666666666666,0.0,0.0,0.8839285714285714,0.5212121212121212,0.5,0.9432301598943817,0.652542372881356,0.0,0.8089275473140891,0.7435897435897436,1.0,0.8241454173938956,0.0,0.8177339901477833,0.0,0.8569024580804134,0.0,0.0,0.0,0.42233009708737856,0.0,0.35966551893753074,0.6206896551724137,0.0,0.25,0.7083333333333333,0.6977832011389059,0.0,0.8655913978494624,0.6666666666666667,0.0,0.0,0.0,0.49809673085535144,1.0,0.3915929203539824,0.8974358974358975,0.9184581171237954,0.9740334679746105,0.0,0.0,0.0,0.0,0.14814814814814825,0.0,0.2744170327813452,0.0,0.0,0.8951048951048951,0.0,0.0,0.27200634417129255,0.314151190164792,0.9064824654622742,0.0,1.0,0.7551105548602419,1.0,0.9379444085326438,1.0,0.5,0.0,0.827023426224048,0.75,1.0,0.5108834827144686,0.0,0.7902764537654909,0.6689655172413793,0.0,0.0,1.0,1.0,0.0,0.0,1.0,0.5296610169491527,0.3462555066079296,0.625,1.0,0.43009931245225363,0.6666666666666666,1.0,0.5510533212377784,0.5,0.6825396825396826,1.0,0.6129032258064515,0.5,0.0,0.7857142857142857,0.8125,0.0,0.8317239195820801,0.941747572815534,1.0,0.0,0.8333333333333334,0.2727272727272728,0.9166666666666666,0.953968253968254,0.0,1.0,0.0,0.5,1.0,0.8720121028744328,1.0,0.30604982206405695,0.33333333333333337,0.7894736842105263,0.9710586443259711,0.676212938005391,1.0,0.0,0.9339007605939877,0.0,0.0,1.0,0.9,0.3529411764705882,0.9375,0.6689655172413793,0.5,0.0,1.0,0.5938080495356037,1.0,0.7571428571428571,0.8201296362981635,0.7777777777777778,1.0,0.0,0.7023346303501945,0.29032258064516114,0.9090909090909091,0.6376633986928104,0.09572864321608054,0.9406021155410903,0.6363636363636364,0.8571428571428572,1.0,0.65,0.75,1.0,1.0,0.0,1.0,0.9117647058823529,0.0,0.9888888888888889,0.9347968545216252,0.30843251456064813,1.0,0.7608303249097472,0.0,0.0,0.9576271186440678,0.0,0.6818181818181819,0.9703009766792904,0.0,0.0,0.375,0.736842105263158,0.6666666666666666,0.8744099175869073,0.8229827408172297,0.5698110272960573,0.0,0.0,0.0,0.0,1.0,0.6176769169483032,0.15198548679701673,1.0,0.9650073928043371,0.5,0.0,0.5,0.0,0.0,0.9005028532685462,0.0,0.8564952086287654,0.24887302779864773,1.0,0.0,0.75,0.8375048132460531,0.0,0.0,0.9838709677419355,0.7128416323474355,0.6900234436051055,0.12479089996654402,0.7728285077951003,0.0,0.55204277328994,0.2479674796747967,0.6666666666666667,0.6314926397681335,0.0,0.9684321290775166,0.0,0.6531417391025436,0.0,0.0,0.33333333333333326,0.8029790115098172,0.25374732334047123,0.0,0.8649453823237339,0.7684970830632467,0.0,1.0,0.5441795231416549,0.0,0.5023326753992463,1.0,0.9,0.0,0.0,0.9634060520760028,1.0,1.0,0.8003966822935449,0.9467871485943775,0.644514353126229,0.15384615384615385,0.0,0.0,0.6096570397111913,0.75,0.6666666666666667,0.37549473684210544,0.5467144563918758,0.0,0.46869521662910096,0.0,0.0,0.39619377162629765,0.8026777875329236,0.9044006069802731,0.0,1.0,0.1428571428571428,0.7113543091655266,0.6863925108659311,0.0,0.6,0.0,0.7797089733225546,0.5714285714285714,0.9081708587587438,0.33230904302019326,0.0,0.1121047588629831,1.0,0.33333333333333337,0.0,0.6666666666666667,1.0,0.2857142857142857,0.0,0.5,0.0,0.0,0.0,0.5,0.1608801955990221,0.7572362278244631,0.0,0.046367287331142704,0.375,0.4516250944822374,0.5,0.4367816091954022,0.32333333333333336,0.4211060375443938,0.21504237288135586,1.0,0.0,0.17819148936170215,0.5882352941176471,0.6666666666666667,0.0,0.0,0.045112781954887105,0.25,1.0,0.6507936507936507,0.0,0.0,0.0,0.0,0.5728744939271254,0.0,0.31264023934180996,0.4285714285714285,0.7333333333333334,0.9744306831801838,0.0,0.0,1.0,0.5276100086281277,0.0,0.0,0.0,1.0,0.2570977917981073,0.5944055944055944,1.0,1.0,0.0,0.5,0.3060522696011003,0.6923076923076923,1.0,0.3391268533772652,0.5555555555555556,0.8385650224215246,0.0,0.5714285714285714,0.9465518967070363,1.0,0.0,0.0,1.0,0.0,0.5,0.0,0.29268292682926833,0.4375,0.0,0.9018691588785047,1.0,0.6923076923076923,1.0,0.0,0.9166666666666666,0.8805786395814097,0.0,0.9153163682728577,0.2068965517241378,0.0,0.0,1.0,0.0,1.0,0.9900641613198901,0.0,0.0,0.1428571428571428,1.0,0.8571428571428571,0.8515950708280549,0.5189576547231272,0.22374799296582293,0.0,0.0,0.0,0.0,0.9599133261105092,0.9329288843950118,0.704954470495447,0.9848484848484849,0.9594594594594594,1.0,0.0,1.0,0.0,0.2420283892203251,0.39365584354823613,0.0,0.968939393939394,0.6549748801755501,runif
0.5714285714285714,0.0,0.811068211068211,0.8757371301067842,0.0,0.95,1.0,0.6186061381074168,0.0,0.0,0.8354430379746836,0.0,0.0,0.6024118399415311,0.0,0.8927993789221712,0.0,0.0,0.0,0.6759298231205921,0.0,0.41691248770894784,0.33333333333333326,0.4838593974175035,0.06610015653569401,0.5183117463153193,0.6089292610440419,0.029322268326417822,0.8571428571428572,0.0,0.0,0.0,0.0,0.8636363636363636,0.0,0.9134180011043622,0.42666666666666664,0.8966845458799813,0.19999999999999996,0.11603773584905674,0.10825294748124326,0.47916666666666663,0.0,0.9693302387267905,0.41270107238605913,0.08121158911325721,0.8809591061733044,0.0,0.33333333333333337,0.6940003045530683,0.25946684894053307,0.0,0.7166268350973029,0.7538710256870846,0.6901874310915104,0.0,0.0,0.0,0.386604774535809,0.992133726647001,0.8766999093381687,0.5851670741646291,1.0,0.7142857142857143,0.6000000000000001,1.0,0.06663915824221167,0.33333333333333337,0.388184884674993,0.19691119691119674,0.5714285714285714,0.0,0.0,0.5714285714285714,0.6271186440677966,0.0,0.34749303621169925,0.0,0.16455696202531644,0.0,0.5954968944099379,0.8974553740979871,0.6428571428571428,1.0,0.0,0.02171326591314693,0.0,0.5145443083573487,0.6734693877551021,0.5088967971530248,0.0,0.6304347826086957,0.11111111111111116,0.0,0.9409090909090909,1.0,0.8620977852068533,0.17201946472019491,0.791869918699187,0.8939061814993424,0.0,0.47462313211770135,0.24225865209471764,0.33333333333333337,0.5204873317977938,0.0,0.0,0.0,0.0,0.0,0.8313993174061434,1.0,0.08639636225843139,0.7777777777777778,0.476461655277145,0.3638218293097586,0.5302445302445302,0.0,0.6666666666666667,0.0,0.0,0.875,0.33333333333333337,0.9,0.5454545454545454,0.7158779462817468,0.0,0.75,0.4285714285714285,0.0,0.6740715143736322,0.462889842632332,0.43692564745196316,0.8810844115834874,0.7222222222222222,0.6106094808126411,0.8333333333333334,0.0,0.7914129110840438,0.6619436439321166,0.0,0.6185200271554652,0.8214285714285714,0.4444444444444444,0.11111111111111116,0.0,0.0,0.5,0.21687763713080166,0.562137049941928,0.5,0.0,0.0,0.9229726154253208,0.0,0.983225162256615,0.0,0.9915609176720636,0.24479098414362443,0.6536430143773566,0.9850746268656716,1.0,0.6450582199145902,0.76,0.9483792022777692,1.0,0.3267759562841531,0.0,0.0,0.0,0.6732863953525084,0.5071745369162536,0.8899946402445208,0.0,0.0,0.0,0.0,0.9999416848415578,0.5309872790999779,0.47794584209201674,0.9492341164318836,0.0,0.0,1.0,0.23214285714285698,0.9912982456140351,0.9956996996996997,0.351462724641473,0.0,0.9141762985656594,0.8705469001525777,0.0,0.0,0.8656716417910448,0.7916666666666666,0.0,0.0,0.993127147766323,0.5212121212121212,0.0,0.0,0.6525514008735485,0.0,0.0,0.7435897435897436,0.0,0.8321873657069188,0.0,0.0,0.0,0.8537363875328577,0.0,0.8,0.0,0.7919441801458929,0.4098360655737705,0.5514271921765264,0.6206896551724137,0.21212121212121204,0.0,0.33333333333333326,0.0,0.0,0.0,0.7619047619047619,1.0,0.8209977805654733,0.5087719298245614,0.8502024291497976,0.8705193855157278,0.2727272727272727,0.0,0.0,0.0,0.9818094782192437,0.3999999999999999,0.0,0.9487332339791357,0.0,1.0,0.7915322580645161,0.6335861321776814,1.0,0.657142857142857,0.6484873716347488,0.7475308641975309,0.0,0.0,0.0,0.19999999999999996,1.0,0.9199457259158752,0.5766423357664234,1.0,0.0,0.0,0.0,0.4703008770955923,0.2500000000000001,1.0,0.516003879728419,1.0,0.14632983794089605,0.0,0.0,0.8181818181818181,0.0,0.5170814002530577,0.0,0.5263157894736842,0.0,0.41954022988505735,0.9406500235515779,0.75,0.0,0.045887961859356285,0.0,1.0,0.43835174582694936,0.0,0.6666666666666667,0.0,0.6129032258064515,0.0,0.6552404438964241,0.0,0.9375,0.9215844785772029,0.6008296107211232,0.9333333333333333,1.0,1.0,0.625,0.0,0.0,0.980272523896685,0.0,0.0,0.0,0.5,0.0,0.8616504854368932,0.0,0.0,1.0,0.732,0.0,0.2623811905952975,0.0,1.0,0.0,0.0,1.0,0.0,0.9,0.8235294117647058,0.9277942631058358,0.0,1.0,0.33333333333333326,0.5,0.891525009172068,0.5869565217391305,0.7857142857142857,0.8210959885386819,0.7777777777777778,0.8428745432399513,0.8823529411764706,0.0,0.9355447680690399,1.0,0.0,0.9309355692850838,0.9473023839397742,0.6363636363636364,0.0,0.0,0.44999999999999996,0.25,0.33333333333333326,1.0,0.0,0.0,0.0,0.9470588235294117,0.0,1.0,0.37038689172289085,0.977994227994228,0.6646385981990752,0.5394679955400825,0.9850746268656716,0.9915254237288136,0.848402862628731,0.8181818181818182,0.9686726987335946,1.0,0.0,0.0,0.0,0.0,0.7055352268107102,0.5467034999876674,1.0,0.0,0.0,0.0,0.0,1.0,0.4347371080076503,0.5152053506113492,0.9259259259259259,0.0,0.0,1.0,0.5,0.9948286229705352,1.0,0.0,0.0,0.8457921504654065,0.8987905792488861,1.0,0.0,0.7583892617449665,0.6179865158267626,0.0,0.7142857142857143,0.875,0.6208358570563296,0.0,0.0,0.7603458925262507,0.0,0.0,0.9454545454545454,0.0,0.8879472693032016,0.0,0.0,0.0,0.7662627106839393,0.0,0.0,0.0,0.8007796746874579,0.75,0.0,0.6207502930832356,0.0,0.5454545454545454,0.0,0.0,0.0,0.0,1.0,0.0,0.36877617496510007,0.16666666666666663,0.3599722029186935,0.29999999999999993,0.8632449190492594,0.36482449589245725,0.0,0.510353227771011,0.7692307692307692,0.6,0.0,0.6790752351097179,0.6666666666666667,0.33333333333333337,0.41046099290780125,0.3343133137337253,0.0,0.4531465772341685,0.9558075544067373,0.0,0.0,0.0,0.0,0.25,1.0,1.0,0.5691906005221932,0.5895061728395061,1.0,1.0,0.0,0.6475343573160874,0.5714285714285714,0.08388157894736825,0.29603960396039586,0.3999999999999999,0.0,1.0,0.0,0.41176470588235303,0.0,0.8888888888888888,0.5,0.0,1.0,0.12707838479809985,0.75,0.0,0.0,0.15251989389920406,0.20836065573770501,0.0,0.7708947885939036,0.8,0.48657187993680884,0.5,0.5113378684807257,0.631578947368421,0.12940528634361226,0.02164502164502169,0.5,1.0,0.0,0.5882352941176471,0.5497512437810945,0.0,0.34065244667503136,0.597938144329897,0.25,1.0,0.0,1.0,0.0,0.8333333333333334,0.0,0.44919786096256686,1.0,0.31264023934180996,0.7142857142857142,0.7627478753541076,0.6458492003046458,0.88,1.0,0.0,0.0,0.0,0.6666666666666667,1.0,1.0,0.2532894736842105,0.3846153846153846,1.0,0.6666666666666666,1.0,0.5,0.13570761083999583,0.3846153846153846,0.5375527426160338,0.4339657738095237,0.5555555555555556,0.8967038671165326,0.0,0.5733194009056078,0.36752988047808755,0.7993119266055045,0.6167052875500315,0.2334871646957024,1.0,0.0,0.5,0.5,0.0,0.0,0.3784090909090909,0.46703733121525026,1.0,0.0,0.0,0.8745874587458746,0.0,0.9701446598953524,0.0,0.8056179188638856,0.0,0.805080863151143,0.5,0.875,0.4555472376104207,0.33333333333333326,0.9539066577201223,0.9890117460645517,0.0,0.0,0.5,0.0,0.6798066965826718,0.031030855539972202,1.0,0.0,0.0,0.0,0.0,0.998848147437128,0.6139696533016867,0.3355325737184027,0.9545454545454546,0.0,0.0,1.0,0.5555555555555556,0.9543429844097996,0.9835869889585198,0.6378422000124155,0.0,0.9664827304312282,0.8312196649444183,runif
0.5714285714285714,0.0,0.0,0.0,0.75,0.95,1.0,0.0,0.0,0.6757159939168089,0.0,0.5441173749745601,0.7321129179559178,0.0,1.0,0.0,0.8947368421052632,0.5350427447592196,0.0,0.697574933026635,0.5345033225421707,0.0,0.25,0.75,0.03988075951007708,0.2028341967491708,0.0,0.0,0.8571428571428572,0.768370607028754,0.7542223342576254,0.8850656261085491,0.5265921348715934,0.0,0.7714285714285715,0.0,0.0,0.06917881265552805,1.0,0.9025803054239073,0.42790132994867836,0.3846153846153846,0.2591496426766766,0.3484848484848484,0.875,0.6851851851851852,0.0,1.0,0.6666666666666667,0.23477100933748307,0.39141986403063234,0.0,0.5217391304347827,0.4007970051926095,0.8,0.0,0.6945630285944422,0.9290293722975995,0.28539325842696617,0.8195211786372008,0.06625766871165617,0.7489566613162119,0.4067796610169492,1.0,0.8,1.0,0.16952016219869337,0.33333333333333337,0.5156772334293949,0.2714742126882701,0.5714285714285714,0.6157768446310738,0.0,0.5714285714285714,0.6271186440677966,0.0,0.7354758961681088,0.3548387096774194,0.0,0.8571428571428572,0.13301967493584255,0.9090909090909091,0.0,1.0,0.21277915632754352,0.26663884832046725,0.0,0.4335106382978723,1.0,0.8309037900874636,0.6666666666666667,0.6875,0.5,0.0,0.0,0.8947368421052632,0.2809822361546499,0.9188677757628322,0.32357723577235775,0.7764964305326743,0.125,0.6417769376181475,0.009763424708974844,0.7333333333333334,0.08892967381329797,0.0,0.75,0.0,0.19999999999999996,0.6666666666666667,0.5125208681135225,0.7777777777777778,0.0,0.33333333333333326,0.0,0.0,0.3571428571428572,0.0,0.0,0.26648959716688814,0.5,0.875,0.0,0.0,1.0,0.18710031061574994,0.0,0.0,0.4285714285714285,0.0,0.8517311427104494,0.5974126624537974,0.7979675780304863,0.2459050907406627,0.4722222222222222,0.0,0.6666666666666667,0.0,0.9083320207906757,0.0,0.0,0.9198449505087561,0.7333333333333334,0.0,0.7777777777777778,0.8333333333333334,0.8269230769230769,0.0,0.0,0.3296482412060301,0.5,0.0,0.0,0.9262505196064847,0.9803921568627451,0.0,0.9496214533361635,0.9906585133515656,0.18502202643171806,0.49209222353615456,0.9850746268656716,1.0,0.836474290012091,0.16000000000000003,0.9916097911758793,0.9885763283821536,0.0,0.206896551724138,0.0,0.7,0.5205988997249313,0.0,0.8573410283590488,0.0,0.0,0.0,0.0,0.9835008534041343,0.0,0.5071243964245641,0.0,0.9962325962325962,0.0,1.0,0.0,0.9032113684681661,0.9918886441017425,0.057790670103251784,0.6666666666666667,0.7262941184385807,0.7481030717717281,0.0,0.0,0.0,0.0,0.65,0.0,0.0,0.0,0.0,0.6362799263351748,0.0,0.626212899543379,0.8214611872146118,0.0,1.0,0.0,0.9322033898305084,0.8176596093878221,0.0,0.8243505477308294,0.9556650246305418,0.0,0.0,0.25,0.0,0.5112446508240006,0.0,0.0,0.5,0.9166666666666666,0.6965123393840504,0.6142446043165468,0.8655913978494624,0.0,0.0,0.0,0.0,0.12613458528951482,1.0,0.9290617848970252,0.46153846153846145,0.7174203113417346,0.7142857142857143,0.7033898305084746,0.7333333333333334,0.8775790921595599,0.292962356792144,0.6153846153846154,1.0,0.21808851828094933,0.6335861321776814,1.0,0.7553256238587949,0.47718149165434176,0.7307692307692307,0.0,0.8707983193277311,0.9127906976744186,1.0,0.85,0.4370629370629371,0.8527918781725888,0.27235401459854014,0.75,1.0,0.0,0.0,0.2500000000000001,1.0,0.586427656850192,1.0,0.6651785714285714,0.0,0.11111111111111105,0.8181818181818181,0.0,0.6497257769652651,0.125,0.0,1.0,0.724171164225135,1.0,0.0,0.0,0.6,0.0,1.0,0.7475888674565996,1.0,0.7364341085271318,1.0,0.0,1.0,0.0,0.0,0.9375,0.0,0.9404699738903395,0.20000000000000007,0.31775700934579443,0.0,0.40286454365381685,0.4545454545454546,1.0,0.11917836078909905,0.0,1.0,0.0,0.5,1.0,0.8084730803177405,1.0,0.3396226415094342,0.33333333333333337,0.2052117263843647,0.0,0.5747634069400631,1.0,0.0,0.30434782608695654,1.0,1.0,0.0,0.0,0.5882352941176471,0.7905156537753223,0.0,0.5,0.33333333333333326,1.0,1.0,1.0,0.9571428571428572,0.0,0.37037037037037035,0.0,0.6470588235294118,0.7937184955409073,1.0,0.0,0.0,1.0,0.4872389791183296,0.0,0.8571428571428572,1.0,0.8,0.0,0.47422680412371143,0.75,0.0,0.0,0.0,0.9430994800102293,0.9888888888888889,0.0,0.9526282669130708,1.0,0.6081813701330705,0.6428461256675728,0.9850746268656716,0.9915254237288136,0.8979408654230691,0.13636363636363646,0.994535519125683,1.0,0.7325655790147153,0.375,0.0,1.0,0.9367718446601941,0.0,0.9496776222676522,0.0,0.0,0.0,0.0,1.0,0.0,0.5827424878213476,0.0,0.996711664935964,0.0,1.0,0.0,0.9246987951807228,1.0,0.4978554665371854,1.0,0.7590491348770345,0.6999874497991968,1.0,0.0,0.0,0.0,1.0,0.7142857142857143,0.875,0.0,0.0,0.6497765468622143,0.0,0.838012958963283,0.625080464702817,0.0,0.6666666666666667,0.0,0.6923076923076923,0.9682157890215617,0.0,0.602403058438012,0.5057471264367817,0.0,0.33333333333333326,0.6321820265182518,0.2627737226277371,0.7058599695585996,0.0,0.0,0.5454545454545454,0.75,0.5441795231416549,0.6583036581417936,0.5,0.0,1.0,0.0,0.0,0.0,0.8,0.8632449190492594,0.3829787234042553,0.018167137666532218,0.0,0.0,0.0,0.0,0.4029749830966868,1.0,0.6666666666666667,0.22255332496863245,0.41194743130226996,0.0,0.5895765472312704,0.0,0.0,0.0,0.3350168350168351,0.8412173337743962,0.0,0.8571428571428571,0.0,0.8383045525902668,0.3403543965229019,0.5,0.8,0.0,0.134344528710726,0.5714285714285714,0.4897730456710562,0.12900420350775466,0.3999999999999999,0.5282657297987863,1.0,0.0,0.41176470588235303,0.0,1.0,0.4736842105263158,0.0,0.5,0.05096660808435871,0.5,0.0,0.0,0.14655172413793094,0.3879061371841155,0.0,0.0,1.0,0.9790697674418605,0.5,0.10620012277470836,0.42000000000000004,0.405210643015521,0.060381355932203506,0.5,0.8687089715536105,0.539802166745172,0.0,0.8010291595197255,0.0,0.01743638077285581,0.1986062717770034,0.0,0.8333333333333334,0.01115760111576003,0.0,0.0,0.0,0.0,0.4839357429718877,0.0,0.0,0.4285714285714285,0.12605932203389825,0.11592670894996493,0.0,0.0,1.0,0.1617647058823528,0.0,0.6666666666666667,0.0,1.0,0.061514195583596276,0.0,1.0,0.0,1.0,0.0,0.6360441767068272,0.26923076923076916,0.8216694772344013,0.6096687555953446,0.7777777777777778,0.43685300207039335,1.0,0.0,0.9314079422382672,0.6208677685950413,0.6411131802193255,0.806799674267101,0.0,1.0,0.5,0.5,0.8780487804878049,0.0,0.0,0.32242990654205617,1.0,0.0,0.0,0.8058690744920993,0.9166666666666666,0.0,0.8476425052779732,0.0,0.2068965517241378,0.15587342470793852,0.5,0.875,0.7727789713130292,0.33333333333333326,0.9948175903659378,0.9824297616008019,0.7387816154473756,0.7,0.0,0.5714285714285714,0.5005819924683328,0.530517879161529,0.7737970061368459,0.0,0.0,0.0,0.0,0.9289099526066351,0.0,0.35140656922835134,0.0,1.0,0.0,0.9894610057211684,0.0,0.7419354838709677,0.9760141829179267,0.0,0.0,0.6474425887265136,0.9122741531985863,runif
0.5714285714285714,0.706499193362526,0.7854500616522812,0.6475487862922418,0.0,0.95,0.0,0.8503937007874016,0.0,0.7330645209751758,0.6551724137931034,0.0,0.722317423752938,0.5763957878005166,0.5,0.7482179629336291,0.33333333333333326,0.0,0.7374188971490223,0.0,0.8265954507781563,0.7245949926362297,0.0,0.0,0.0,0.004082074994581242,0.0,0.14924452667283383,0.8571428571428572,0.0,0.0,0.628045491324283,0.8489945636289239,0.0,0.0,0.0,0.0,0.44298681038150634,0.08571428571428563,0.7371676757041327,0.6123583260680034,0.5769230769230769,0.8826247022305638,0.7272727272727273,0.8913043478260869,0.8509254627313657,0.18241597661958098,0.33333333333333326,0.33333333333333337,0.8454170350722074,0.3914198640306321,0.0,0.0,0.2144879518072288,0.73467150206629,0.4900815800772863,0.9049384462997028,0.9144906215520412,0.8602430555555556,0.0,0.3689680772086117,0.7876154263986964,0.8305084745762712,0.7142857142857143,0.4,1.0,0.16952016219869337,0.44444444444444453,0.7853479853479853,0.5908111988513998,0.8571428571428571,0.35959534028203544,1.0,1.0,0.713375796178344,0.8333333333333334,0.9375,0.3548387096774194,0.4,0.0,0.07236563690224285,0.9583333333333334,0.6428571428571428,1.0,0.7603680113234254,0.059982862039417384,0.5,0.037715897074374505,0.6734693877551021,0.0,0.33333333333333337,0.4375,0.7777777777777778,0.6521739130434783,0.584055459272097,1.0,0.9594882729211087,0.6642263832183584,0.7894736842105263,0.9692307692307692,0.0,0.8787985039738195,0.5080736012016522,0.5,0.042308158564674736,0.34625937442838883,0.0,0.6666666666666667,0.19999999999999996,0.6666666666666667,0.0,0.5555555555555556,0.0,0.11111111111111105,0.4898692484279866,0.4438920454545454,1.0,1.0,0.0,0.0,0.5,0.875,0.33333333333333337,0.0,0.0,0.0,1.0,0.0,0.4285714285714285,0.0,0.5342955419167734,0.8884246188594015,0.0,0.8988938238498282,0.9166666666666666,0.9906442347148133,0.8333333333333334,0.7215104517869184,0.9183705392058278,0.9464388779868406,0.9956981846339155,0.5768080585504052,0.0,0.9090909090909091,0.0,0.6666666666666667,1.0,0.6245210727969348,0.6050632911392404,0.9495213228894691,0.5,0.0,0.9142857142857143,0.9981945071351689,0.5,0.6141540221377386,0.7732965400127361,0.9929972299168975,0.0,0.4916017058126948,1.0,1.0,0.0,0.76,0.9484306452098664,0.8778830989051858,0.0,0.206896551724138,0.9487179487179487,0.7,0.008702975856260453,0.21280548216644646,0.4947956132869594,0.0,0.0,0.0,0.0,0.9965588189289023,0.9594331828606553,0.0,0.0,0.9868006062095519,0.0,1.0,0.0,0.8741258741258742,0.6655151766385703,0.09114275903791746,0.0,0.916511437799011,0.0,0.0,0.5741935483870968,0.8656716417910448,0.7916666666666666,0.0,0.8318452380952381,0.0,0.7666666666666666,0.0,0.9510734929810074,0.6525514008735485,0.0,0.8089275473140891,0.7435897435897436,1.0,0.816337474305121,0.7142857142857143,0.0,0.8845689831781657,0.0,0.8861120429386112,0.7142857142857143,0.0,0.0,0.4098360655737705,0.5261237190661605,0.0,0.0,0.0,0.0,0.0,0.6031198056514511,0.8655913978494624,0.0,0.0,0.0,0.0,0.45696400625978095,0.17067307692307698,0.9909297052154195,0.7124786324786325,0.6560415122312824,1.0,0.9898348157560356,0.3999999999999999,0.5385095104458996,0.2898767898767898,0.14814814814814825,0.0,0.9650187915582539,0.634536416684677,1.0,0.3735294117647058,0.3435048887933815,0.7468471810089021,0.5952133194588969,1.0,0.9128540305010893,0.6233766233766234,0.0,0.5305514157973173,1.0,0.9133574007220217,0.0,1.0,0.0,0.0,0.75,1.0,0.8176470588235294,1.0,0.0,1.0,0.8571428571428572,0.8692962103634958,0.8333333333333334,1.0,1.0,1.0,0.0,0.718369259606373,1.0,0.625,0.8571428571428572,0.9316297173802673,0.0,0.0,0.0,0.0,0.0,1.0,0.967741935483871,1.0,0.6712955122777307,0.7857142857142857,0.9375,0.9671814671814671,0.0,0.0,1.0,0.0,1.0,0.6363636363636365,1.0,0.11917836078909905,0.5189255189255191,0.0,0.0,0.0,1.0,0.44140758455756735,0.5,0.2988826815642458,0.0,0.500955500955501,0.005331302361005319,0.9727476103315029,0.375,0.0,0.0,1.0,0.8,0.0,0.0,0.3529411764705882,0.44475138121546953,1.0,0.5,0.33333333333333326,1.0,0.8954440645622963,1.0,0.2857142857142857,1.0,0.962962962962963,1.0,0.8823529411764706,1.0,0.2126179831097863,1.0,0.9737811165120047,0.9439725579875857,0.0,0.9090909090909091,0.0,1.0,0.8,0.875,0.0,0.9772727272727273,0.0,0.0,0.9117647058823529,1.0,0.5,0.6470458065943794,0.854220600769482,0.9858305697919807,0.5280056245605812,0.6295158562207507,1.0,0.9915254237288136,0.0,0.8181818181818182,0.949240723768337,0.9171413951901757,0.6735395189003436,0.375,0.9473684210526316,1.0,0.5550048919120387,0.5461115359001554,0.7400109898736165,0.0,0.0,0.0,0.0,0.9960012644223171,0.9527566195139645,0.0,0.0,0.986561296534018,0.0,1.0,0.0,0.9549902152641878,0.9160574794268767,0.9012872136774704,0.0,0.8564335153260823,0.0,0.0,0.8321521820216338,1.0,0.5888627450980393,0.0,0.7142857142857143,0.0,0.6880534971986265,0.0,0.643495897483175,0.7595665424991533,0.0,0.6253193491999461,0.6369327073552425,0.6666666666666667,0.6314926397681335,0.6923076923076923,0.0,0.9031484131660914,0.0,0.7958078602620087,0.875,0.0,0.0,0.0,0.0,0.0,0.7650004724558254,0.5454545454545454,0.0,0.0,0.9200241740531829,0.5023326753992463,0.0,0.0,0.0,0.0,0.9722838137472284,0.0,0.3537403267411866,0.4867342957471713,0.4444893015744853,0.6596326690113326,0.7692307692307692,0.6363636363636364,1.0,0.0,0.75,0.6666666666666667,0.8015793773259507,0.41194743130226996,0.0,0.0,0.09085402786190189,0.0,0.3653846153846153,0.5506021550813437,0.8194859533771668,0.75,0.2857142857142856,0.1428571428571428,0.9651324965132496,0.6874375208263912,0.7647058823529411,0.4,0.0,0.1187010078387456,0.4285714285714285,0.5153374233128833,0.01877551020408197,0.8,0.6969157769869514,1.0,1.0,0.41176470588235303,0.6666666666666667,1.0,1.0,0.0,1.0,0.0,1.0,0.0,1.0,0.566502463054187,0.2850180505415162,1.0,0.5625717566016073,0.75,0.0,0.0,0.42295887047268266,0.7800829875518672,0.15623409669211186,0.2129629629629629,1.0,0.0,0.4880319148936171,0.7058823529411765,1.0,0.0,0.40600775193798455,0.12337662337662325,0.0,0.7916666666666667,0.10270270270270254,1.0,1.0,0.44444444444444453,0.0,0.0,1.0,0.0,0.2857142857142857,0.794047619047619,0.0,0.72,1.0,1.0,0.0,0.0,1.0,1.0,1.0,0.0,0.0,1.0,0.0,1.0,0.0,0.10637694851204549,0.7692307692307693,0.0,0.8572234762979684,0.7777777777777778,0.9141193595342066,0.0,1.0,1.0,0.49586776859504145,0.7668202764976959,0.0,0.19999999999999996,1.0,0.0,0.0,1.0,0.9375,0.7715909090909091,0.897489539748954,1.0,0.0,1.0,0.9523809523809523,0.9166666666666666,0.5966777408637873,0.7019774011299436,0.0,0.22413793103448265,0.23805866062945957,0.6666666666666667,0.875,0.0,0.33333333333333326,0.9809195938849341,0.8565218799948162,0.33333333333333326,0.7,1.0,0.5714285714285714,0.4547048143742566,0.6923691570115862,0.41074069860052353,0.0,0.0,0.0,0.0,1.0,0.9853794882820899,0.0,0.0,0.9797297297297297,0.0,0.9789220114423367,0.5,0.7419354838709677,0.23327156681078853,0.0,0.0,0.91359375,0.0,runif
0.0,0.7065637065637065,0.0,0.0,0.0,0.0,0.0,0.6186061381074168,0.0,0.6890917827967324,0.0,0.0,0.7223481584173255,0.0,0.0,0.7380095923261392,0.0,0.37118471653640994,0.45496247178951854,0.0,0.7443755207851125,0.0,0.0,0.34550195567144715,0.0,0.0,0.6072489423625071,0.14924452667283383,0.2857142857142857,0.0,0.0,0.0,0.0,1.0,0.0,0.7943052850715198,0.42666666666666664,0.0,0.16161616161616177,0.0,0.8500261942182217,0.8461538461538461,0.8919182083739046,0.47054346171411177,0.8787878787878788,0.6859710434348478,0.0,0.0,0.33333333333333337,0.0,0.7930217693724856,0.0,0.7028985507246377,0.8385460693153001,0.8127737226277372,0.0,0.0,0.0,0.3115916341722793,0.8747553816046967,0.0,0.0,0.4067796610169492,0.7142857142857143,0.4,0.0,0.23715927010587956,0.5555555555555556,0.715327499337046,0.24428281239761473,0.5714285714285714,0.0,0.7,1.0,0.5070422535211269,0.8333333333333334,0.7966573816155988,0.3548387096774194,0.0,0.0,0.9308873720136519,0.2857142857142857,0.6428571428571428,1.0,0.940880632248794,0.34959661928543984,0.5,0.15435288039266337,0.0,0.7839242053789731,0.6666666666666667,0.7178002894356006,1.0,0.17391304347826086,0.8752166377816291,0.0,0.0,0.9205466759323604,0.32357723577235775,0.5538160469667319,0.125,0.8558707852755314,0.2084115659031167,1.0,0.5805186972255729,0.6972499244484739,0.0,0.0,1.0,0.0,0.8241025641025641,1.0,0.14922952149229485,0.4444444444444444,0.41587301587301595,0.9886249581799933,0.19047619047619047,0.875,0.0,0.0,0.0,0.625,0.33333333333333337,0.8571428571428572,1.0,0.03268148941869797,0.7,0.75,0.9285714285714286,0.5,0.0,0.5348982135438305,0.8229954614220878,0.6021715739019857,0.4722222222222222,0.9912990383147611,0.8333333333333334,0.6847258485639687,0.4232975437564347,0.38820988304709725,0.41278203490847165,0.7996511974137563,0.5777777777777778,0.8888888888888888,0.0,1.0,0.0,0.5619412515964239,0.2195121951219512,0.0,0.5,0.0,0.0,0.8241800643086816,0.0,0.6231973596501212,0.9495107077010353,0.9075789973865527,0.0,0.36122472701911423,1.0,0.9988880063542495,0.5676904456038242,0.72,0.990863298949195,0.8786949535537528,0.0,0.0,1.0,0.7,0.4090132090132089,0.0,0.860806798402785,0.0,0.0,0.0,0.0,0.9921005785491767,0.7442169459773157,0.0,0.0,0.9970284664302838,0.6666666666666667,0.0,0.7621951219512195,0.8881197257383966,0.0,0.833352934258497,0.6666666666666667,0.9134580279158593,0.18998833493939238,0.0,0.5741935483870968,0.0,0.0,0.0,0.0,0.0,0.5212121212121212,0.0,0.7326787512588117,0.0,0.0,0.8089275473140891,0.0,0.0,0.816337474305121,0.0,0.7401790208565864,0.8693157366231531,0.0,0.9556650246305418,0.0,0.0,0.25,0.4098360655737705,0.0,0.6206896551724137,0.0,0.0,0.33333333333333326,0.0,0.0,0.0,0.7619047619047619,0.0,0.8830921929781246,0.5087719298245614,0.0,0.9158232535176499,0.14367816091954033,0.8974358974358975,0.9184581171237954,1.0,0.4841351074718525,0.3999999999999999,0.8806570566543748,0.17013735046521938,0.0,1.0,0.0,0.9308652666522336,0.0,0.5771428571428572,1.0,0.7622448979591837,0.0,0.0,0.0,0.0,0.8161120840630472,0.0,0.0,0.2733303847854932,0.0,1.0,0.0,0.4703008770955923,0.75,1.0,0.0,1.0,0.375,0.7,0.8571428571428572,0.0,1.0,0.6264185201997277,0.10227272727272718,0.0,0.0,0.8128082555580849,0.0,1.0,1.0,1.0,0.5238095238095237,0.0,0.4505997474747475,0.0,0.7364341085271318,1.0,0.7096774193548387,1.0,0.2698178237321517,0.3571428571428571,0.0,0.37468671679197996,1.0,0.2799352750809063,0.347408829174664,0.46475770925110127,1.0,0.7142857142857143,0.75,0.9710014947683109,0.8791208791208791,0.0,0.0,0.5,0.0,1.0,0.0,0.8333333333333334,0.6666666666666667,0.9579579579579579,1.0,0.637233025183296,0.875,0.0,0.45763723150357993,0.0,0.8,0.0,0.0,0.8235294117647058,0.24752475247524763,1.0,0.5,1.0,1.0,0.0,1.0,0.9571428571428572,0.7820186598812553,0.37037037037037035,1.0,0.8823529411764706,1.0,0.0,0.7627118644067796,0.732407714542956,0.6790939122227466,0.2515942028985507,0.9090909090909091,0.0,1.0,0.44999999999999996,0.75,0.33333333333333326,0.0,0.0,0.0,0.0,0.6747888239116309,0.0,0.6063394683026586,0.9452190764286051,0.9590316573556797,0.13919487282195075,0.5464546973100628,1.0,0.9915254237288136,0.7551046556323018,0.6818181818181819,1.0,0.9630887346818249,0.5159235668789809,0.0,1.0,1.0,0.0,0.0,0.9518233522917363,0.0,0.0,0.0,0.0,1.0,0.7340596280282644,0.0,0.0,0.996711664935964,0.5,0.0,0.5,0.9458880506659215,0.0,0.5981819879110364,1.0,0.8713120731949877,0.0,1.0,0.8650982085042089,0.0,0.0,0.0,0.0,0.0,0.7364374199060231,0.0,0.6089026116042712,0.0,0.0,0.6097177563415506,0.0,0.0,0.6382162282989345,0.0,0.160773849232822,0.48423071459014055,0.0,0.709828674481515,0.35121951219512193,0.0,0.8029790115098172,0.0,0.3212992387850121,0.6250486949746786,0.7650004724558254,0.0,0.0,0.0,0.0,0.0,1.0,0.0,0.818571106603561,0.5,0.6404929577464789,0.32799999999999996,0.0,0.8039581777445856,0.9467871485943775,0.9252850963429021,0.7692307692307692,1.0,0.7641759406465288,0.4029749830966868,0.75,0.33333333333333337,0.0,0.7748674098928455,0.0,0.4562138440055855,0.6198534310459693,0.6923076923076923,0.0,0.0,0.0,0.6000000000000001,0.978021978021978,0.0,0.0,0.3403543965229019,1.0,0.4,0.0,0.0,0.5714285714285714,0.787947753809618,0.35156912637828663,0.3999999999999999,0.0,1.0,1.0,1.0,0.6666666666666667,0.6666666666666666,0.4736842105263158,0.0,1.0,0.8419864559819413,0.0,0.0,1.0,0.3819742489270387,0.18887147335423227,1.0,0.14884051112162788,0.4,0.9894280762564991,0.5,0.5853858784893268,0.7800829875518672,0.0,0.4722222222222222,0.33333333333333337,0.0,0.9852150537634409,0.37037037037037046,0.8010291595197255,0.0,0.44013981939994173,0.5714285714285714,0.25,0.8333333333333334,0.1495956873315365,1.0,0.0,1.0,0.0,0.42535211267605644,1.0,1.0,0.4285714285714285,0.698956780923994,0.9317611640742599,0.0,1.0,1.0,0.0,0.0,0.33333333333333337,1.0,1.0,0.144144144144144,0.26,0.0,1.0,0.5,0.5,0.27990430622009554,0.26923076923076916,0.8904942965779468,0.8975810602161606,1.0,0.9430732484076433,0.0,1.0,0.695626183122447,0.0,0.15663965087281795,0.9521415644480193,0.6,1.0,0.0,0.5,0.0,0.7368421052631579,0.3784090909090909,0.0,1.0,0.0,0.0,0.4285714285714285,0.0,0.5966777408637873,0.8328173374613004,0.06869202096353788,0.4482758620689654,0.0013525905547913109,0.5,0.875,0.3099962087703777,1.0,0.995034959833383,0.8572956770581623,0.7905443434911956,0.0,1.0,0.5714285714285714,0.6716984605472076,0.0,0.8050622011040889,0.0,0.0,0.0,0.0,0.9509043927648579,0.9360762436076244,0.0,0.0,1.0,1.0,0.0,1.0,0.7722419928825623,0.29113264561842256,0.6221535458685752,0.0,0.9117787822387663,0.8543403384415714,runif
0.0,0.706499193362526,0.0,0.0,0.0,0.9421296296296297,0.0,0.8503937007874016,0.8575247680452902,0.7788634003587275,0.8354430379746836,0.593064746844397,0.0,0.5763957878005166,1.0,0.9005124238615488,0.0,0.6375838926174496,0.0,0.0,0.0,0.7571022727272727,0.0,0.7498274331919929,0.0,0.0,0.0,0.0,0.2857142857142857,0.0,0.0,0.0,0.8489945636289239,0.8636363636363636,0.7704194260485651,0.0,0.42666666666666664,0.6938676967648479,1.0,0.3005514705882354,0.850004763265695,0.5769230769230769,0.2591496426766766,0.3484848484848484,0.6572690217391305,0.8513221353733578,0.9726008536417459,0.0,0.0,0.248379015620395,0.7937197886611459,0.0,0.9782608695652174,0.8273914135074065,0.7658458732330141,0.739862022547535,0.7268176804954611,0.6257652142599929,0.4444444444444443,0.0,0.0,0.0,0.0,0.8571428571428572,0.0,1.0,0.8540211759405272,0.44444444444444453,0.6794265232974911,0.5578937610086214,0.0,0.0,0.7,0.6363636363636364,1.0,0.0,0.0,0.7741935483870968,0.0,0.0,0.18581802648440837,0.28999810210666177,0.6428571428571428,0.0,0.9530822638333684,0.38837274774774777,0.0,0.4416039583548088,0.6734693877551021,0.9645522388059702,0.33333333333333337,0.40161725067385456,1.0,0.0,0.875,1.0,0.4482758620689655,0.0,0.0,0.08971962616822438,0.0,0.5825300231568744,0.6666666666666666,0.0,0.08897823616816702,0.6329092451229856,0.0,0.0,0.0,0.6666666666666667,0.8241025641025641,0.0,0.0,0.0,0.5341850484080246,0.8941569282136894,0.0,0.0,0.0,0.8974676517060255,0.0,0.875,0.33333333333333337,1.0,1.0,0.0,0.7,0.25,0.0,0.5,0.3191924641981968,0.0,0.5594553706505296,0.9445423069914354,0.41666666666666663,0.0,0.6666666666666667,0.0,0.0,0.9878442073927065,0.4668617886178862,0.4423468090516147,0.19552058111380144,0.36363636363636365,0.7777777777777778,0.7916666666666666,0.0,1.0,0.6923076923076923,0.7061574434918161,0.0,0.0,0.0,0.0,0.9803921568627451,0.0,0.8977953942411636,0.9253576900881539,0.04678285938933302,0.7124507577681208,1.0,0.9991148204350025,0.0,0.16000000000000003,0.9911795878923907,0.9649808334363794,0.5238463236917641,0.0,0.0,0.9,0.008702975856260453,0.9528903283194016,0.8633638302349612,0.0,0.0,0.0,0.0,0.9966668220595777,0.0,0.0,1.0,0.9795858409600797,0.0,1.0,0.0,0.9798548363205452,0.0,0.14818031594204517,0.6666666666666667,0.49712135254303924,0.8878966408268734,0.0,0.5741935483870968,0.0,0.0,0.0,0.875,0.0,0.5212121212121212,1.0,0.9510734929810074,0.652542372881356,0.6065624757017338,0.0,0.7435897435897436,1.0,0.8321355786763918,0.0,0.8427225130890053,0.0,0.0,0.0,0.8,0.0,0.7940379403794038,0.4098360655737705,0.0,0.0,0.0,0.25,0.33333333333333326,0.0,0.0,0.8655913978494624,0.7931034482758621,0.8374512353706112,0.0,0.5087719298245614,0.8269230769230769,0.7196606418295832,0.0,0.8974358974358975,0.6560415122312824,0.6295503211991434,0.6952312656866261,0.7333333333333334,0.21019607843137256,1.0,0.0,1.0,0.26828563168545816,0.93098479936604,0.0,0.9583333333333334,0.8096031085206772,0.7440102681118084,0.9238985313751669,0.8588235294117647,0.2917628945342571,0.6000000000000001,0.0,0.0,0.0,0.0,0.75,1.0,0.0,0.9485955368047074,0.75,1.0,0.8,0.0,0.15625,0.7,0.7142857142857143,1.0,0.0,0.0,0.7692307692307693,1.0,0.0,0.6338281601439496,0.3431763766959298,0.75,0.0,1.0,0.5238095238095237,1.0,0.7816399286987523,1.0,0.8941798941798942,1.0,0.19354838709677402,1.0,0.32366735300846494,0.3571428571428571,0.8125,0.7757475083056479,0.08426517571885006,0.0,0.9166666666666666,0.0,0.4871794871794871,0.2727272727272728,0.75,0.11917836078909905,0.8791208791208791,0.0,0.0,0.0,1.0,0.8969896519285042,1.0,0.5208333333333335,0.33333333333333337,0.8842478842478843,0.7965779467680608,0.0,0.0,0.0,0.9328055964653903,0.0,0.8,0.0,0.9,0.0,0.41839762611275955,1.0,0.0,0.0,1.0,0.5347201875183123,0.021739130434782705,0.0,0.9801466642818816,0.5555555555555556,0.04761904761904767,0.6470588235294118,0.0985401459854015,0.2803889789303079,0.9090909090909091,0.5627099466072628,0.5278969957081545,0.6486486486486487,0.6363636363636364,0.8571428571428572,1.0,0.0,0.875,0.0,1.0,1.0,0.0,0.0,0.0,0.9888888888888889,0.0,0.82698834362208,0.8780663780663781,0.3134962805526036,0.8910848338396042,1.0,0.9915254237288136,0.0,0.13636363636363646,0.9974032900125074,1.0,0.0,0.0,0.0,0.6666666666666666,0.5361730289083417,0.9638499774062359,0.9550645946451976,0.0,0.0,0.0,0.0,1.0,0.0,0.0,1.0,0.9893794167817399,0.0,1.0,0.0,0.9881016765819362,0.0,0.0,1.0,0.41670671921561075,0.9315716593584122,1.0,0.7743484224965707,0.0,0.0,0.0,0.7142857142857143,0.0,0.696775571215033,0.6623688155922038,0.7048334384496302,0.7527855153203342,0.4742268041237113,0.0,0.5,0.6666666666666667,0.882201203783319,0.0,0.9682157890215617,0.0,0.0,0.0,0.875,0.0,0.7702335687126561,0.0,0.2362444269603986,0.0,0.0,0.0,0.0,0.0,0.0,0.5023326753992463,1.0,0.75,0.0,1.0,0.3507225942897426,0.96,0.0600171969045572,0.8039581777445854,0.47818930041152263,0.0,0.0,0.29999999999999993,1.0,0.9095315024232633,0.0,0.0,0.30998198881410555,0.774060395394308,0.0,0.9776580889686814,0.6090146750524108,0.6923076923076923,0.5932203389830509,0.3232830820770519,0.7056655918931368,1.0,0.2857142857142857,0.0,0.0,0.0,1.0,0.0,0.0,0.736842105263158,0.4285714285714285,0.4621139459044695,0.3433830989998551,0.0,0.0,1.0,0.33333333333333337,0.8823529411764706,0.0,0.0,1.0,0.0,1.0,0.013568521031207648,0.0,0.0,0.0,0.5490716180371351,0.3879061371841155,0.0,0.0,0.75,1.0,0.0,0.0,0.15789473684210542,0.0,0.0,1.0,0.29639175257731953,0.4331715924128805,0.23529411764705876,0.03606965174129362,0.0,0.8622196329740752,0.0,0.25,0.0,0.10762331838564998,1.0,0.0,1.0,0.0,0.5365853658536586,0.0,0.0,0.0,0.0,0.36105794327475205,0.56,1.0,1.0,0.9593867670790748,0.0,1.0,1.0,0.0,0.8760806916426513,0.0,0.0,0.6666666666666666,0.0,0.5,0.0,0.0,0.6673979815708644,0.8890494719288493,0.0,0.3286036762334731,1.0,0.0,0.0,1.0,0.0,0.0,0.19999999999999996,0.0,0.5,0.0,0.0,0.9375,0.6714285714285714,0.5776215582893967,0.0,0.0,0.0,0.0,0.9166666666666666,0.0,0.7033509700176367,0.0,0.4482758620689654,0.49768021472392643,0.5,0.875,0.0,0.33333333333333326,0.9908974209359318,0.9459823935585419,0.0,0.0,0.5,1.0,0.5254378648874061,0.8882084690553746,0.8061472589647527,0.0,0.0,0.0,0.0,1.0,0.0,0.0,0.9848484848484849,0.9594594594594594,0.0,1.0,0.0,1.0,0.0,0.8105074821080026,0.0,0.25265791119449665,0.827384815055159,runif
0.5714285714285714,0.0,0.0,0.0,0.0,0.0,0.0,0.8503937007874016,0.6699172033118675,0.0,0.6548980606663353,0.0,0.0,0.5576887576149159,1.0,0.0,0.8888888888888888,0.6186629513611765,0.0,0.6577240029138589,0.0,0.4813404417364813,0.0,0.7502052882246674,0.0,0.0,0.5907731170644153,0.7202272667352159,0.2857142857142857,0.0,0.0,0.0,0.0,0.8636363636363636,0.33333333333333326,0.0,0.0,0.0,0.7316271089505291,0.0,0.6333766023040728,0.3846153846153846,0.7984420642648491,0.6458423466297483,1.0,0.8509254627313657,0.9727322554124418,1.0,0.0,0.8445234919223358,0.38832841843861565,0.0,0.6446776611694154,0.49717955255274415,0.0,0.7250222090612971,0.43584504514454536,0.0,0.35387323943661975,0.1489795918367347,0.0,0.1429479034307496,0.0,0.5714285714285714,0.0,0.0,0.0,0.44444444444444453,0.0,0.5189134298045188,0.1428571428571428,0.31656681064511616,0.558974358974359,0.0,0.9473684210526315,0.8333333333333334,0.7354758961681088,0.0,0.29556650246305427,0.8571428571428572,0.801793010916631,0.29689440993788796,0.6428571428571428,1.0,0.15465337443431493,0.3348958733574119,0.0,0.8204129333852747,0.0,0.5010793308148948,0.0,0.08683068017366125,0.11111111111111116,0.9130434782608695,0.0,1.0,0.0,0.7332632132526953,0.0,0.813579511614056,0.0,0.5525206597856029,0.8693710457759584,0.8333333333333334,0.5318923375934979,0.34654306682116653,0.75,0.6666666666666667,0.0,0.6666666666666667,0.44285394766271524,1.0,0.2378444795506407,0.0,0.21488230827638577,0.46098360655737713,0.15158730158730171,0.875,0.6666666666666667,0.3597628240485383,0.0,0.5,0.0,0.8571428571428572,0.9090909090909091,0.11080835603996375,0.558974358974359,0.75,0.9285714285714286,0.0,0.6208821887213847,0.5683046683046683,0.0,0.8934426229508197,0.9166666666666666,0.9942759590279172,0.6666666666666667,0.0,0.9397099110195587,0.0,0.868421052631579,0.3343356419293618,0.0,1.0,0.11111111111111116,1.0,0.8269230769230769,0.0,0.2195121951219512,0.9182464454976303,0.5,0.0,0.0,0.8167192429022082,0.9802073515551367,0.9358609589152455,0.7732965400127361,0.6259029597903215,0.0,0.3606169265681368,1.0,0.0,0.6918259954120797,0.72,0.0,0.8958206466240081,0.0,0.0,0.0,0.9,0.0,0.06919940830537208,0.0,0.0,0.0,0.0,0.0,0.9997927486406749,0.0,0.5071243964245641,0.0,0.9706797706797707,0.0,1.0,0.0,0.0,0.9000506655612363,0.05683132229187804,0.6666666666666667,0.0,0.5688869503334443,0.0,0.0,0.0,0.0,0.0,0.0,0.0,0.7666666666666666,0.5945945945945946,0.0,0.9867109634551495,0.0,0.0,0.7435897435897436,1.0,0.0,1.0,0.8427225130890053,0.0,0.8559414327202323,0.0,0.7142857142857143,0.0,0.7919441801458929,0.4098360655737705,0.0,0.6206896551724137,0.6444444444444444,0.25,0.0,0.0,0.0,0.0,0.7931034482758621,0.7611940298507462,0.0,0.0,0.0,0.022662889518413554,0.14367816091954033,0.717948717948718,0.7174203113417346,0.9602473498233215,0.7600644122383253,1.0,0.383109619686801,1.0,0.6153846153846154,1.0,0.9560522350577599,0.6335861321776814,0.0,0.0,0.7734333154793787,0.0,0.3995157384987894,0.314151190164792,0.0,1.0,0.0,0.0,0.1725888324873096,0.0,0.75,1.0,0.0,0.02021305654192851,0.75,0.11111111111111116,0.7763975155279503,0.0,0.8259013282732448,1.0,0.0,0.9817091454272864,0.8888888888888888,0.6778471138845553,1.0,0.48677884615384603,1.0,0.786920421681127,1.0,0.75,0.0,0.0,0.5238095238095237,1.0,0.9175627240143369,0.0,0.6666666666666667,0.0,0.19354838709677402,0.0,0.8316380589107861,0.5238095238095237,0.8125,0.0,0.7310625317742756,0.06375838926174504,0.31775700934579443,1.0,0.5639781685870224,0.8181818181818182,0.08333333333333337,0.980272523896685,0.5609408410548824,1.0,0.0,0.0,1.0,0.7782656421514819,0.5,0.6177024482109228,0.33333333333333337,0.2052117263843647,0.005331302361005319,0.6221459227467812,0.875,1.0,0.3451647953639986,0.0,0.8,0.0,0.9,0.3529411764705882,0.2765624999999998,1.0,0.5,1.0,0.0,0.4139669926650368,0.5869565217391305,0.2857142857142857,1.0,0.962962962962963,1.0,0.6470588235294118,0.0,1.0,0.0,0.9779631297094924,0.0,0.0,0.6363636363636364,0.0,1.0,0.8,0.0,0.5138888888888888,1.0,0.0,0.0,0.0,0.9100649504574978,0.9888888888888889,0.9708578668852947,0.8269697972302311,0.13053964425685882,0.747555778390574,0.5421708629418576,1.0,0.0,0.8555265607036625,0.6818181818181819,0.0,0.9172982270892587,0.8087408048463869,0.0,0.0,0.6666666666666666,0.8326320409656182,0.5624231695923685,0.0,0.0,0.0,0.0,0.0,1.0,0.0,0.5827424878213476,0.0,0.9784479897329232,0.0,1.0,0.0,0.0,0.9621692987355913,0.8521755855701829,1.0,0.0,0.4245105421686748,1.0,0.0,0.0,0.0,0.0,0.0,0.0,0.27558382380861957,0.6591844369622147,0.0,0.7450071326676178,0.0,0.0,0.4791044776119402,0.6666666666666667,0.0,1.0,0.9674172637325145,0.0,0.5652796459409033,0.0,0.0,0.33333333333333326,0.8007796746874579,0.0,0.35620102471368287,0.5794261721483555,0.8257839721254355,0.0,0.0,0.0,0.0,0.0,1.0,0.75,0.0,0.0,0.66775956284153,0.0,0.0,0.49416854778028585,0.5845410628019323,0.640110978993262,0.0,1.0,0.8700894593543368,0.9039017341040463,0.6666666666666667,0.0,0.7899307740717433,0.41194743130226996,0.0,0.3704856787048567,0.03589494163424145,0.0,0.8522640061396777,0.7911232646192681,0.0,0.0,0.2857142857142857,0.0,0.27485029940119765,0.0,0.803921568627451,0.0,0.0,0.0,0.4285714285714285,0.13602391629297483,0.4344596562773084,0.19999999999999996,0.1121047588629831,0.0,0.33333333333333337,0.6666666666666667,0.6666666666666667,1.0,0.5,0.0,0.5,0.8620969377408234,0.0,0.0,0.0,0.444903988183161,0.36409836065573764,0.0,0.6891056137012368,0.4,0.4697286012526096,0.5,0.0,0.631578947368421,0.701195219123506,0.5454545454545454,0.0,0.8939068100358423,0.8588709677419355,0.0,0.8010291595197255,0.0,0.0,0.0,0.75,0.8688524590163935,0.10270270270270254,0.0,1.0,0.0,0.0,0.03950953678474112,1.0,0.1628318584070796,0.0,0.31845238095238093,0.13809168840849806,0.5499999999999999,1.0,0.0,0.47850467289719634,0.0,0.0,0.0,1.0,0.0,0.34124629080118685,0.0,1.0,0.5,1.0,0.9143286573146292,0.8666666666666667,0.0,0.8152173913043478,0.7777777777777778,1.0,1.0,1.0,0.9767441860465116,0.5889136904761905,0.8969352446861097,0.6784737757892121,0.0,0.0,0.5,0.5,0.8780487804878049,0.0,0.3784090909090909,0.8942857142857142,1.0,0.0,0.0,0.4285714285714285,0.9166666666666666,0.8710963455149502,0.7083333333333334,0.578847299866625,0.22413793103448265,0.6755142040758495,0.0,0.0,0.45328605343029726,1.0,0.0,0.7516940219846409,0.7905443434911956,0.0,0.5,1.0,0.47290784760664273,0.6642728904847397,0.0,0.0,0.0,0.0,0.0,1.0,0.0,0.35140656922835134,0.0,0.9594594594594594,0.0,1.0,0.0,0.0,0.7434362934362935,0.0,0.0,0.0,0.5842592368457151,runif
0.5714285714285714,0.0,0.8361986628462273,0.0,0.0,0.95,0.828125,0.7228106676754302,0.8550635820438179,0.6632011468951426,0.0,0.0,0.0,0.8723102388271459,0.5,0.9161871403552664,0.0,0.0,0.0,0.6602667630416859,0.5532669255444875,0.0,0.0,0.4838593974175035,0.0064415786403991815,0.0,0.0,0.0,0.8571428571428572,0.0,0.0,0.8842042361065002,0.0,0.0,0.0,0.8259438601800712,0.42666666666666664,0.0,0.0,0.8115808823529412,0.850004763265695,0.3846153846153846,0.9239153973868476,0.7272727272727273,0.9805593451568895,0.6887165951831079,0.5043677204658902,0.41176470588235303,0.6666666666666667,0.8427057864710676,0.39550074465027574,0.0,0.6446776611694154,0.4086141880744756,0.0,0.0,0.5378807160430983,0.4172076516922011,0.39152981849611057,0.10505529225908372,0.9348591549295775,0.4149681528662421,0.864406779661017,0.33333333333333337,0.6000000000000001,0.0,0.8540211759405272,0.33333333333333337,0.0,0.21960504401617886,0.0,0.3546245758961498,0.7,1.0,1.0,0.8333333333333334,0.995982694684796,0.7741935483870968,0.16455696202531644,0.0,0.07236563690224285,0.8933078393881453,0.0,0.0,0.392035037685883,0.0,0.0,0.05777877697841738,0.8,1.0,0.6666666666666667,0.40161725067385456,0.33333333333333337,0.0,0.9090909090909091,0.5,0.0,0.3144360023378142,0.3157894736842105,0.1517792302106028,0.125,0.572610335893823,0.8333333333333333,0.8333333333333334,0.9095757575757576,0.0,0.75,0.6666666666666667,0.19999999999999996,0.0,0.0,1.0,0.2233589087809037,0.11111111111111105,0.0,0.9086882453151618,1.0,0.375,0.0,0.33888629404743364,0.0,0.625,0.33333333333333337,0.0,0.0,0.20772058823529416,0.7884615384615384,0.75,0.8571428571428571,0.0,0.7776898734177216,0.5771751412429378,0.9190891472868217,0.5389551789832547,0.41666666666666663,0.0,0.0,0.685546875,0.9115904602764697,0.5497395187298437,0.36811594202898557,0.0,0.19642857142857162,0.8888888888888888,0.7777777777777778,0.6666666666666667,0.3076923076923077,0.5827232796486091,0.0,0.22890173410404613,0.5,0.6666666666666667,0.9142857142857143,0.9718406593406593,0.9803921568627451,0.6201053166882659,0.9772340425531915,0.9906567907305529,0.1964093827807627,0.7113135124111409,0.33333333333333326,0.0,0.2166665079924217,0.72,0.9975956284153006,0.0,0.0,0.0,0.07692307692307698,0.9,0.029411764705882137,0.5842018650575973,0.8617492818597454,0.0,0.0,0.0,0.0,0.9865304226660474,0.586891394229683,0.872623693598721,0.9576737783895389,0.9970274423079685,0.6666666666666667,0.0,0.0,0.9463894967177243,0.17692589386776758,0.0,0.6666666666666667,0.0,0.5765544287867479,0.0,0.0,0.8888888888888888,0.0,0.0,1.0,0.9433962264150944,1.0,0.5945945945945946,0.6362799263351748,0.0,0.0,0.0,0.4736842105263158,1.0,0.8480260636259103,0.0,0.0,0.0,0.8248450224869333,0.8861120429386112,0.0,0.0,0.7919441801458929,0.0,0.46322016044080694,0.0,0.21212121212121204,0.5,0.0,0.0,0.588265099310904,0.0,0.0,0.0,0.872899385185908,0.5087719298245614,0.0,0.0,0.9174147217235189,0.8974358974358975,0.6453367875647668,1.0,0.9230769230769231,1.0,1.0,0.4205949656750573,0.14814814814814825,1.0,0.9522249522249522,0.6245554931686318,0.0,0.0,0.2305023591451567,0.4,0.0,0.6571428571428571,0.6833156216790648,0.6233766233766234,0.12959719789842372,0.9462025316455697,0.5583756345177664,0.9422643211547136,0.5,0.0,0.0,0.9485955368047074,0.2500000000000001,0.0,0.5856622114216281,0.0,0.6875,0.7,0.8571428571428572,1.0,0.8333333333333334,1.0,0.625,0.4267241379310345,0.0,0.3552812071330591,0.944300518134715,0.0,0.0,0.7023759899958315,0.1428571428571428,1.0,0.44209852847088926,1.0,1.0,1.0,0.19354838709677402,1.0,0.6669526424159232,0.7142857142857142,0.0,0.5903049257232214,0.027225130890052185,0.2799352750809063,0.5,0.16666666666666663,0.40282012195121963,0.0,0.08333333333333337,0.5446410412853366,0.0,1.0,0.0,0.5,0.0,0.0,0.0,0.688115064345193,0.0,0.0,0.5087585681645088,0.9670064377682404,0.375,0.0,0.30434782608695654,0.0,0.8,0.0,0.0,0.0,0.8281733746130031,0.8344827586206897,1.0,1.0,0.5,0.807098121085595,1.0,0.7571428571428571,0.8305343511450382,0.5555555555555556,0.0,0.0,0.9618768328445748,1.0,0.2727272727272727,0.6073576583801124,0.09798994974874387,0.6476810414971522,0.9090909090909091,0.8571428571428572,1.0,0.65,0.25,0.5384615384615385,0.5,0.0,0.0,0.9117647058823529,1.0,0.9888888888888889,0.764373232799246,0.945054945054945,0.979706390328152,0.7464923469387755,0.8910848338396042,0.5,0.0,0.2796157950907151,0.6818181818181819,0.994535519125683,0.0,0.9124649859943977,0.0,0.10526315789473684,0.6666666666666666,0.0,0.8163405861796291,0.9546792138102507,0.0,0.0,0.0,0.0,1.0,0.40930197153079095,0.8387421890747834,0.9259259259259259,0.99501573976915,0.5,0.7124183006535947,0.0,0.9945141065830722,0.7683489560701058,0.5820738705245291,1.0,0.0,0.44308445532435736,0.0,0.0,0.7583892617449665,0.0,0.0,0.7142857142857143,0.875,0.21325679627423366,0.648619957537155,0.16406995230524646,0.0,0.0,0.0,0.4881481481481481,0.6666666666666667,0.894316163410302,0.0,0.0,0.0,0.8172537008677897,0.5804729214340199,0.23181818181818192,0.33333333333333326,0.5754942428850749,0.262496166819994,0.0,0.0,0.0,0.5454545454545454,0.0,0.0,0.9082608695652173,0.0,0.0,0.0,0.5534171249018067,0.5,0.0,0.4625,0.8632449190492594,0.7992586812329302,0.0,0.8953168044077136,0.7692307692307692,0.9,0.5798319327731092,0.0,0.6666666666666667,0.6666666666666667,0.8015793773259507,0.41194743130226996,0.0,0.9333333333333333,0.03951462352209101,0.0,0.0,0.2148972602739726,0.2331723942061913,0.0,1.0,0.8571428571428572,0.5854072398190046,0.7311935807422267,0.0,1.0,0.0,0.8158179848320694,0.5714285714285714,0.0,0.37508432651225543,0.0,0.6892366656020441,1.0,1.0,0.8823529411764706,0.6666666666666667,1.0,1.0,0.0,1.0,0.013568521031207648,0.75,0.0,0.0,0.0,0.0,0.0,0.0,0.6,1.0,0.5,0.0,0.8666666666666667,0.1496702181633689,0.5454545454545454,0.33333333333333337,0.0,0.8370230805463966,0.0,0.0,0.0,0.8622196329740752,0.3766233766233765,0.75,0.813953488372093,0.0,0.0,1.0,0.0,0.0,1.0,1.0,0.12041884816753934,0.2857142857142857,0.39880952380952384,0.37653181131441993,0.72,1.0,1.0,0.27716049382716046,0.0,0.33333333333333337,1.0,1.0,0.9022082018927444,0.0,0.5,0.6666666666666666,0.0,0.5,0.92010412494994,0.26923076923076916,0.9353233830845771,0.36389684813753576,0.0,0.0,0.0,1.0,0.8754480286738351,0.7415019762845849,0.0,0.06613080014614514,0.19999999999999996,1.0,0.5,0.0,0.29268292682926833,0.625,0.0,0.2343096234309623,1.0,1.0,1.0,1.0,0.9166666666666666,1.0,0.9339689265536724,0.027041849476881707,0.2068965517241378,0.4691533115870089,1.0,0.0,0.08036732108929723,1.0,0.9950154949034835,0.0,0.8768974145120935,0.0,0.0,1.0,0.1036932817446361,0.5189576547231272,0.7756073507936808,0.0,0.0,0.0,0.0,0.9289099526066351,0.6131766704416761,0.7934205188633685,0.9433962264150944,1.0,1.0,0.8916595012897679,0.0,0.8861209964412812,0.0,0.019876427173695532,0.0,0.0,0.5925012640504066,runif
0.0,0.0,0.811068211068211,0.0,0.0,0.0,1.0,0.6186061381074168,0.6689497716894977,0.0,0.0,0.0,0.0,0.0,0.0,0.0,0.8947368421052632,0.0,0.0,0.0,0.6094710947109472,0.41691248770894784,1.0,0.34550195567144715,0.0,0.0,0.6578983272846345,0.0,0.0,0.768370607028754,0.0,0.0,0.0,0.0,0.7838427947598253,0.9134180011043622,0.0,0.8968219729651998,0.0,0.16666666666666663,0.7695776957769578,0.47916666666666663,0.5338541666666667,0.675317604355717,0.43211578221915936,1.0,0.8809591061733044,0.0,0.33333333333333337,0.8589157910765951,0.0,0.0,0.9419597132127006,0.7479376978887138,0.823547034152187,0.477879774948179,0.6067362428842504,0.4848484848484851,0.35387323943661975,0.9210697977821265,0.879094217549535,0.8911303234069805,0.0,0.33333333333333337,0.0,0.0,0.879746835443038,0.22222222222222232,0.3886307734353648,0.44014869888475827,0.8571428571428571,0.7913207547169812,1.0,0.0,0.5070422535211269,0.8333333333333334,0.995982694684796,0.3548387096774194,0.0,0.8571428571428572,0.0,0.3199762540813297,0.0,0.0,0.5562363238512034,0.0,0.5,0.5714395896803055,0.7000000000000001,0.5088967971530248,0.6666666666666667,0.7173913043478262,0.7777777777777778,0.5294117647058824,0.6185831622176592,0.8947368421052632,0.4918512327622231,0.13736132933390466,0.5789473684210527,0.5032545392257624,0.125,0.0,0.0,0.20000000000000007,0.0,0.684006689551976,0.75,0.6666666666666667,0.0,0.0,0.0,0.0,0.1817330210772834,0.33333333333333326,0.4369335347432026,0.9888341543513958,0.5302445302445302,0.375,0.0,0.5440344124971701,0.5,0.875,0.33333333333333337,0.75,0.2727272727272726,0.3389830508474575,1.0,0.75,0.0,0.0,0.42555699248612633,0.6875812140337851,0.9049064238745574,0.3255622761172119,0.9166666666666666,1.0,0.0,0.3716981132075472,0.2399512789281365,0.0,0.5937258170129174,0.3666849599953784,0.7678571428571429,0.9090909090909091,0.7777777777777778,0.875,0.3076923076923077,0.9004329004329005,0.22079037800687273,0.9329479768786128,0.0,0.791044776119403,0.9142857142857143,0.9356788825473115,0.9851745576279293,0.9066877971473851,1.0,0.0,0.9733377221856484,0.5609475791502929,0.0,0.9601333719918818,0.6031265222975069,0.76,0.0,1.0,0.0,0.206896551724138,0.6666666666666667,0.7,0.9765768040911673,0.352508252611072,0.9779692844208974,0.0,0.0,0.0,0.0,0.0,0.6102167717656354,0.5044307489741977,0.9980037004576882,1.0,0.6666666666666667,0.0,1.0,0.9515079834417505,0.17692589386776758,0.6209762090231443,0.0,0.7054148811842618,0.8418812244710634,0.0,0.0,0.6666666666666667,0.0,0.0,0.0,0.993127147766323,0.7666666666666666,0.5,0.0,0.0,0.0,0.0,0.0,0.0,0.0,0.7142857142857143,0.0,0.0,0.0,0.8548387096774194,0.8,0.0,0.7919441801458929,0.0,0.0,0.6206896551724137,0.0,0.0,0.7083333333333333,0.0,0.0,0.0,0.0,0.5909090909090908,0.872690116961607,0.0,0.8502024291497976,0.0,0.2634560906515582,0.8608981380065718,0.0,0.9442379182156134,0.7073170731707317,0.3999999999999999,0.9493670886075949,0.9506561679790027,0.0,1.0,0.9684542586750788,0.5755935628202352,0.0,1.0,0.6495975575908965,0.7472690242547677,0.25343018563357556,0.7382857142857143,0.7987738910926794,1.0,1.0,0.9314802844214609,0.8,0.0,0.5,1.0,0.0,0.827023426224048,0.0,0.704225352112676,0.5470737913486006,1.0,0.6995708154506438,1.0,0.11111111111111105,0.0,0.8333333333333334,1.0,0.23113207547169812,0.5625,1.0,0.75,0.3462555066079296,0.0,1.0,0.5833333333333333,0.1428571428571428,0.0,0.40833248029481006,1.0,0.7674418604651163,1.0,0.7096774193548387,1.0,0.0,0.5636653024101865,0.9375,0.2724528301886795,0.22542311847317253,0.0,0.33333333333333337,0.0,0.0,0.4545454545454546,0.08333333333333337,0.47777777777777786,0.8791208791208791,1.0,0.0,0.5,0.0,0.645466847090663,0.0,0.2610722610722611,0.33333333333333337,0.7236842105263157,0.9710586443259711,0.26729640030635693,0.375,0.0,0.9347826086956522,1.0,1.0,0.0,0.44999999999999996,0.5882352941176471,0.2794263105835805,0.29999999999999993,0.5,0.0,0.5,0.6415638939910786,0.8260869565217391,0.7571428571428571,0.0,0.962962962962963,1.0,0.0,0.5674499564838991,0.0,0.0,0.4809222391173662,0.0,0.5258918296892982,0.9090909090909091,0.8571428571428572,1.0,0.65,0.75,0.22666666666666668,1.0,1.0,1.0,0.9117647058823529,0.9289437162683115,0.9888888888888889,0.9486636053220299,0.9871226037973061,0.0,0.7697233020809513,0.5295653555940696,0.0,0.9576271186440678,0.7853337556873812,0.8181818181818182,0.0,1.0,0.7400630914826498,0.375,0.6551724137931034,1.0,0.9954647842001528,0.8530947808214563,1.0,0.0,0.0,0.0,0.0,0.0,0.5647690243434924,0.5152053506113492,1.0,1.0,0.5,0.0,1.0,0.9363360762234734,0.6426737618447462,0.9585715952853309,0.0,0.5053235908141962,0.8883032128514057,0.0,0.0,0.75,0.0,0.0,0.0,0.9838709677419355,0.1869975533030409,0.6623056035546779,0.0,0.0,0.0,0.0,0.0,0.0,0.0,0.6923076923076923,0.0,0.0,0.0,0.5777610818933134,0.0,0.33333333333333326,0.8029790115098172,0.0,0.0,0.9002535925612849,0.5722477064220182,0.0,0.75,0.0,0.0,0.0,0.0,1.0,0.5543407523102956,0.0,0.35526776338816923,0.19999999999999996,0.863456577815993,0.793800539083558,0.0,0.0,0.0,0.6,0.7893379191745485,0.7666959578207382,0.0,0.33333333333333337,0.8917300534067001,0.0,0.0,0.9779049122114816,0.9570773841001234,0.0,0.5,0.17518248175182471,0.2927525883612996,0.0,0.923469387755102,1.0,1.0,0.08333333333333326,0.0,0.0,0.0,0.7797089733225546,0.5714285714285714,0.5056679581001577,0.2735334242837655,0.8,0.6403269754768393,0.0,0.0,0.0,0.6666666666666667,1.0,0.5,0.0,0.5,0.22789539227895395,0.0,0.0,0.5,0.5714285714285714,0.0,1.0,0.7708947885939036,0.6,0.39149888143176736,0.5,0.5804597701149425,1.0,0.4211060375443938,0.4545454545454546,1.0,0.4054054054054054,0.0,0.0,0.6666666666666667,0.0,0.2857843137254902,0.0,0.75,0.7719298245614035,0.10729023383768921,0.0,1.0,0.8333333333333334,0.0,0.22540983606557363,0.5,0.0,0.4285714285714285,0.8694362017804154,0.9378698224852071,0.5,1.0,1.0,0.36483931947069936,0.0,0.6666666666666667,1.0,1.0,0.14473684210526327,0.5608465608465609,1.0,1.0,0.0,0.5,0.0,0.26923076923076916,1.0,0.607485380116959,0.7777777777777778,0.9490006891798759,0.0,0.7142857142857143,0.33103448275862046,0.6840221282134722,0.9509427374301676,0.7323000382701875,0.5733333333333335,1.0,0.5,0.0,0.29268292682926833,1.0,0.3784090909090909,0.9030976965845909,0.0,0.75,1.0,0.91875,0.9166666666666666,1.0,0.9342706502636204,0.7955020920502092,1.0,0.670115668634413,1.0,0.5,0.9323034195452178,0.33333333333333326,0.0,0.9884114111001711,0.7905443434911956,0.0,1.0,0.5714285714285714,0.9592042932388114,0.1346457824400059,0.9382625849346095,0.0,0.0,0.0,0.0,0.0,0.9329288843950118,0.33487297921478054,0.9848484848484849,1.0,1.0,0.0,0.888888888888889,1.0,0.0,0.5099550417469494,0.0,0.7625456962445996,0.8045471213788046,runif
0.0,0.7057535565668955,0.0,0.6832199837460968,0.75,0.0,1.0,0.6186061381074168,0.6669831023352952,0.0,0.0,0.5988818360129113,0.6913840340103921,0.0,0.5,0.7410786896977977,0.8888888888888888,0.42137372143138974,0.4639257544643829,0.5709131943850769,0.0,0.0,0.0,0.4833273574757979,0.0,0.015786608600979912,0.0,0.14924452667283383,0.2857142857142857,0.768370607028754,0.7939048454286342,0.6279116827052793,0.5559541172296899,0.0,0.7704194260485651,0.8501718213058419,0.6976744186046512,0.6956897379283863,1.0,0.6856617647058824,0.4187863199009241,0.1794871794871794,0.2591496426766766,0.6314507535393515,0.9712918660287081,0.0,0.81161582138389,0.0,0.0,0.0,0.23116123955483947,0.0,0.5217391304347826,0.81023348236463,0.7994616419919247,0.47137014314928427,0.5715270311250793,0.7071956554533112,0.22772828507795095,0.987708947885939,0.8469217970049917,0.0,0.8328083353525564,0.7142857142857143,0.8,1.0,0.8540211759405272,0.5555555555555556,0.3886307734353648,0.4423740510697032,0.5714285714285714,0.2537934863064396,1.0,0.0,0.9473684210526316,0.0,0.34749303621169925,0.3548387096774194,0.06201550387596888,0.5714285714285714,0.8015267175572519,0.0,0.6428571428571428,0.9166666666666666,0.04142107824582286,0.0,0.5,0.785509000151263,0.0,0.9949882075471698,0.33333333333333337,0.0,0.0,0.368421052631579,0.0,0.0,0.4489668127739511,0.0,0.3611793611793611,0.0,0.125,0.0,0.08319467554076543,0.8333333333333334,0.0,0.6491602239402825,0.75,0.6666666666666667,0.0,0.6666666666666667,0.0,1.0,0.0,0.11111111111111105,0.005141388174807138,0.6394934705184014,0.8392857142857143,0.375,0.0,0.6291731735111636,0.5,0.875,0.6666666666666667,0.8571428571428572,1.0,0.18710031061574994,1.0,0.75,0.8571428571428571,0.0,0.8760369596007284,0.0,0.38369531004091917,0.0,0.4722222222222222,0.0,0.0,0.10747374922791852,0.0,0.5497395187298437,0.9266991869918699,0.6021970287323093,0.8221463022508039,0.36363636363636365,0.7777777777777778,1.0,0.0,0.10810810810810811,0.21066433566433562,0.9028169014084507,0.5,0.0,0.0,0.813919532770928,0.0,0.9823440390112662,0.7732965400127361,0.9213854917071537,0.5007731621019527,0.8772688396845006,1.0,0.9976794298027515,0.8807143702556852,0.16000000000000003,0.9453291790431448,0.988866048862679,0.5132478120129481,0.0,0.0,0.8,0.02941176470588236,0.954821397149393,0.47531726085202763,0.0,0.0,0.0,0.0,0.9921005785491767,0.6119280817303905,0.9240497822697704,0.9492341164318836,0.9739608604237425,0.0,0.9846423870118473,0.23214285714285698,0.0,0.9324827650025448,0.3488612463979539,0.0,0.5508073846772976,0.9502919811992594,0.0,0.5741935483870968,0.0,0.7916666666666666,0.65,0.0,0.9,0.7666666666666666,1.0,0.0,0.0,0.7146275946275946,0.8089275473140891,0.0,1.0,0.8059843267632392,0.7142857142857143,0.7401790208565864,0.689869428185502,0.6959453542341711,0.0,0.0,0.0,0.42233009708737856,0.4098360655737705,0.0,0.0,0.0,0.25,0.0,0.6907441016333938,0.5900232252852671,0.8655913978494624,0.0,0.72,0.8125386422653642,0.5087719298245614,0.801500223914017,0.7196606418295832,0.8204633204633205,0.4472984942426924,0.24974093264248698,0.4255319148936171,0.7023255813953488,1.0,0.0,0.9637485537986887,0.23076923076923073,1.0,0.0,0.0,0.0,0.8951048951048951,0.8704438149197355,0.731987331749802,0.23809523809523814,0.7088673816374575,0.2917628945342571,0.0,1.0,0.9031737493275955,0.0,0.9150818222025653,0.0,1.0,0.0,0.9294446384910933,0.75,1.0,0.47619047619047616,0.5,0.8259013282732448,1.0,0.1428571428571429,0.9816651638112414,0.0,0.5170814002530577,0.0,0.0,0.8571428571428571,0.7349646226415094,0.38888888888888884,0.75,1.0,0.0,0.1428571428571428,0.0,0.9423666462293072,0.0,0.9224806201550387,1.0,0.0,0.5,0.601859799713877,0.0,0.0625,0.7429264349232012,0.5430663221360896,0.08299866131191436,0.0,0.16666666666666663,0.0,0.0,0.08333333333333337,0.5564368517388651,0.7503052503052503,1.0,0.0,0.0,1.0,0.5192307692307693,0.5,0.25156669650850494,0.0,0.0,0.5822922324823465,0.9966078697421981,0.375,0.0,0.6036478428621537,1.0,0.8,1.0,0.0,0.0,0.7806763285024154,1.0,0.5,1.0,1.0,1.0,0.021739130434782705,0.7857142857142857,0.0,0.37037037037037035,0.9565217391304348,0.0,0.0,0.2803889789303079,0.0,0.4834810636583401,0.5617529880478089,0.9467680608365019,0.6363636363636364,0.8571428571428572,1.0,0.44999999999999996,0.25,0.09756097560975607,1.0,0.0,0.0,0.0,0.7251887810140237,0.0,1.0,0.8269697972302311,0.8780663780663781,0.0,0.6089344884906263,1.0,0.9915254237288136,0.9185572445303576,0.13636363636363646,0.966307961011888,1.0,0.0,0.0,0.0,0.6666666666666666,0.5126350063532401,0.964596548163446,0.27986332147537896,0.0,0.0,0.0,0.0,1.0,0.39560910934331595,0.8382082225403968,0.9259259259259259,0.993423329871928,0.0,1.0,0.5,0.0,1.0,0.0,0.0,0.41385503979714033,0.9315716593584122,1.0,0.8101670814077497,0.0,0.5168272238208433,1.0,0.0,1.0,0.21325679627423366,0.6613823715916296,0.0,0.0,0.838012958963283,0.5880399519758857,0.0,0.6666666666666667,0.6347325660121869,0.6923076923076923,0.160773849232822,0.3136211553190632,0.6352316236073265,0.0,0.0,0.0,0.6054502369668247,0.0,0.2362444269603986,0.0,0.7648559282002834,0.0,1.0,0.8924066924066925,0.6670108005082591,0.5,0.0,0.75,0.4489132642697542,0.16666666666666663,0.35035211267605637,1.0,0.5783672063382708,0.36482449589245725,0.40160642570281124,0.0,0.0,0.75,0.0,0.6692245557350565,0.0,0.0,0.0,0.4736041711927004,0.0,0.47928769891386713,0.6198534310459693,0.6923076923076923,0.43121881682109764,0.19937304075235118,0.8364101107639875,0.43028846153846145,0.0,1.0,0.0,0.6884755895051478,0.7837837837837838,0.8,0.0,0.8158179848320694,0.5714285714285714,0.4897730456710562,0.2748524738992284,0.6,0.1121047588629831,0.5,0.33333333333333337,0.6666666666666667,0.0,0.8888888888888888,0.5,0.0,0.0,0.8592826172644856,0.0,0.0,0.5,0.4353293413173652,0.0,1.0,0.6935368471261627,0.75,1.0,0.0,0.08087027914614131,0.23029045643153523,0.12940528634361226,0.0,1.0,0.29639175257731953,0.0,0.37037037037037046,0.3276157804459692,1.0,0.24169068203650346,0.3766233766233765,0.75,0.0,0.18594594594594582,0.0,1.0,0.0,0.0,0.0,1.0,0.0,0.2857142857142857,0.48929845422116536,0.0,0.72,1.0,1.0,0.671866594943518,0.0,1.0,0.0,1.0,0.881578947368421,0.0074906367041199795,1.0,1.0,0.0,0.0,0.6662432966412644,0.0,0.49396621078037006,0.6466589861751152,0.7777777777777778,0.0,0.0,0.4207726116123063,0.0,0.6418623159570235,0.9549188961449336,0.268476929358922,1.0,0.0,0.5,0.5,0.0,0.625,0.33333333333333337,0.8436317780580076,1.0,0.0,0.0,0.9190031152647975,0.0,0.9701446598953524,0.7033509700176367,0.0,0.6724137931034482,0.0,1.0,0.875,0.7728005054493761,0.33333333333333326,0.9622523298613831,0.9822923465478589,0.0,0.0,0.0,0.8571428571428571,0.5352656399983307,0.8658353365384616,0.4887412555298728,0.0,0.0,0.0,0.0,0.965323336457357,0.6131805157593123,0.7896100327753027,0.9545454545454546,0.9662162162162162,0.0,0.9154098360655738,0.5555555555555556,0.0,0.8727245145631068,0.7218855114473052,0.0,0.274477994662201,0.8238700082890438,runif
0.0,0.7057535565668955,0.0,0.875219871009008,0.0,0.0,1.0,0.0,0.0,0.6806491621078539,0.8346857378627424,0.0,0.0,0.0,0.5,0.8770546671625139,0.8888888888888888,0.0,0.0,0.6650391256547887,0.7601689919434073,0.41691248770894784,0.33333333333333326,0.4833273574757979,0.006175156968088569,0.0,0.7833037300177619,0.14924452667283383,0.2857142857142857,0.0,0.0,0.0,0.0,0.8571428571428572,0.0,0.0,0.0,0.02124877410918624,1.0,0.6840861344537815,0.410439081128235,0.1794871794871794,0.3663602808134906,0.7272727272727273,0.0,0.46933728981206735,0.0,1.0,0.33333333333333337,0.8445234919223358,0.3054757194580269,0.0,0.5219780219780219,0.8332322619769558,0.0,0.7394674755645434,0.7375422480284253,0.6727595836506727,0.0,0.0,0.0,0.46241947029348607,0.0,1.0,0.6000000000000001,0.0,0.16952016219869337,0.44444444444444453,0.4378675628198274,0.24444241149025703,0.0,0.6732975573649149,0.7,0.5714285714285714,0.11782518926359264,0.0,0.7966573816155988,0.19354838709677413,0.4,0.8571428571428572,0.9303611127801479,0.31263137779476413,0.6428571428571428,1.0,0.25787562078422666,0.8547511312217194,0.0,0.8242260787992496,0.75,0.7890811455847255,0.0,0.0,0.11111111111111116,0.4342105263157895,0.9090909090909091,1.0,0.285311324697033,0.6628550619082301,0.0,0.0,0.0,0.0,0.0,0.33333333333333337,0.0,0.5956533227639054,0.0,0.6666666666666667,0.6,0.0,0.8054213633923779,1.0,0.372749391727494,0.33333333333333326,0.579256360078278,0.25761772853185605,0.5302445302445302,0.0,0.6666666666666667,0.0,0.5,0.875,0.6666666666666667,0.8571428571428572,0.0,0.016544117647058876,0.7,0.0,0.4285714285714285,0.0,0.30348322810634387,0.609733379904529,0.9291981845688351,0.10125673249551181,0.9166666666666666,0.9398686205154119,0.8333333333333334,0.036030471484455484,0.0,0.5605461731943946,0.8833333333333333,0.956808724350696,0.03024517684887451,0.9090909090909091,0.7777777777777778,0.7916666666666666,0.8269230769230769,1.0,0.19466666666666665,0.0741784037558686,0.0,0.0,0.9142857142857143,1.0,0.5,0.7712026832774317,0.35215453194650814,0.8985271821529132,0.2349919991741083,0.9842345338781716,1.0,1.0,0.33834701913880194,0.72,0.9917056192094942,0.0,0.0,0.206896551724138,0.0,0.9,0.0,0.9545704482470417,0.49594093808003814,0.0,0.0,0.0,0.0,1.0,0.9439650232928926,0.8294472235594532,0.9488179380940776,0.0,0.6666666666666667,0.9850746268656716,0.8214285714285714,0.0,0.9958589737657891,0.3928832403733199,0.0,0.7503395543035364,0.8795979444133113,0.0,0.5741935483870968,0.0,0.7916666666666666,0.0,0.0,0.0,0.0,0.0,0.6362799263351748,0.652542372881356,0.0,0.0,0.0,1.0,0.8480260636259103,0.9322033898305084,0.0,0.0,0.829672006102212,0.8861120429386112,0.8,0.0,0.7919441801458929,0.0,0.4948254345113078,0.6206896551724137,0.0,0.0,0.33333333333333326,0.0,0.0,0.0,0.6666666666666667,0.0,0.0,0.0,0.0,0.5014164305949007,0.957680250783699,0.46153846153846145,0.24974093264248698,0.0,0.9805825242718447,0.0,0.9487963316774933,0.4189944134078213,0.6153846153846154,1.0,0.9522249522249522,0.6341690962099125,0.0,0.75,0.912052810902896,0.0,0.8571428571428572,0.8551401869158879,0.2917628945342571,0.09999999999999998,0.0,0.011074651353568554,0.36496350364963503,0.17888365837256237,1.0,0.0,0.0,0.0,0.75,1.0,0.5358444714459295,0.0,0.9492409867172675,1.0,0.11111111111111105,0.0,0.0,0.6497257769652651,0.0,0.0,1.0,0.9507799485082539,0.3901453957996769,0.75,0.9,0.750578034682081,1.0,1.0,0.9281045751633987,1.0,0.7760617760617761,0.0,0.7096774193548387,0.0,0.8629604209563029,0.7857142857142857,0.9375,0.0,0.9210161662817552,0.0,0.9166666666666666,0.0,0.0,0.4545454545454546,0.0,0.5564368517388651,0.43466666666666665,0.0,0.0,0.5,0.0,0.8717793270688088,0.0,0.10865874363327688,0.33333333333333337,0.19999999999999996,0.0,0.3763477088948789,0.0,1.0,0.586686174103877,1.0,0.8,1.0,0.9,0.0,0.30386178861788615,0.7,0.5,0.33333333333333326,0.5,0.5654467523903726,1.0,0.7571428571428571,0.1504664970313826,0.962962962962963,0.026415094339622525,0.8823529411764706,0.6989247311827957,0.2803889789303079,0.0,0.48095894770340497,0.9601593625498008,0.0,0.9090909090909091,0.8571428571428572,1.0,0.8,0.875,0.15662650602409622,1.0,1.0,0.0,0.9117647058823529,1.0,0.5,0.8625352112676057,0.0,0.9781970511594155,1.0,0.9101511115041508,1.0,1.0,0.32007096599678597,0.6818181818181819,0.9946475857794805,0.0,0.8498168498168498,0.375,0.0,0.6666666666666666,0.791713245962467,0.9632352941176471,0.18556476232010466,0.0,0.0,0.0,0.0,1.0,0.9366981639394638,0.37594600122724475,0.9259259259259259,0.0,0.5,1.0,1.0,0.0,1.0,0.0,0.0,0.7227391273701276,0.9315716593584122,0.0,0.8650982085042089,0.0,0.608889934148636,0.0,0.0,1.0,0.0,0.0,0.5966364121729845,0.8963730569948187,0.0,0.0,0.0,0.6666666666666667,0.882201203783319,0.6923076923076923,0.0,0.0,0.809756348308831,0.6958919741346519,0.0,0.0,0.7953305694959634,0.2627737226277371,0.0,0.9015846538782318,0.6338771593090212,0.0,0.0,0.0,0.0,0.0,1.0,0.0,0.0,0.0,0.6411702502643637,1.0,0.35067171891147075,0.3829787234042553,0.03127572016460922,1.0,0.7692307692307692,0.0,0.625,0.7023364485981308,0.5555555555555556,0.33333333333333337,0.8015793773259507,0.3600912448403214,0.0,0.4737704918032787,0.0,0.0,0.61703511053316,0.31954411143942585,0.8364101107639875,0.3088942307692307,1.0,0.0,0.19811320754716977,0.0,0.7916666666666666,1.0,0.0,0.134344528710726,0.4285714285714285,0.5263763667753691,0.4102043774460066,0.0,0.5282657297987863,0.0,0.0,0.41176470588235303,0.0,0.6666666666666666,0.0,0.0,1.0,0.8546679499518768,0.0,0.0,1.0,0.0,0.5251396648044693,0.0,0.7049368541905856,0.6,0.9577464788732394,0.5,0.3928790669122161,0.0,0.01832061068702273,0.4545454545454546,1.0,0.5691756272401434,0.20916666666666672,0.23529411764705876,0.03606965174129362,0.0,0.24053794428434194,0.4285714285714286,0.25,0.6046511627906976,0.788108108108108,1.0,1.0,1.0,0.0,0.6402609506057781,0.5,0.5185840707964602,0.4285714285714285,0.444047619047619,0.28484426657386475,0.88,1.0,0.0,0.0,0.0,1.0,0.0,1.0,0.881578947368421,0.31204644412191573,1.0,0.0,1.0,0.5,0.0,0.26923076923076916,0.9887250650477016,0.0,0.7777777777777778,0.8797935103244837,0.0,0.0,0.0,0.606443186765346,0.9494733377221857,0.9671247642144974,0.19999999999999996,1.0,0.5,0.0,0.8780487804878049,0.9375,0.32777777777777783,0.0,0.0,0.0,1.0,1.0,0.9166666666666666,0.9769372693726938,0.04268077601410947,0.001990260427694235,0.0,0.38340611353711784,1.0,0.75,0.08036732108929723,1.0,0.9960652666094153,0.0,0.8768974145120935,0.7,0.0,1.0,0.6206335294854138,0.8663551401869158,0.4889585563541826,0.0,0.0,0.0,0.0,1.0,0.9369465268498177,0.5243301717310256,0.9433962264150944,0.0,1.0,0.9200479369970895,0.888888888888889,0.0,0.9845201238390093,0.7180166715458931,0.0,0.5972465201186582,0.828024947035159,runif
0.0,0.5195195195195195,0.7391304347826086,0.0,0.0,0.0,0.7857142857142857,0.0,0.8406211687780957,0.6335084497216645,0.0,0.5912076806467912,0.0,0.0,0.0,0.900236840833293,0.33333333333333326,0.0,0.6508845388883074,0.5751729620921224,0.7253622386904104,0.0,0.0,0.0,0.006175156968088569,0.0,0.7833037300177619,0.14924452667283383,0.2857142857142857,0.77227200843437,0.0,0.0,0.0,0.8571428571428572,0.33333333333333326,0.0,0.6976744186046512,0.45234502703382384,0.0,0.91230383753132,0.0,0.1794871794871794,0.8863718607512485,0.47054346171411177,0.8333333333333334,0.9449586776859504,0.18191196698762047,0.0,0.33333333333333337,0.0,0.0,0.0,0.9760119940029985,0.18897801134006376,0.18292682926829262,0.4721479150275374,0.42650888914052765,0.6737143384729019,0.8602430555555556,0.917687074829932,0.0,0.3719939117199391,0.864406779661017,1.0,0.8,1.0,0.8540211759405272,0.33333333333333337,0.6309599781201567,0.27443913866114056,0.0,0.0,1.0,0.9090909090909091,0.5666666666666667,0.8333333333333334,0.9302884615384616,0.7741935483870968,1.0,0.0,0.6175601519628535,0.9565217391304348,0.6428571428571428,1.0,0.0,0.794766966475879,0.0,0.0,0.6734693877551021,0.4438836104513064,0.0,0.7222612359550562,0.33333333333333337,0.7647058823529411,0.8938547486033519,1.0,0.8622417031934878,0.0,0.0,0.6676635514018692,0.0,0.901666056998437,0.009763424708974844,0.0,0.0,0.5956533227639054,0.0,0.0,0.19999999999999996,0.0,0.0,1.0,0.14896373056994838,0.11111111111111105,0.5780636720453554,0.9885906040268456,1.0,0.875,0.0,0.6186025589764093,0.0,0.625,0.0,1.0,1.0,0.0,1.0,0.0,0.8571428571428571,0.0,0.5013131335055239,0.48791903118235547,0.0,0.501055769469631,0.0,0.9903348876642645,0.8333333333333334,0.6849000982640027,0.940595793114015,0.0,0.2614441335793799,0.39609787999346013,0.19161977491961413,0.9090909090909091,0.11111111111111116,0.0,0.1923076923076923,0.7054108216432866,0.25,0.4194952132288947,0.0,0.0,0.0,0.0,0.9803921568627451,0.6230685311911137,0.4010992882813049,0.9237554544174916,0.477890005145008,0.36122472701911423,0.0,1.0,0.2028929237710123,0.16000000000000003,0.9485978943272253,0.0,0.5141897370554849,0.0,0.0,0.9,0.3442735042735041,0.34373286544577264,0.49827262391567884,0.0,0.0,0.0,0.0,0.9863672814755413,0.6119833166856018,0.704457389540478,0.9979780046357942,1.0,0.0,0.9071564564900885,0.9166666666666666,0.9518716577540107,0.5110299902445165,0.6572180104578903,0.6666666666666667,0.9144824947388559,0.0,0.0,0.5741935483870968,0.8656716417910448,0.0,0.0,0.0,0.8839285714285714,0.0,0.5,0.6362799263351748,0.0,0.7161290322580645,0.0,0.0,0.0,0.8480260636259103,0.7142857142857143,0.0,0.5914622729825876,0.6830438026217627,0.8861120429386112,0.0,0.0,0.0,0.0,0.0,0.6206896551724137,0.0,0.25,0.7083333333333333,0.0,0.0,0.0,0.6666666666666667,0.7954545454545454,0.0,0.5087719298245614,0.8451776649746193,0.0,0.9090909090909091,0.0,0.24974093264248698,1.0,0.3203125000000001,0.3999999999999999,0.9986882378662003,0.0,0.0,1.0,0.0,0.5345772594752185,1.0,1.0,0.23717155041959015,0.7141119221411193,0.7450980392156863,0.314151190164792,0.26584570807678387,0.6233766233766234,1.0,0.0,0.4,0.9586296056884293,1.0,1.0,0.0,0.9485955368047074,0.2500000000000001,0.9154929577464789,0.5554089709762533,0.0,0.1408918406072106,1.0,1.0,0.5229681978798586,0.8333333333333334,0.5509391007398975,0.625,0.0,0.0,0.0,0.4260057471264368,0.625,0.8571428571428572,0.1435684647302905,0.6666666666666666,1.0,0.0,1.0,0.7683397683397684,0.0,0.7096774193548387,1.0,0.9241249706365986,0.7142857142857142,0.6875,0.9268502581755594,0.4657534246575342,0.0,1.0,0.0,1.0,0.4545454545454546,0.75,0.10476190476190483,0.45590994371482185,0.0,0.0,0.5,0.0,0.529129540781357,0.0,0.5831775700934579,0.0,0.5952380952380951,0.9710586443259711,0.9814377851187667,0.875,0.0,0.6737849779086893,0.0,0.8,0.0,0.9,0.8235294117647058,0.44475138121546953,1.0,0.0,1.0,0.5,0.8898623279098874,1.0,0.2857142857142857,0.8210959885386819,0.0,1.0,0.8823529411764706,0.0,1.0,0.0,0.5320570534995025,0.029147571035746944,0.6476810414971522,0.9090909090909091,0.0,0.0,0.0,0.875,0.06666666666666676,0.5,1.0,0.0,0.0,0.0,0.9888888888888889,0.669374779229954,0.28298908162783,0.8540587219343696,0.0,0.5418588272712815,0.0,1.0,0.3163660445736255,0.13636363636363646,0.9671269311888955,0.0,0.0,0.0,0.0,0.6666666666666666,0.0,0.5506338371526085,0.7400109898736165,0.0,0.0,0.0,0.0,1.0,0.5552796010486272,0.673633608527537,1.0,0.9918584270933454,0.0,0.9361158432708688,1.0,0.9994441356309061,0.9242271604938271,0.9205737337516808,1.0,0.8564952086287654,0.0,0.0,0.8321521820216338,1.0,0.0,0.0,0.0,1.0,0.0,0.6662638469284994,0.6101564503718901,0.0,0.894047619047619,0.0,0.0,0.0,0.8833955223880596,0.7647058823529411,0.0,0.7272066680914726,0.8070433987193821,0.703336339044184,0.23181818181818192,0.33333333333333326,0.0,0.262496166819994,0.4035002430724357,0.8738916256157636,0.6338771593090212,0.0,0.75,0.0,0.0,0.0,1.0,0.75,0.0,0.5,0.9510603588907015,0.4625,0.8632449190492594,0.0,0.40160642570281124,0.6308411214953271,0.7692307692307692,1.0,1.0,0.3318965517241381,0.75,0.33333333333333337,0.0,0.0,0.0,0.9722560975609756,0.026836158192090398,0.6923076923076923,0.3879415347137636,0.7751954362983309,0.8364101107639875,0.75,0.0,0.0,0.6504237288135593,0.7320893035654783,0.8448275862068966,0.8,0.0,0.7368421052631579,0.5714285714285714,0.787947753809618,0.21091320327961527,0.0,0.0,0.5,1.0,1.0,0.6666666666666667,0.8888888888888888,1.0,0.0,1.0,0.36795811518324606,0.0,0.0,1.0,0.14362017804154303,0.489344262295082,0.0,0.5625717566016073,0.6,0.3855633802816901,0.5,0.5804597701149425,0.8666666666666667,0.6671740233384069,0.7654320987654321,0.0,0.7932816537467701,0.0,0.0,0.5986277873070327,0.0,0.40600775193798455,0.1986062717770034,0.25,0.8333333333333334,0.81292984869326,1.0,0.0,0.0,0.0,0.0,0.5,0.24825662482566235,0.2857142857142857,0.28688524590163933,0.976693372177713,0.72,1.0,1.0,0.8866296980899568,0.0,0.33333333333333337,0.0,0.0,0.16561514195583604,0.0,1.0,0.6666666666666666,0.0,0.5,0.1726418838470699,0.3846153846153846,0.0,0.28460851443882096,0.0,0.9496255956432947,0.0,1.0,0.8753611636943309,0.716787838730998,0.0,0.732912533814247,0.19999999999999996,1.0,0.5,0.5,0.41463414634146345,1.0,0.0,0.2343096234309623,0.0,0.0,0.0,0.0,0.9166666666666666,0.6268082486919052,0.0,0.0,0.6724137931034482,0.1172530277729793,0.0,0.75,0.10471292600552651,0.33333333333333326,0.9539066577201223,0.0,0.0,1.0,0.5,1.0,0.0,0.4818224964404366,0.48353740253411304,0.0,0.0,0.0,0.0,0.75,0.613202953366702,0.5162659123055162,0.9811320754716981,1.0,0.0,0.9145129224652088,1.0,1.0,0.23307961324830306,0.5039124843113254,0.0,0.9138137046080316,0.0,runif
0.0,0.7057535565668955,0.8122762148337596,0.8339016766126741,0.75,0.9421296296296297,0.7857142857142857,0.0,0.0,0.663193619548617,0.0,0.8985267886635396,0.0,0.8669821240799158,1.0,0.8782677963646897,0.8888888888888888,0.0,0.0,0.6619952200890904,0.7253622386904104,0.4813404417364813,1.0,0.0,0.06613439962118728,0.5126056706815292,0.6077470834806322,0.0,0.2857142857142857,0.77227200843437,0.7807364576993305,0.0,0.5559541172296899,0.0,0.0,0.0,0.6976744186046512,0.8966845458799813,0.0,0.11885865457294043,0.8468485418626529,0.8958333333333334,0.5816464237516868,0.3941923774954629,0.6440972222222222,0.0,0.5109746389173206,0.5,0.6666666666666667,0.26467868700878405,0.21966696884393333,0.0,0.43905769887333557,0.4557003349798444,0.0,0.0,0.9143244511654586,0.6108074534161491,0.3515901060070671,0.8585034013605441,0.0,0.8617886178861789,0.9667673716012084,0.7142857142857143,0.4,0.5,0.7951365756162558,0.33333333333333337,0.0,0.0,0.5714285714285714,0.9019607843137255,0.38636363636363635,1.0,0.0,0.0,0.0,0.3548387096774194,0.4,0.5714285714285714,0.800801282051282,0.0,0.0,0.0,0.3378204210224832,0.31470230862697446,0.0,0.4537465940054496,0.0,0.0,0.6666666666666667,0.7222612359550562,1.0,0.7647058823529411,0.5867556468172486,0.5,0.4482758620689655,0.0,0.8055302339714372,1.0,0.125,0.2794388550375514,0.30228075811114674,0.8333333333333334,0.0,0.5890725436179981,0.75,0.6666666666666667,1.0,0.0,0.18005409855345167,1.0,0.8918032786885246,0.7777777777777778,0.16842900302114794,0.6345541401273886,0.16945516945516959,1.0,0.6666666666666667,0.5851755526657998,0.0,0.5,0.33333333333333337,1.0,0.5,0.7332738626226584,0.38636363636363635,0.75,0.8571428571428571,0.0,0.0,0.6947668499287314,0.0,0.7796836066523729,0.41666666666666663,1.0,0.8333333333333334,0.0,0.7601807969106548,0.0,0.19354143080489516,0.39609787999346013,0.19161977491961424,0.0,0.7777777777777778,0.6666666666666666,0.3076923076923077,0.0,0.7,0.8780918727915195,0.0,0.0,0.0,0.9229726154253208,0.9802073515551367,0.907047730551316,0.0,0.6625239005736137,0.24479098414362443,0.0,0.9436619718309859,1.0,0.6035312482016459,0.84,0.9909799159775168,0.9967368762470146,0.23786407766990292,0.206896551724138,1.0,0.8,0.6784980212903028,0.4345890731890172,0.0,0.0,0.0,0.0,0.0,0.9999396339402135,0.0,0.8449838775117983,0.0,0.9748796089987781,0.6666666666666667,0.957561371005095,1.0,0.0,0.0,0.6468739951825171,0.6666666666666667,0.7500858179678305,0.0,0.0,0.5741935483870968,0.6666666666666667,0.7916666666666666,0.65,0.8148148148148149,0.993127147766323,0.0,0.0,0.6362799263351748,0.0,0.918271119842829,0.0,0.7435897435897436,1.0,0.8321355786763918,0.7142857142857143,0.0,0.0,0.82923383212382,0.8861120429386112,0.7142857142857143,0.0,0.0,0.4098360655737705,0.4962528280542986,0.6206896551724137,0.0,0.25,0.7083333333333333,0.7003891050583657,0.0,0.8655913978494624,0.0,0.0,0.0,0.5087719298245614,0.9616834170854272,0.0,0.3915929203539824,0.9545454545454546,0.8707738542449286,0.47887323943661986,0.21369225656364244,0.7333333333333334,0.0,0.4082904361961528,1.0,1.0,0.41780581843673303,0.0,1.0,0.2574558734023127,0.3420207743153918,0.0,0.0,1.0,0.2730573710965867,0.6233766233766234,1.0,0.0,0.8,0.9734867433716858,0.0,1.0,1.0,0.4703008770955923,0.2500000000000001,0.0,0.0,0.5,0.9868297271872061,0.6437499999999999,0.7142857142857143,0.2847682119205297,0.0,0.0,0.23113207547169812,0.5672043010752688,0.8571428571428571,0.9137931034482758,0.0,0.0,1.0,0.6268600489734413,0.0,1.0,0.551852223672322,0.0,0.0,1.0,0.7096774193548387,1.0,0.9123108296662016,0.6325602546612097,0.0,0.7786377708978328,0.24315339559917692,0.941747572815534,1.0,0.0,0.0,0.0,0.08333333333333337,0.47777777777777786,0.4042829331602855,1.0,0.0,0.0,0.0,0.0,0.0,1.0,1.0,0.881392483056069,0.0,0.6701054302233307,1.0,1.0,0.642282370153621,0.0,0.8,0.0,0.9,0.8823529411764706,0.9382882882882883,0.6437499999999999,1.0,1.0,1.0,0.0,1.0,0.2857142857142857,0.8404963136126595,0.5555555555555556,1.0,0.8823529411764706,0.0,0.23906810035842285,0.0,0.5627099466072628,0.0,0.905638665132336,0.0,0.8571428571428572,1.0,0.65,0.0,1.0,1.0,1.0,0.0,0.0,0.9319326103795508,0.9888888888888889,0.9512078450131547,0.37038689172289085,0.09542314335060453,0.8113620807665982,0.0,0.9558823529411765,1.0,0.7866418075940633,0.9545454545454546,0.9950280647255574,1.0,0.0,0.375,1.0,0.6666666666666666,0.6094584250310975,0.5531315974665729,0.0,0.0,0.0,0.0,0.0,0.9983443708609272,0.0,0.8936478078425698,0.0,0.9744488791077623,0.5,0.9728464419475655,1.0,0.0,0.0,0.9624328014335695,1.0,0.7525881695949139,0.0,0.0,0.8152337858220211,1.0,0.5851327872921321,0.75,0.7142857142857143,1.0,0.0,0.0,0.7052559257986946,0.0,0.4742268041237113,0.0,0.6446540880503144,0.6666666666666667,0.8833955223880596,1.0,0.0,0.0,0.788017890772128,0.710037844656695,0.0,0.33333333333333326,0.0,0.7561260210035006,0.0,0.5986233598623361,0.0,0.0,1.0,0.8921568627450981,0.0,0.5013907581875281,0.0,0.0,0.0,0.5,0.35186488388458836,0.19999999999999996,0.863456577815993,0.7992586812329302,0.34023464458247066,0.0,0.3076923076923076,0.29999999999999993,0.8164591229020033,0.21616871704745155,0.75,0.6666666666666667,0.47030263796730853,0.5437060781654542,0.0,0.47542011537496864,0.14209517459788323,0.25,0.0,0.5506021550813437,0.7056655918931368,0.0,0.5,0.0,0.8053016453382085,0.55,0.75,0.4,0.0,0.653142402545744,0.5714285714285714,0.0,0.0,0.6,0.5953678474114442,0.5,0.33333333333333337,0.0,0.0,0.0,1.0,0.0,0.0,0.8592826172644856,0.0,0.0,0.5,0.0,0.3853143418467583,0.0,0.0,0.4,0.0,0.5,0.5804597701149425,0.0,0.9265605875152999,0.060381355932203506,0.33333333333333337,0.48951048951048937,0.4654166666666667,0.7407407407407407,0.9054726368159204,0.0,0.0,0.597938144329897,0.75,0.7758620689655173,0.8076379066478077,0.0,1.0,1.0,0.0,0.49342105263157887,1.0,0.7716814159292036,0.7142857142857142,0.0,0.0,0.5499999999999999,0.0,0.0,0.8985431841831426,0.0,0.0,1.0,0.0,0.0675,0.6637426900584795,0.5,0.6666666666666666,0.0,0.0,0.05430381061156686,0.8666666666666667,0.0,0.8259338214848457,1.0,0.949898442789438,0.0,0.0,0.9468339307048984,0.716787838730998,0.0,0.6803059273422563,0.21052631578947356,1.0,0.5,0.5,0.29268292682926833,0.0,0.6666666666666667,0.7106184364060677,0.0,0.0,0.0,0.8745874587458746,0.9166666666666666,0.8709677419354839,0.0,0.0,0.0,0.5662149630560291,1.0,0.75,0.3433157642549114,0.0,0.9960652666094153,0.9553817530319735,0.0,0.1428571428571428,1.0,0.8571428571428571,0.6912349369741424,0.1346457824400059,0.39705254164886816,0.0,0.0,0.0,0.0,0.9599133261105092,0.0,0.5011547344110854,0.0,0.9594594594594594,1.0,0.9206778438795745,1.0,0.0,0.27925559878035966,0.47284197568856734,0.0,0.8185304804198628,0.0,runif
0.0,0.0,0.7391304347826086,0.0,0.75,0.95,0.0,0.0,0.0,0.7211853798973589,0.0,0.593064746844397,0.7321129179559178,0.8690947479546054,0.0,0.0,0.8947368421052632,0.5350427447592196,0.0,0.6603428646494722,0.0,0.0,0.0,0.0,0.0,0.2028341967491708,0.5907731170644153,0.7202272667352159,0.0,0.9285714285714286,0.0,0.0,0.5803671294164089,0.0,0.75,0.0,0.0,0.0,0.22916666666666663,0.3171406003159558,0.8500261942182217,0.0,0.0,0.9625513776830568,0.8767123287671234,0.0,0.18167686777421543,0.33333333333333326,0.33333333333333337,0.0,0.2312361824109117,0.0,0.0,0.28357141208778536,0.0,0.44758191971341277,0.7181971048398889,0.4576048951048951,0.0,0.0,0.43312883435582805,0.7876154263986964,0.864406779661017,0.5714285714285714,0.6000000000000001,1.0,0.5344109033566119,0.22222222222222232,0.7676823231767682,0.31900426414659433,0.8571428571428571,0.0,1.0,1.0,1.0,0.0,0.34749303621169925,0.0,0.4,0.0,0.6877944325481797,0.2500000000000001,0.0,0.16666666666666663,0.945273631840796,0.016943521594684374,0.5,0.8772565555409145,0.75,1.0,0.6666666666666667,0.7178002894356006,0.5,0.5294117647058824,0.584055459272097,1.0,0.5438413361169102,0.0,0.7894736842105263,0.9663551401869159,0.125,0.5817042047622587,0.0,0.6666666666666667,0.6212755166730062,0.6406313233508701,0.0,0.0,0.19999999999999996,0.0,0.0,1.0,0.0,0.11111111111111105,0.4898692484279866,0.3625212947189096,0.5357142857142858,0.375,0.0,0.3569048025978464,0.0,0.5,0.33333333333333337,0.75,0.18181818181818177,0.03268148941869797,1.0,0.75,0.8571428571428571,0.0,0.6935426750088537,0.7139038921988975,0.5373062015503876,0.9418767507002801,0.0,0.43480466768138004,0.8333333333333334,0.2880859375,0.47818554103008337,0.1096502108657903,0.6524943310657596,0.0,0.19552058111380144,0.9090909090909091,0.11111111111111116,0.0,1.0,0.8760683760683761,0.5999999999999999,0.3296482412060301,0.0,0.6666666666666667,0.0,0.9917981072555205,0.0,0.9846237955306499,0.7727981846546589,0.9933286914843661,0.26423677868341955,0.3616574409274589,0.33333333333333326,0.0,0.0,0.76,0.9952544228731626,0.8989693272552509,0.5191182615963228,0.0,0.9487179487179487,0.0,0.8137254901960784,0.7521631706845888,0.8573452288646572,0.0,0.0,0.0,0.0,0.9721516189634214,0.0,0.8965708745765958,0.0,0.9962317732510513,0.6666666666666667,1.0,1.0,0.9797864698159479,0.9902130471724833,0.03707819609845475,0.0,0.9233894778280798,0.9479383980684934,0.0,0.0,0.8656716417910448,0.0,0.65,0.8476890756302521,0.0,0.0,0.0,0.9432301598943817,0.0,0.7146275946275946,0.8214611872146118,0.6796116504854368,0.0,0.0,0.7142857142857143,0.8176596093878221,0.0,0.8865572538210975,0.0,0.0,0.0,0.0,0.4098360655737705,0.5126762153921439,0.6206896551724137,0.6444444444444444,0.25,0.0,0.0,0.0,0.8655913978494624,0.0,0.8421052631578947,0.0,0.0,0.0,0.9087221095334685,0.0,0.8821966341895483,0.0,0.0,0.9896373056994818,0.3999999999999999,0.0,0.2898767898767898,0.0,0.0,0.0,0.0,0.0,0.3735294117647058,0.2311281910513313,0.0,0.43048576214405354,0.8713052576510594,0.43849136411702505,0.09999999999999998,0.2571428571428571,0.9,1.0,0.9416058394160584,0.75,0.0,1.0,0.827023426224048,0.0,1.0,0.516003879728419,1.0,0.15625,1.0,0.7142857142857143,0.9440993788819876,0.0,0.5537902859736723,0.0,0.5263157894736842,0.0,0.9586948976049983,0.7793181818181818,0.0,0.09999999999999998,1.0,0.0,0.0,0.9580176767676768,0.0,1.0,1.0,0.7096774193548387,1.0,0.0,0.7857142857142857,0.6875,0.30149501661129585,0.42688413948256465,0.9333333333333333,1.0,0.16666666666666663,0.40282012195121963,0.5,0.9166666666666666,0.9710014947683109,0.7503052503052503,0.0,0.0,0.0,0.0,0.0,0.0,0.3512110726643599,0.0,0.7365657813465103,0.0,0.9381879762912786,0.375,0.0,1.0,0.0,0.8,0.0,0.9,0.0,0.2012278308321963,1.0,1.0,1.0,0.5,1.0,0.0,0.0,0.9811928159945781,0.0,0.5263157894736842,0.8823529411764706,0.0,0.8965424095083738,0.18181818181818177,0.0,0.09798994974874387,0.6476810414971522,0.9090909090909091,0.0,0.0,0.44999999999999996,0.75,0.0,0.5,1.0,0.0,0.0,1.0,0.0,0.9917844232665133,0.7240816326530612,0.9820473644003056,0.7556102059637259,0.5425931666452446,0.5,0.0,0.0,0.8181818181818182,0.9964906779309295,0.9681484697683221,0.0,0.0,0.9473684210526316,0.0,0.3738328908510573,0.8244758654314968,0.9515078042127595,0.0,0.0,0.0,0.0,0.9919235024498182,0.0,0.953985566227142,0.0,0.9926728743703251,0.5,1.0,1.0,0.9836799157673072,1.0,0.15707230183790788,0.0,0.9440429622754094,0.8988641526578828,1.0,0.0,0.75,0.0,0.75,0.7142857142857143,0.0,0.0,0.0,0.6497765468622143,0.0,0.838012958963283,0.6415135135135135,0.4966887417218543,0.0,0.0,0.6923076923076923,0.9714169048591261,0.0,0.6352316236073265,0.0,0.0,0.0,0.0,0.0,0.0,0.605130361648444,0.8169315403422983,0.0,1.0,0.0,0.0,0.5023326753992463,0.0,1.0,0.0,0.0,0.0,0.32799999999999996,0.0600171969045572,0.8039581777445856,0.0,0.22178529296106964,0.7692307692307692,1.0,0.0,0.0,0.75,0.6666666666666667,0.0,0.46790778222751384,0.0,0.0,0.08808643176951525,0.0,0.3534883720930232,0.3350168350168351,0.42422846614463383,0.3125,1.0,1.0,0.965034965034965,0.7311935807422267,0.5428571428571429,1.0,0.0,0.2648376259798433,0.5714285714285714,0.4716925784687591,0.34910277324632955,0.8,0.0,1.0,0.33333333333333337,0.6666666666666667,0.0,1.0,0.5,0.0,1.0,0.7641083521444695,0.6666666666666667,0.0,0.5,0.5490716180371351,0.20836065573770501,1.0,0.7028901734104046,0.75,0.7294667185675361,0.5,0.5853858784893268,0.34024896265560167,0.42800199302441466,0.4545454545454546,0.0,0.9485294117647058,0.0,0.5882352941176471,1.0,0.0,0.878386167146974,0.5714285714285714,0.25,0.8333333333333334,0.08928571428571441,1.0,0.0,0.44444444444444453,0.0,1.0,1.0,0.09999999999999998,0.2857142857142857,0.6222056631892697,0.28537854624811143,0.24,1.0,1.0,0.3009682625067239,0.0,0.0,1.0,0.0,0.8,0.41025641025641024,1.0,0.6666666666666666,0.0,0.5,0.6165279429250892,0.6923076923076923,0.7202572347266881,0.869583579694231,0.44444444444444453,0.40962288686605974,0.0,0.0,0.5762514551804423,0.11797997387897252,0.5974378881987578,0.0,0.19999999999999996,1.0,0.5,0.5,1.0,0.4375,0.7777777777777778,0.40538957234915063,0.0,1.0,0.0,0.9984951091045899,0.0,0.9677740863787375,0.7647058823529411,0.010825949963644388,0.2068965517241378,0.1223187411894695,1.0,0.0,0.0,0.33333333333333326,0.990717048497471,0.7402473834443387,0.0,0.0,1.0,0.0,0.722124516355962,0.787846707601101,0.774090692124105,0.0,0.0,0.0,0.0,1.0,0.0,0.94135942952511,0.0,1.0,1.0,0.9789220114423367,0.888888888888889,0.9203354297693921,0.9770408163265306,0.3518898013898092,0.0,0.8816492202520829,0.828024947035159,runif
0.0,0.706499193362526,0.7918660287081339,0.0,0.75,0.0,0.0,0.8503937007874016,0.5694080670508119,0.6757159939168089,0.0,0.0,0.7040183188063229,0.8178768272226216,0.5,0.0,0.8888888888888888,0.0,0.0,0.679633236920292,0.0,0.0,0.25,0.48539754440338534,0.03988075951007708,0.0,0.0,0.0,0.2857142857142857,0.0,0.0,0.0,0.5559541172296899,0.8636363636363636,0.0,0.0,0.6976744186046512,0.8580814717477003,0.7046491728465487,0.0,0.8444348249553595,0.3846153846153846,0.0,0.9772727272727273,1.0,0.0,0.8518861454046639,1.0,0.0,0.23477100933748307,0.7648222887644838,0.0,0.9782608695652174,0.5011213949521433,0.0,0.4389954518489222,0.43292968857749703,0.9292929292929293,0.31506849315068497,0.9140154772141015,0.8438661710037175,0.5148895292987512,0.3334141022534528,1.0,0.0,0.5,0.4361696276332435,0.5555555555555556,0.6309599781201567,0.0,0.0,0.0,0.7,0.0,0.0,0.0,0.995982694684796,0.0,0.0,0.5714285714285714,0.9304530453045304,0.37229987293519695,0.6428571428571428,0.0,0.34844104893660965,0.0,0.0,0.7956815511163338,1.0,0.5103902686264572,0.33333333333333337,0.4375,0.11111111111111116,1.0,1.0,1.0,0.9594882729211087,0.25981827738980257,0.5497587454764776,0.6421759095725892,0.0,0.5870701013129799,0.275540765391015,0.5,0.0,0.6588132635253054,0.75,0.6666666666666667,0.0,0.6666666666666667,0.8007508342602893,0.11111111111111116,0.8782378854625551,0.0,0.17463933181473046,0.94621372965322,0.6209987195902689,0.0,0.6666666666666667,0.0,0.0,0.875,0.0,1.0,0.2727272727272726,0.0,0.7,0.75,0.9285714285714286,0.0,0.5013131335055239,0.0,0.9191870312121946,0.9037569573283859,0.4722222222222222,0.0,0.8333333333333334,0.9676015473887815,0.9068749593742551,0.38820988304709725,0.0,0.2565359477124183,0.0,0.9090909090909091,0.11111111111111116,0.5,0.8269230769230769,0.8610271903323263,0.0,0.9355742296918768,0.5,0.9,0.0,0.9187837079337189,0.0,0.9805306892537433,0.35215453194650814,0.7398224158150444,0.0,0.9254680224270645,0.9850746268656716,1.0,0.8807143702556852,0.76,0.9779530409556508,0.9886207347845953,0.0,0.206896551724138,0.0,0.0,0.5366785691912548,0.06342471313138753,0.47538110160939073,0.0,0.0,0.0,0.0,0.9998073449729079,0.5608628813788475,0.7052332149774048,0.9487327444626925,0.9706989687346538,0.6666666666666667,0.9431026474686484,0.41666666666666663,0.0,0.528595945083014,0.1388195548489667,0.6666666666666667,0.9199803813377475,0.0,0.0,0.5741935483870968,0.8656716417910448,0.0,0.65,0.0,0.0,0.5212121212121212,0.5945945945945946,0.6362799263351748,0.0,0.0,0.8214611872146118,0.7435897435897436,1.0,0.0,0.7142857142857143,0.0,0.0,0.848694043128603,0.0,0.0,0.0,0.25177809388335703,0.0,0.0,0.0,0.21212121212121204,0.0,0.0,0.0,0.0,0.8655913978494624,0.7619047619047619,0.0,0.0,0.5087719298245614,0.8025039123630673,0.765760197775031,0.15250965250965254,0.8974358974358975,0.7174203113417346,0.0,0.98989898989899,1.0,0.0,0.9725545390570021,0.8148148148148148,1.0,0.21808851828094933,0.9308053448898519,0.0,1.0,0.5781660739137158,0.0,0.7282913165266107,0.31263048016701445,0.913074972835929,0.5121951219512195,1.0,0.9228362877997914,0.5583756345177664,0.0,0.75,1.0,1.0,0.75,0.75,1.0,0.0,0.0,0.1408918406072106,0.7,0.0,0.4927239654388359,0.0,1.0,1.0,0.0,0.8571428571428571,0.9770788912579957,0.06341463414634141,0.625,0.0,0.6422487223168655,0.1428571428571428,1.0,0.8872581721147432,0.5,0.7674418604651163,1.0,0.967741935483871,0.0,0.8772546621828187,0.5476190476190477,0.6875,0.9476510067114094,0.16920389318692264,0.0,0.9813084112149533,1.0,0.503167641325536,0.2727272727272728,0.9166666666666666,0.11917836078909905,0.8135818908122503,1.0,0.0,0.0,1.0,0.8401063425750095,0.0,0.9452214452214452,0.33333333333333337,0.8789376158122297,0.0,0.8971212836243511,0.875,1.0,0.0,0.0,1.0,0.0,0.9,0.5882352941176471,0.4729729729729729,1.0,0.0,1.0,1.0,0.9028422509976383,0.021739130434782705,0.7571428571428571,1.0,0.37037037037037035,0.0,0.8823529411764706,1.0,0.40670553935860054,0.8116926355040618,0.0,0.0,0.0,0.9090909090909091,0.0,1.0,0.8,0.75,0.6853146853146852,0.9772727272727273,0.0,0.9142857142857143,0.0,0.9256430951346205,0.0,0.9803102145784779,0.0,0.8166969147005445,0.8990185645027787,0.6814587615971113,0.9850746268656716,0.9915254237288136,0.915795526238031,0.8181818181818182,1.0,1.0,0.7325655790147153,0.375,0.0,0.0,0.0,0.5368838663140179,0.2620412754456405,0.0,0.0,0.0,0.0,1.0,0.6352281292520336,0.5152053506113492,0.9259259259259259,0.9825199030806507,0.5,0.7124183006535947,0.5,0.0,0.7898494313327131,0.8544382238557203,1.0,0.8564335153260823,0.0,0.0,0.8152337858220211,1.0,0.0,1.0,0.0,0.0,0.30114551637730447,0.6579081632653061,0.44428364688856736,0.0,0.0,0.6209142370199038,0.7248995983935743,0.6666666666666667,0.0,0.7647058823529411,0.0,0.0,0.8087984716269944,0.0,0.0,0.33333333333333326,0.792257016514755,0.262496166819994,0.0,0.0,0.0,0.0,0.0,0.0,0.0,0.5,1.0,0.0,0.0,0.16666666666666663,0.9391727493917275,1.0,0.0,0.7992586812329302,0.0,0.24852304056715246,0.7692307692307692,0.9090909090909091,0.0,0.7452015355086372,1.0,0.0,0.36070616557442836,0.7682198327359617,0.0,0.9716687422166874,0.0,0.25,0.41788181120491175,0.7751954362983309,0.8405557393317896,0.6000000000000001,0.978021978021978,1.0,0.6511627906976745,0.4083656748598533,0.5294117647058822,0.0,0.0,0.0,0.5714285714285714,0.7562988065419184,0.0,0.0,0.0,1.0,0.33333333333333337,0.0,0.0,1.0,0.2857142857142857,0.0,0.0,0.8520499108734403,0.0,0.0,0.5,0.0,0.0,0.0,0.6935368471261627,0.0,0.3451209784631748,0.0,0.42295887047268266,0.5633333333333335,0.849785407725322,0.21504237288135586,1.0,0.0,0.4654166666666667,0.7058823529411765,0.5986277873070327,0.0,0.8788368336025848,0.5714285714285714,0.25,0.4098360655737704,0.19282511210762343,0.0,1.0,0.33333333333333337,0.0,0.6507936507936508,1.0,0.7929577464788733,0.0,0.0,0.0,0.75,1.0,0.0,0.0,0.0,0.6666666666666667,0.0,1.0,0.061514195583596276,0.0,0.0,0.6666666666666666,0.5,0.0,0.07269076305220878,0.0,1.0,0.8529241459177764,0.7777777777777778,0.3378351539225424,0.0,1.0,1.0,0.0,0.6419753086419753,0.964017185821697,0.0,1.0,0.5,0.0,0.8780487804878049,0.4375,0.0,0.9418386491557224,1.0,0.5,0.0,0.8646814101160499,0.0,1.0,0.04166666666666674,0.5690441780724871,0.4482758620689654,0.8642876094454762,1.0,0.875,0.7728005054493761,0.33333333333333326,0.9618393317198844,0.9850803490431552,0.3366228070175439,0.7,0.5,0.0,0.0,0.6524053429747915,0.485114556180546,0.0,0.0,0.0,0.0,0.9546805349182764,0.6160543973429681,0.35140656922835134,0.9545454545454546,0.9594594594594594,1.0,0.9162523900573614,0.0,0.0,0.0,0.0,0.0,0.9151623625671184,0.0,runif
0.5714285714285714,0.0,0.0,0.0,0.75,0.7941176470588235,0.828125,0.6186061381074168,0.6658878504672896,0.0,0.0,0.0,0.7363308223477716,0.0,0.5,0.0,0.33333333333333326,0.47611929879313264,0.5569322048686851,0.5971404345357095,0.7367939629544935,0.717948717948718,0.0,0.34608695652173904,0.04064909089732227,0.058233674433896265,0.7016037247801346,0.0,0.8571428571428572,0.77227200843437,0.0,0.628045491324283,0.0,0.8636363636363636,0.7777777777777778,0.8353435962545628,0.6976744186046512,0.0,1.0,0.2664728682170543,0.6084667771028898,0.8461538461538461,0.3641088572872303,0.9625513776830568,0.6512749827705031,0.8509254627313657,0.9792126229465653,0.0,0.33333333333333337,0.0,0.3119078436448355,0.0,0.6821141325162774,0.7517863439802528,0.0,0.911992893100385,0.4319462440112092,0.4726194097961668,0.0,0.0,0.8286755771567436,0.0,0.5593220338983051,1.0,0.4,0.0,0.16952016219869337,0.0,0.0,0.5703216505991531,0.5714285714285714,0.6375698324022346,0.7483870967741936,0.0,0.6666666666666667,0.8333333333333334,0.34749303621169925,0.3548387096774194,1.0,0.8571428571428572,0.8182336182336183,0.9778179004384834,0.0,0.0,0.0,0.928577186618299,0.5,0.9644931042826035,1.0,0.5210843373493975,0.33333333333333337,0.0,0.5,0.07894736842105265,0.8796992481203008,0.5,0.0,0.1032129514321295,0.3157894736842105,0.8229835831548894,0.0,0.8581967360598809,0.0,0.8333333333333334,0.6210673644495832,0.5957095709570958,0.0,0.0,0.19999999999999996,0.0,0.0,0.5555555555555556,0.0,0.11111111111111105,0.3021936459909229,0.5871186440677967,0.0,0.0,0.0,0.0,0.0,0.875,0.6666666666666667,0.29999999999999993,1.0,0.10378220354467393,0.0,0.75,0.9285714285714286,0.5,0.0,0.8874715261958998,0.39144736842105254,0.8999115684540557,0.7222222222222222,0.8713842246366587,0.0,0.7853608247422681,0.5304015552725079,0.5605461731943946,0.7290969899665551,0.8329117126233241,0.8221463022508039,0.0,0.11111111111111116,0.0,0.1923076923076923,0.6245210727969348,1.0,0.4194952132288947,0.0,0.0,0.9142857142857143,0.0,0.5,0.9822758635241491,0.9886900147981115,0.9904001476900355,0.5096526093016054,0.0,0.9436619718309859,0.9434395635946023,0.8518420015569218,0.16000000000000003,0.0,0.9967405283878379,0.0,0.0,0.9487179487179487,0.9,0.9139938080495356,0.9468411637322286,0.4766759060993392,0.0,0.0,0.0,0.0,0.9999388782944599,0.9590903462904834,0.0,1.0,0.0,0.6666666666666667,1.0,0.8,0.9737295757757458,0.5111104116832431,0.8562960861292124,0.6666666666666667,0.0,0.5667499273889052,0.0,0.0,0.0,0.0,0.65,0.875,0.9424083769633508,0.7666666666666666,0.5945945945945946,0.0,0.6525514008735485,0.0,0.8214611872146118,0.0,1.0,0.0,0.7142857142857143,0.7148376192200894,0.7150885137916838,0.7308729006842215,0.8548387096774194,0.7142857142857143,0.0,0.42233009708737856,0.0,0.5303983228511532,0.6206896551724137,0.0,0.5,0.7083333333333333,0.0,0.5923369347739096,0.0,0.7931034482758621,0.84,0.887437315461405,0.5087719298245614,0.0,0.5230352303523034,0.0,0.6882196634189548,0.9184581171237954,0.0,0.9893262174783188,0.7333333333333334,0.783710054559626,1.0,0.23076923076923073,0.0,0.0,0.0,0.0,0.75,0.9193669932177845,0.0,0.8985313751668892,0.31932773109243695,0.42494226327944584,0.06493506493506473,0.08027923211169263,0.9411764705882353,0.0,0.7979251240414975,0.75,1.0,0.0,0.0,0.5,0.0,0.8425096030729834,0.5,0.659919028340081,0.7769230769230769,0.11111111111111105,0.5,0.8333333333333334,0.5517241379310345,0.75,0.4267241379310345,1.0,0.732360821673117,1.0,0.0,0.0,0.3218390804597703,0.8095238095238095,0.0,0.9786652653704677,0.5,0.873015873015873,1.0,0.0,1.0,0.0,0.0,0.6875,0.5763945028294261,0.5605043725849095,0.08299866131191436,1.0,0.0,1.0,0.0,0.08333333333333337,0.0,0.43466666666666665,0.0,0.0,0.0,0.0,0.5425690814040329,0.5,0.2361809045226132,0.0,0.0,0.0,0.0,1.0,0.0,0.0,0.0,1.0,1.0,0.44999999999999996,0.8823529411764706,0.3878676470588234,0.0,1.0,1.0,1.0,0.0,1.0,0.7857142857142857,0.9811704834605598,0.7777777777777778,1.0,0.0,0.9618768328445748,0.0,0.2727272727272727,0.9737811165120047,0.6733668341708543,0.9467680608365019,0.0,0.0,1.0,0.0,0.875,1.0,1.0,1.0,0.0,0.9117647058823529,0.0,0.5,1.0,0.9762225284572922,0.9753036437246964,0.2966413336602107,0.0,0.9558823529411765,0.9576271186440678,0.9043237490699843,0.13636363636363646,0.0,0.9923259918655514,0.9074509803921569,0.0,0.9473684210526316,0.6666666666666666,0.8745225818214117,0.9640071985602879,0.7385703460469816,0.0,0.0,0.0,0.0,1.0,0.9527196676434081,0.0,1.0,0.0,0.5,1.0,1.0,1.0,0.9649610487662583,0.9965577727074898,1.0,0.0,0.4263085399449037,0.0,0.0,0.0,0.0,0.75,0.7142857142857143,0.875,0.705707082282833,0.6591844369622147,0.0,0.7373288938216797,0.0,0.6536478434036248,0.0,0.6666666666666667,0.0,1.0,0.17113854595336087,0.5979232457314136,0.7326156690045125,0.6914725621792341,0.875,0.0,0.6099318252246668,0.262496166819994,0.7058599695585996,0.8722493887530562,0.7625968065780667,0.5454545454545454,1.0,0.0,0.6670108005082591,0.0,1.0,1.0,0.5516927083333333,0.16666666666666663,0.6548514142499104,0.9090909090909091,0.07096107475025859,0.49416854778028585,0.9537612146307799,0.525564803804994,0.7692307692307692,0.29999999999999993,0.8700894593543368,0.9149532710280374,0.0,0.6666666666666667,0.0,0.5467144563918758,0.0,0.47928769891386713,0.9565715292459479,0.0,0.9050632911392404,0.7920209287115761,0.5424499696785932,0.2932692307692307,0.0,0.10000000000000009,0.0,0.17460846384538486,0.803921568627451,0.4,0.0,0.0,0.0,0.0,0.4337999416739575,0.6,0.41637010676156583,1.0,0.0,0.41176470588235303,0.6666666666666667,1.0,0.5,0.0,0.5,0.8918462188424165,0.7142857142857142,0.0,0.0,0.135928143712575,0.6704918032786885,1.0,0.6617210682492581,0.0,0.4432139491046182,0.0,0.07840722495894914,0.42000000000000004,0.40909090909090906,0.0,1.0,0.0,0.0,0.37037037037037046,0.5497512437810945,0.0,0.3734870317002881,0.16541353383458646,0.75,0.26136363636363646,0.788108108108108,1.0,0.0,0.5,0.0,0.0,1.0,0.0,0.2857142857142857,0.8043995243757432,0.0,0.56,0.0,1.0,0.0,0.0,0.6666666666666667,0.0,0.0,0.0675,0.28893442622950816,1.0,0.6666666666666666,0.5,0.5,0.055457288523566683,0.7692307692307693,0.5441595441595442,0.8158740903706211,1.0,0.4379947229551452,0.0,0.7854406130268199,0.30844553243574047,0.7247834590667784,0.7930016108824056,0.9514087382605145,1.0,1.0,0.5,0.0,0.41463414634146345,0.9375,1.0,0.3767029972752043,0.0,0.0,1.0,0.0,0.9166666666666666,0.9767441860465116,0.9375,0.8043676069153776,0.6724137931034482,0.09276645311589982,0.6666666666666667,0.5,0.7998441500612268,0.33333333333333326,0.0,0.9594447318882858,0.7387816154473756,0.0,1.0,1.0,0.8541205987412825,0.8731707317073171,0.40997987316295137,0.0,0.0,0.0,0.0,1.0,0.9369443846754923,0.0,0.9811320754716981,0.0,1.0,0.9894610057211684,0.888888888888889,0.935483870967742,0.2157583180240864,0.825438146219843,0.0,0.0,0.5881507366080292,runif
0.5714285714285714,0.0,0.8455545371219065,0.0,0.0,0.75,0.0,0.0,0.8405735976381273,0.0,0.6548980606663353,0.5912076806467912,0.6989394068639996,0.0,0.0,0.7467151290351959,0.0,0.0,0.0,0.7599385147468536,0.0,0.4813404417364813,0.33333333333333326,0.34550195567144715,0.0,0.0,0.0,0.029322268326417822,0.8571428571428572,0.768370607028754,0.0,0.0,0.5803671294164089,0.0,0.0,0.7943052850715198,0.42666666666666664,0.0,0.7305227175616009,0.9177427068388331,0.8501214459208458,0.0,0.3641088572872303,0.43038850912866666,0.4372662359741585,0.4643035446829755,0.2847176392948053,0.0,0.33333333333333337,0.0,0.30697323784395025,0.0,0.0,0.8905405995661226,0.0,0.4402761495375799,0.9080828253100695,0.9067164179104478,0.0,0.8650227125243348,0.4541120381406437,0.837992376111817,0.5593220338983051,0.33333333333333337,0.6000000000000001,0.0,0.641933887024916,0.33333333333333337,0.904300007637669,0.26930564568462023,0.0,0.3404731905361893,0.0,0.0,0.0,0.0,0.7966573816155988,0.3548387096774194,0.0,0.5714285714285714,0.8182336182336182,0.9743732590529248,0.6428571428571428,0.0,0.7936292428198434,0.915811707905854,0.0,0.96309800022097,1.0,0.990063694267516,0.6666666666666667,0.7222612359550562,0.7777777777777778,0.07894736842105265,0.9061488673139159,1.0,0.0,0.18492245976224242,0.0,0.0,0.125,0.8696108733555239,0.009763424708974844,0.5,0.1956263996838361,0.311023102310231,0.0,0.0,0.19999999999999996,0.0,0.0,0.7777777777777778,0.8794066317626527,0.11111111111111105,0.585930171964565,0.8955468238375901,0.19291506615450282,0.0,0.0,0.6036758732737612,0.0,0.875,0.33333333333333337,1.0,1.0,0.023573533351192055,0.7483870967741936,0.75,0.8571428571428571,0.0,0.4475730801917803,0.6028560876523452,0.7977228682170543,0.03241388966675984,0.4722222222222222,0.8779521889400922,0.0,0.37302894798776176,0.916640415813514,0.5497395187298437,0.9405797101449276,0.8339701372480016,0.19642857142857162,0.0,0.0,0.0,0.0,1.0,0.7103004291845494,0.22890173410404613,0.0,0.6666666666666667,0.0,0.8140945861854387,0.0,0.6115702479338843,0.9405912236007055,0.0,0.0,0.0,0.0,1.0,0.3834685797019076,0.0,0.9912397617908719,0.96422049327756,0.0,0.206896551724138,0.0,0.9,0.0,0.9453253949540202,0.893386111708997,0.0,0.0,0.0,0.0,0.9966636725266265,0.5463830008853706,0.872623693598721,0.9430560854635636,0.986348273848495,0.0,0.0,0.9310344827586207,0.0,0.17687210734858327,0.02328787806544952,0.0,0.9904539453640703,0.34970948242661726,0.0,0.0,0.8656716417910448,0.0,0.0,0.0,0.0,0.0,0.5,0.0,0.6530047373183585,0.7146275946275946,0.8375755238462528,0.0,0.0,0.8391938700535321,0.0,0.0,0.0,0.8447705207413945,0.0,0.7142857142857143,0.0,0.42233009708737856,0.0,0.0,0.0,0.21212121212121204,0.0,0.0,0.0,0.0,0.8655913978494624,0.0,0.0,0.8645966545603355,0.5087719298245614,0.0,0.861322842389968,0.8628318584070797,0.8821966341895483,0.0,0.0,0.36668334167083527,0.3999999999999999,0.6797318205260443,0.0,0.23076923076923073,1.0,0.0,0.6336147795338097,0.0,0.0,0.6864085041761581,0.0,0.7333333333333334,1.0,0.8765631302944735,0.06493506493506473,0.8161120840630472,0.947075208913649,0.8527918781725888,0.7943107221006565,0.5,0.0,0.0,0.827023426224048,0.2500000000000001,1.0,0.5554089709762533,0.0,0.0,0.0,0.0,0.0,0.0,0.6264185201997277,0.75,0.0,0.8571428571428571,0.782176076141034,1.0,0.625,0.0,0.924968736973739,0.8260869565217391,1.0,0.9797077068657344,0.5,1.0,1.0,0.7096774193548387,1.0,0.0,0.5502695101945161,0.8125,0.566804979253112,0.5415890751086281,0.4077669902912622,0.0,0.75,1.0,0.4545454545454546,1.0,0.5564368517388651,0.5647279549718576,0.0,0.0,0.0,0.0,0.5837749694251937,1.0,0.9644208932626798,0.0,0.7384187770228536,0.7965779467680608,0.7538567810269399,1.0,0.0,0.5652173913043479,0.0,1.0,0.0,0.9,0.5882352941176471,0.22545219638242886,1.0,1.0,1.0,1.0,0.6991191469633751,1.0,0.9571428571428572,0.1504664970313826,0.37037037037037035,0.8732394366197183,0.0,0.0,0.23906810035842285,0.2727272727272727,0.48084880636604765,0.6733668341708543,0.9065743944636678,0.0,0.0,0.0,0.44999999999999996,0.875,1.0,1.0,1.0,0.0,0.0,0.7689754036517278,0.0,0.8071970947507429,0.9029495950638682,0.0,0.0,0.0,0.0,1.0,0.4381435550544909,0.0,0.9968663048190853,1.0,0.9074509803921569,0.375,0.0,0.6666666666666666,0.0,1.0,0.9547845199780203,0.0,0.0,0.0,0.0,0.9954500737825873,0.6398067241479081,0.8382082225403968,0.9259259259259259,0.9850926469355245,0.0,0.0,1.0,0.0,0.7761510541984421,0.6819154315945073,0.0,0.9432315928526733,0.3258161316722742,0.0,0.0,1.0,0.0,0.0,0.0,0.0,0.0,0.6557566422795533,0.0,0.7586312251756798,0.4742268041237113,0.5302721718200335,0.7857142857142858,0.0,0.6343799293923233,0.0,0.0,0.0,0.8100036170102827,0.0,0.0,0.0,0.727645305514158,0.262496166819994,0.0,0.0,0.0,0.5454545454545454,0.75,0.0,0.0,0.8336557059961315,0.0,0.0,0.6040411646586346,0.5,0.0,0.9144736842105263,0.5776782638649673,0.8010610079575596,0.0,0.5477880939377391,0.7692307692307692,0.6,0.31271878646441076,0.0,0.0,0.33333333333333337,0.0,0.3506265113211694,0.0,0.5076800319170158,0.6570648343904157,0.0,0.2772727272727272,0.7680776014109347,0.8860569715142429,0.3125,0.5,0.10000000000000009,0.9706293706293706,0.17352056168505514,0.25,1.0,0.0,0.7797089733225546,0.5714285714285714,0.9102870813397129,0.19781021897810203,0.0,0.6892366656020441,1.0,0.33333333333333337,0.41176470588235303,0.0,0.6666666666666666,1.0,0.0,0.0,0.8598574821852731,0.7142857142857142,0.0,0.0,0.4427828348504551,0.6457312806158153,0.0,0.75054704595186,1.0,1.0,0.5,0.5853858784893268,0.8066666666666666,0.4211060375443938,0.21504237288135586,1.0,0.07712532865907107,0.0,0.8148148148148149,0.0,0.0,0.3734870317002881,0.1986062717770034,0.0,0.7758620689655173,0.10270270270270254,1.0,0.0,0.5,0.0,0.0,0.0,0.789400278940028,0.2857142857142857,0.6339285714285714,0.35503344754446076,0.5499999999999999,0.0,1.0,0.6830601092896176,0.0,0.6666666666666667,1.0,0.0,0.0,0.3931623931623932,0.0,0.6666666666666666,0.0,0.0,0.0,0.6923076923076923,0.7689873417721519,0.0,0.7777777777777778,0.6219765031098825,0.0,0.6976744186046513,0.946796851648899,0.6812652068126521,0.9505996062287453,0.954395525598738,0.9016393442622951,1.0,0.0,0.5,0.0,0.9375,0.6666666666666667,0.32242990654205617,0.0,0.0,0.0,0.5862068965517242,0.0,0.5967741935483871,0.7019774011299436,0.7146796350145392,0.6666666666666667,0.0,0.5,1.0,0.7279980657640233,0.0,0.995016332244517,0.9362695179904956,0.33333333333333326,0.7,0.0,1.0,0.0,0.9871974581814784,0.8069413986354775,0.0,0.0,0.0,0.0,1.0,0.9360762436076244,0.7934205188633685,0.9433962264150944,0.9797297297297297,0.0,0.0,1.0,0.0,0.0,0.265027012731875,0.0,1.0,0.0,runif
0.0,0.5238095238095237,0.0,0.6502924532788055,0.75,0.95,0.0,0.8503937007874016,0.0,0.0,0.6548980606663353,0.5991851600358036,0.0,0.0,0.5,0.0,0.8888888888888888,0.3684592806328043,0.4548342267222554,0.0,0.0,0.0,0.0,0.34608695652173904,0.0,0.19067951346947953,0.5795973903638838,0.0,0.0,0.0,0.6189976934367792,0.0,0.0,0.0,0.7777777777777778,0.0,0.0,0.9610880241783151,0.9688704840782522,0.0,0.8713943770538359,0.1794871794871794,0.05355404089581306,0.6355731225296444,0.9814814814814815,0.9444444444444444,0.1571536063635387,0.5,0.33333333333333337,0.23477100933748307,0.2691358024691358,0.0,0.7028985507246377,0.8985317252228632,0.0,0.9067410905968226,0.5155234281553903,0.6381411422335395,0.2763041556145004,0.8259325044404973,0.0,0.0,0.40353460972017663,0.1428571428571429,0.8,0.5,0.23715927010587956,0.33333333333333337,0.5115643886564388,0.5258927992740943,0.5714285714285714,0.0,0.7,0.0,0.6666666666666667,0.0,0.48557692307692313,0.19354838709677413,0.0,0.5714285714285714,0.003970193012460155,0.0,0.0,1.0,0.26938124909433414,0.7211918516266342,0.0,0.0,0.6000000000000001,0.7833946078431372,0.6666666666666667,0.4375,0.33333333333333337,0.7763157894736842,0.5416666666666666,0.4736842105263158,0.5218345173422483,0.4020525398567095,0.7873170731707317,0.1417591801878737,0.0,0.0,0.47058823529411764,0.20000000000000007,0.5204242424242425,0.6277007833347681,0.0,0.6666666666666667,0.6,0.0,0.7576167076167076,1.0,0.016869424168694303,0.0,0.16842900302114794,0.0,0.0,0.375,0.6666666666666667,0.8487460815047022,0.5,0.5,0.33333333333333337,0.29999999999999993,1.0,1.0,0.7,1.0,0.9285714285714286,0.0,0.4782463111369064,0.0,0.7979675780304863,0.0,0.4722222222222222,0.4356636271529889,0.6666666666666667,0.6904683917458239,0.5304015552725079,0.04027439699048463,0.7301587301587302,0.9455597757279798,0.1971391155434674,0.0,0.7777777777777778,0.0,1.0,0.24148606811145512,0.6067510548523207,0.9326364692218351,0.0,0.791044776119403,0.0,0.8067986230636833,0.9803921568627451,0.9829662976031147,0.0,0.9935833452160274,0.5660792951541851,0.7120496632690869,0.9859154929577465,1.0,0.5791662645951945,1.0,0.9917016537811684,0.9884585289514867,0.0,0.0,0.6666666666666667,0.9,0.5196078431372548,0.9015481901439163,0.3176868917562514,0.0,0.0,0.0,0.0,0.9965037529644752,0.5615785711071895,0.501420565365511,0.0,0.9860322480174417,0.0,1.0,0.655,0.9737256371814093,0.9896447241367828,0.6209762090231443,0.6666666666666667,0.9254136956814207,0.3864433503877467,0.0,0.5741935483870968,0.0,0.7916666666666666,0.65,0.0,0.0,0.5212121212121212,0.0,0.0,0.652542372881356,0.6062329567588625,0.0,0.0,1.0,0.0,1.0,0.7148515808033234,0.8409727391967103,0.0,0.0,0.0,0.0,0.7919441801458929,0.4098360655737705,0.47598183954027373,0.6206896551724137,0.21212121212121204,0.0,0.0,0.6907441016333938,0.0,0.0,0.0,0.5909090909090908,0.0,0.0,0.40384615384615385,1.0,0.15250965250965254,0.8974358974358975,0.3589325426241661,0.20000000000000007,0.7046722454672245,1.0,0.9735494880546075,0.3383202099737532,1.0,1.0,0.09994256174612282,0.0,0.0,0.5714285714285714,0.6487311052558591,0.0,0.8095238095238095,0.6572549019607843,0.29198767334360565,0.6271186440677966,1.0,0.0,0.0,0.0,1.0,1.0,1.0,0.4703008770955923,0.2500000000000001,1.0,0.8176470588235294,1.0,0.15096153846153848,0.7,0.0,0.0,0.0,0.0,0.0,0.5258064516129033,0.8571428571428571,0.0,0.0,0.0,0.9,0.0,0.6956521739130435,1.0,0.0,0.0,0.641025641025641,1.0,0.967741935483871,1.0,0.9065431251429878,0.0,0.6875,0.2932735426008969,0.0,0.4666666666666667,0.0,1.0,0.23853211009174313,0.2727272727272728,0.08333333333333337,0.953968253968254,0.75,0.0,0.0,0.5,0.0,0.870311506675143,0.5,0.0,0.33333333333333337,0.0,0.005331302361005319,0.0,0.375,1.0,0.6573705179282869,1.0,0.8,0.0,0.44999999999999996,0.5882352941176471,0.0,1.0,1.0,1.0,0.5,0.7522522522522522,0.6666666666666667,0.9571428571428572,0.12063377745768811,0.37037037037037035,1.0,0.6470588235294118,0.9620622568093385,0.0,0.18181818181818177,0.9698798578600034,0.6733668341708543,0.6486486486486487,0.0,0.8571428571428572,1.0,0.65,0.75,0.0,1.0,1.0,0.8095238095238095,0.0,0.6672449687716863,0.9888888888888889,1.0,0.2829484113103736,1.0,0.0,0.8984033525091247,1.0,1.0,0.743902664350911,0.0,0.9968825626480002,0.9926356874585758,0.8764568764568764,0.0,0.6551724137931034,0.6666666666666666,0.9582528167927149,0.9632352941176471,0.5356135770234987,0.0,0.0,0.0,0.0,0.9954500737825873,0.558346823740516,0.13949682961750842,0.0,0.9829730530056263,0.0,0.9887005649717514,0.5,1.0,1.0,0.9120031751431649,1.0,0.93802931946176,0.24717620481927727,0.0,0.8718730933496034,0.0,0.49656629688325415,1.0,0.7142857142857143,0.0,0.6950747094631987,0.0,0.0,0.7614804660726525,0.838012958963283,0.0,0.0,0.6666666666666667,0.0,0.6923076923076923,0.14061608670849968,0.2342752962625343,0.0,0.0,0.27142857142857135,0.0,0.7676169983862291,0.0,0.0,0.5986233598623361,0.0,0.5454545454545454,0.0,0.5441795231416549,0.0,0.0,0.0,0.9,0.0,0.0,0.9676956209619526,0.808,0.0,0.8003966822935449,0.30282227307398946,0.22178529296106964,0.0,0.9,0.957983193277311,0.0,0.75,0.33333333333333337,0.39712457263084067,0.5467144563918758,0.0,0.47878252083859574,0.9634241245136187,0.0,1.0,0.22635983263598347,0.7056655918931368,0.4375,0.8571428571428571,1.0,0.0,0.3403543965229019,0.8333333333333334,0.8,0.0,0.10509209100758399,0.5714285714285714,0.4716925784687591,0.3993481297532204,0.3999999999999999,0.0,1.0,0.33333333333333337,0.0,0.0,0.0,0.0,0.0,0.0,0.377164056059357,0.0,0.0,1.0,0.0,0.4162141194724591,0.0,0.14513822688274536,0.4,0.9787377657779278,0.5,0.42295887047268266,0.15789473684210542,0.6671740233384069,0.0586419753086419,0.0,1.0,0.8563829787234043,1.0,0.0,0.0,0.30497131931166344,0.5714285714285714,0.75,1.0,0.0,1.0,1.0,1.0,0.0,0.5662407531943511,1.0,0.31264023934180996,0.0,0.016731016731016624,0.16302440580634858,0.56,1.0,0.0,0.9187145557655955,0.0,0.0,1.0,0.0,0.061514195583596276,0.9438202247191011,0.0,0.6666666666666666,0.5,0.5,0.07154308617234462,0.0,0.8281884646628757,0.0,0.7777777777777778,0.39363057324840767,1.0,1.0,0.6965352449223416,0.16163456533055687,0.7000957395883198,1.0,0.20000000000000007,1.0,0.5,0.0,1.0,0.4375,0.7715909090909091,0.9168937329700273,0.0,0.6923076923076923,0.0,0.8933747412008282,0.9166666666666666,0.9701446598953524,0.0,0.5869565217391304,0.6724137931034482,0.3955524988537368,0.6666666666666667,0.0,0.3099962087703777,0.0,0.9960571401749253,0.9850729280150897,0.3366228070175439,0.0,1.0,1.0,0.7041939265590138,0.8495792426367461,0.21998739062908468,0.0,0.0,0.0,0.0,1.0,0.9366852886405959,0.3590626087629064,0.0,0.9797297297297297,0.0,0.9166666666666667,1.0,0.935483870967742,0.9758174745032068,0.49699916071513395,0.0,0.8292258844874508,0.6569328303060946,runif
0.0,0.7065637065637065,0.0,0.0,0.9,0.0,0.0,0.6186061381074168,0.0,0.6963880664996585,0.0,0.0,0.0,0.8495391019922688,0.0,0.0,0.8888888888888888,0.0,0.0,0.7225683772438618,0.7367939629544935,0.41691248770894784,0.33333333333333326,0.7306257770410278,0.04064909089732227,0.02224564719566724,0.0,0.0,0.0,0.77227200843437,0.0,0.0,0.8489945636289239,0.0,0.7777777777777778,0.8087987702217992,0.360116873630387,0.5871559633027524,0.0,0.7544507450876962,0.6084667771028898,0.1794871794871794,0.8826247022305638,0.43038850912866666,0.75,0.8509254627313657,0.07581788175905269,0.0,0.6666666666666667,0.8445234919223358,0.39141986403063234,0.0,0.5217391304347827,0.7421008919221463,0.0,0.7919843597262952,0.0,0.673943956503555,0.0,0.7932159165035877,0.27098540145985417,0.8210045662100457,0.5596465390279823,0.33333333333333337,0.4,0.5,0.23715927010587956,0.33333333333333337,0.5156772334293949,0.2712003651300777,0.1428571428571428,0.6625039271127866,0.7179487179487178,1.0,0.7321428571428571,0.0,0.3501350135013501,0.7741935483870968,0.0,0.5714285714285714,0.8029447115384616,0.0,0.6428571428571428,1.0,0.8197362701057818,0.345492915284896,0.5,0.46983311938382555,0.6000000000000001,0.481491867638811,0.33333333333333337,0.9578651685393258,0.7777777777777778,0.07894736842105265,0.0,0.052631578947368474,0.284446764091858,0.7313559322033899,0.791869918699187,0.0,0.0,0.24109939862346497,0.0,0.7333333333333334,0.9095757575757576,0.6526641990186796,0.0,0.0,0.0,0.6666666666666667,0.43502626970227687,1.0,0.016869424168694303,0.0,0.5240750126710594,0.5871186440677967,0.619047619047619,0.375,0.6666666666666667,0.492685475444096,0.0,0.875,0.33333333333333337,0.29999999999999993,0.2727272727272726,0.7158779462817467,0.6000000000000001,0.75,0.0,0.5,0.6399535683193072,0.47463667242051344,0.5286654135338346,0.32803049134145323,0.41666666666666663,0.9421613394216134,0.0,0.0,0.9416983523447402,0.0,0.6522675736961452,0.5686637676491115,0.05147577314395069,0.36363636363636365,0.0,0.0,0.8269230769230769,0.49786324786324787,0.0,0.3296482412060301,0.5,0.0,0.9142857142857143,0.9915350805795214,0.0,0.9829662976031147,0.9495035460992908,0.9958516424423071,0.18502202643171806,0.3606169265681368,0.9436619718309859,0.0,0.23197594004310196,0.0,0.9956692336847909,0.9967028819989274,0.0,0.0,0.9333333333333333,0.0,0.5196078431372548,0.9461960441896663,0.3095830074810759,0.0,0.0,0.0,0.0,1.0,0.0,0.0,0.8170221053656637,0.9867957385781602,0.6666666666666667,1.0,0.0,0.9518716577540107,0.9902115069872844,0.8565438385306188,0.0,0.9248108064122386,0.37229635956015805,0.0,0.5741935483870968,0.0,0.0,0.8571428571428572,0.0,0.0,0.7666666666666666,0.0,0.7326787512588117,0.0,0.0,0.0,0.819047619047619,0.0,0.0,1.0,0.0,0.0,0.8652857352725136,0.8861120429386112,0.7142857142857143,0.0,0.7919441801458929,0.0,0.0,0.0,0.0,0.5,0.7083333333333333,0.0,0.0,0.8655913978494624,0.0,0.84,0.8859825539132542,0.5087719298245614,0.49809673085535144,0.0,0.957680250783699,0.717948717948718,0.3589325426241661,1.0,0.2549019607843137,0.0,0.7850503485670023,0.0,0.23076923076923073,1.0,0.960080413555428,0.6336147795338097,0.0,0.75,0.8097351268894744,0.0,0.9238985313751669,0.0,0.29198767334360565,0.0862068965517242,0.85,0.0,0.8,0.7943107221006565,0.5,1.0,1.0,0.4703008770955923,0.2500000000000001,1.0,0.5554089709762533,0.0,0.675,0.7,0.7777777777777778,0.8666666666666667,0.0,0.4734350341925302,1.0,0.5258064516129033,0.8571428571428571,0.7349801768831961,0.0,0.625,0.9,0.9914977109221713,0.4347826086956522,0.0,0.7961876832844574,0.0,1.0,1.0,0.967741935483871,1.0,0.0,0.31135531135531125,0.0625,0.0,0.0,0.9333333333333333,0.2272727272727273,0.0,0.34768378650553866,0.0,1.0,0.7137566137566138,0.6032608695652175,0.0,0.0,0.0,1.0,0.846180316586373,0.5,0.0,0.33333333333333337,0.6714697406340058,0.0,0.8865591397849463,0.375,1.0,0.93589258698941,0.0,0.8,0.0,0.44999999999999996,0.5882352941176471,0.8333333333333334,1.0,1.0,0.0,1.0,0.818840579710145,1.0,0.0,0.0,0.5555555555555556,1.0,0.0,0.0985401459854015,1.0,0.0,0.0,0.8216080402010051,0.0,0.6363636363636364,0.0,1.0,0.8,0.25,1.0,0.5,0.0,0.0,0.9117647058823529,1.0,0.0,1.0,0.9452190764286051,1.0,0.7540603248259861,0.5625215915406221,0.9558823529411765,0.0,0.2718999671178338,0.9545454545454546,0.995397354777712,0.9889642318492269,0.9139710942876806,0.0,0.9310344827586207,0.0,0.9504885795480449,0.9640071985602879,0.5356135770234987,0.0,0.0,0.0,0.0,1.0,0.0,0.0,0.8148148148148148,0.9703862005800641,0.5,0.9887005649717514,0.0,0.9993906154783668,1.0,0.9967778971149217,0.0,0.9380559494649994,0.24667419678714853,1.0,0.8650982085042089,0.0,0.0,0.75,0.0,0.0,0.8275862068965517,0.0,0.7091041869522882,0.0,0.0,0.0,0.2768361581920904,0.0,0.0,0.6923076923076923,0.0,0.0,0.8922779211205307,0.6914725621792341,0.0,0.0,0.792257016514755,0.2627737226277371,0.0,0.0,0.0,0.5454545454545454,0.75,0.0,0.0,0.501031297641467,0.0,0.9,0.5528072241853161,0.5,0.968141592920354,0.4625,0.41691950740674644,0.5409304002884963,0.34023464458247066,0.609366391184573,0.7692307692307692,1.0,0.8700894593543368,0.40347334410339253,0.0,0.6666666666666667,0.837029893924783,0.41194743130226996,0.0,0.47928769891386713,0.5949932481562272,0.0,0.527659574468085,0.0,0.8364101107639875,0.0,0.8571428571428571,0.9,0.9491525423728814,0.17352056168505514,0.75,0.4,0.0,0.10509209100758399,0.5714285714285714,0.5153374233128833,0.21393034825870672,0.19999999999999996,0.5282657297987863,0.5,0.33333333333333337,0.6666666666666667,0.0,1.0,1.0,0.0,0.0,0.894869109947644,0.0,0.0,1.0,0.6525849335302807,0.389958012596221,1.0,0.0,0.4,0.4008455808335011,0.0,0.6559934318555007,1.0,0.42800199302441466,0.0,0.0,0.8235294117647058,0.9740791268758526,0.7407407407407407,0.0,0.0,0.0,0.5714285714285714,0.0,0.9583333333333334,0.23607427055702923,1.0,0.0,0.33333333333333337,0.0,0.0,1.0,0.31264023934180996,0.0,0.019255455712451575,0.050579213574808435,0.24,1.0,0.0,0.4765432098765432,0.0,1.0,1.0,0.0,0.0,0.6637426900584795,0.0,0.6666666666666666,0.0,0.5,0.9115307198313045,0.3846153846153846,0.5699088145896656,0.5896090709087831,0.0,0.9252008032128514,0.0,0.05882352941176472,1.0,0.0,0.603724826234183,0.2682578539371686,0.17333333333333356,0.0,0.0,0.5,0.8780487804878049,0.625,0.0,0.40538957234915063,1.0,0.0,1.0,0.9984484096198604,0.0,0.967741935483871,0.854320987654321,0.6730226364846871,0.2068965517241378,0.056340960669595486,0.6666666666666667,1.0,0.08036732108929723,0.0,0.9962370795990382,0.9542727552565287,0.7905443434911956,0.0,1.0,0.0,0.7265321819389574,0.7694994179278231,0.21998739062908468,0.0,0.0,0.0,0.0,0.9655172413793104,0.0,0.0,0.7358490566037736,0.9797297297297297,1.0,1.0,0.0,0.935483870967742,0.9768375540457073,0.806473578362286,0.0,0.8802097410670847,0.6813520208499754,runif
0.5714285714285714,0.7057535565668955,0.7835178351783518,0.0,0.0,0.0,0.0,0.7777389684480149,0.8542607648298706,0.7410782449370514,0.0,0.0,0.7342947020898869,0.8723102388271459,0.0,0.0,0.0,0.6508475353808748,0.0,0.7585816876122082,0.8119127516778524,0.717948717948718,0.0,0.4833273574757979,0.0,0.2234090607147603,0.0,0.0,0.0,0.768370607028754,0.0,0.0,0.5803671294164089,0.8571428571428572,0.8095238095238095,0.0,0.0,0.4758120032542711,0.8861985472154964,0.28755252100840334,0.8740453436762765,0.5769230769230769,0.0,0.38636363636363635,0.0,0.8515341471461564,0.26829861392558974,0.0,0.33333333333333337,0.6265841438255231,0.3269367448471926,0.0,0.7028985507246377,0.36529627663258013,0.7588970271434726,0.9067731135719804,0.0,0.4529270797672029,0.10981067125645427,0.8259325044404973,0.9756662804171495,0.5821138211382115,0.0,0.33333333333333337,0.4,0.5,0.0,0.22222222222222232,0.9736745886654479,0.0,0.5714285714285714,0.0,0.6000000000000001,0.0,0.7192982456140351,0.0,0.48557692307692313,0.3548387096774194,0.16455696202531644,0.2857142857142857,0.9304530453045304,0.963151207115629,0.6428571428571428,1.0,0.0,0.4730715505199442,0.0,0.6632358995471388,0.6734693877551021,1.0,0.0,0.30323450134770913,1.0,0.2941176470588235,0.0,0.5,0.8620977852068533,0.6788337290849854,0.9168975069252078,0.5798662704309063,0.125,0.853701495772816,0.012653516933383013,0.0,0.0,0.31300013118194925,0.75,0.6666666666666667,1.0,0.0,0.4591836734693878,0.7777777777777778,0.0,0.7777777777777778,0.8358352991636285,0.20467258966765378,0.0,1.0,0.6666666666666667,0.3438568353522138,0.5,0.625,0.33333333333333337,0.0,1.0,0.36911898274296095,0.7179487179487178,0.0,0.8571428571428571,0.5,0.0,0.17611122814409108,0.4931714719271625,0.0,0.0,0.0,0.8333333333333334,0.4151348770589639,0.9397099110195587,0.18483829650976635,0.90695291008145,0.46047430830039526,0.6432877813504823,0.4444444444444444,0.11111111111111116,1.0,0.8269230769230769,0.578268876611418,0.0,0.9308617234468938,0.0,0.6666666666666667,0.9142857142857143,0.925334902558067,0.9851745576279293,0.9112131802296555,0.940580474934037,0.0,0.0,0.4851190034848373,1.0,0.0,0.0,0.0,0.0,0.0,0.529071706503613,0.206896551724138,0.16666666666666663,0.9,0.0,0.45857372738333535,0.0,0.0,0.0,0.0,0.0,0.986697247706422,0.5119991103098696,0.501420565365511,0.0,0.9962325962325962,0.0,1.0,0.0,0.0,0.0,0.0,0.6666666666666667,0.9754258720236675,0.0,0.0,0.5741935483870968,0.8656716417910448,0.0,0.0,0.0,0.0,0.7666666666666666,0.5945945945945946,0.9432301598943817,0.0,0.0,0.913323782234957,0.4736842105263158,0.0,0.0,0.0,0.8427225130890053,0.0,0.8707590569292697,0.8861120429386112,0.7142857142857143,0.0,0.42233009708737856,0.0,0.45476975528789,0.0,0.21212121212121204,0.25,0.9166666666666666,0.0,0.0,0.8655913978494624,0.6666666666666667,0.5909090909090908,0.0,0.0,0.8451776649746193,0.6514423076923077,0.0,0.8974358974358975,0.6560415122312824,0.0,0.12435233160621761,0.0,0.5485812553740326,0.42070078377132325,0.0,1.0,0.709164498409945,0.0,0.0,0.5714285714285714,0.3014414038019637,0.7758186397984886,0.8756137479541735,0.0,0.38674828952106577,0.5121951219512195,0.8161120840630472,0.42715559960356786,1.0,0.0,0.5,1.0,1.0,0.05695570112135029,0.0,1.0,0.0,0.5,0.1408918406072106,1.0,0.1428571428571429,0.9319748276895415,0.0,0.0,0.125,0.5672043010752688,0.5714285714285714,0.8532235939643348,1.0,0.625,0.0,0.23864795918367343,0.5238095238095237,1.0,0.5560179257362357,1.0,0.47089947089947093,0.0,0.6129032258064515,0.5,0.8687345712139101,0.5377444292860392,0.6875,0.9283018867924528,0.062809917355372,0.2799352750809063,0.31775700934579443,0.0,1.0,0.4545454545454546,0.75,0.5564368517388651,0.5189255189255191,1.0,0.0,0.5,0.0,0.7845719661335842,1.0,0.21682464454976313,1.0,0.9512044471896233,0.2456207159177457,0.0,0.0,1.0,0.3451647953639986,1.0,0.8,0.0,0.0,0.5882352941176471,0.0,0.7,0.5,1.0,1.0,0.0,0.0,0.7857142857142857,0.12535816618911177,0.0,0.0,0.8823529411764706,0.5047723935389133,1.0,0.7613086296110833,0.9835567028537077,0.9310040780337264,0.5258918296892982,0.6363636363636364,0.0,1.0,0.8,0.25,0.6666666666666667,0.9318181818181818,1.0,0.0,0.9117647058823529,0.9200747024563181,0.9888888888888889,0.9512078450131547,0.9029495950638682,0.0,0.5036964021685559,0.6295158562207507,1.0,0.0,0.0,0.0,0.0,0.0,0.0,0.375,0.1724137931034483,0.6666666666666666,0.5008673913866899,0.8547388526641638,0.0,0.0,0.0,0.0,0.0,1.0,0.4311549377774543,0.5152053506113492,0.0,0.9993933201353854,0.0,1.0,0.0,0.0,0.0,0.799406921846346,1.0,0.8609076389271355,0.0,1.0,0.7966804979253113,1.0,0.0,0.0,0.0,0.0,0.6880534971986265,0.6589354742789177,0.4321293089229754,0.0,0.0,0.5771783344037678,0.48046676813800104,0.0,0.0,0.0,0.9716077132379037,0.0,0.610161156086858,0.8862876254180602,0.881578947368421,0.0,0.8010245349150714,0.25374732334047123,0.0,0.0,0.0,0.0,1.0,0.0,0.0,0.865234375,1.0,1.0,0.0,0.0,0.9728260869565217,0.32799999999999996,0.05932932072227015,0.8010610079575596,0.7280701754385965,0.25244236029699085,0.3076923076923076,0.09090909090909083,1.0,0.21616871704745155,0.0,0.33333333333333337,0.683116025746823,0.5913541004450096,0.0,0.47295266716754325,0.09793420045906642,0.0,0.9638386648122392,0.0,0.3737950731881471,0.6000000000000001,0.7806122448979592,0.8571428571428572,0.8177966101694916,0.0,0.0,0.4,0.0,0.0,0.5714285714285714,0.904818034477678,0.0,0.6,0.0,0.0,0.33333333333333337,0.41176470588235303,0.0,0.0,1.0,0.0,0.0,0.8519862490450726,0.5,0.0,0.0,0.14699853587115674,0.4811381074168798,0.0,0.8937007874015748,0.75,0.8404255319148937,0.5,0.321669736034377,0.32333333333333336,0.01522070015220689,0.7584745762711864,0.0,0.7932816537467701,0.8191442434936039,0.0,0.8010291595197255,0.0,0.43270365997638727,0.5064935064935064,0.25,0.34426229508196726,0.009628610729023324,0.0,1.0,1.0,0.0,0.06952965235173814,0.0,0.19999999999999996,0.7142857142857142,0.7571428571428571,0.30951254141031714,0.0,1.0,0.0,0.3009682625067239,0.0,0.33333333333333337,1.0,1.0,0.061514195583596276,0.9581005586592178,0.5,0.0,0.0,0.5,0.09012753897024095,0.6923076923076923,0.5412293853073464,0.0,0.0,0.3443179548631914,0.0,0.0,0.8635142396560989,0.0,0.7645901639344261,0.15638023417344715,0.5733333333333335,0.0,0.5,0.5,0.8780487804878049,0.0,0.0,0.8836772983114447,0.0,0.0,1.0,0.9169329073482428,0.9166666666666666,0.8805786395814097,0.6467276565798734,0.8392741935483871,1.0,0.8624872441611953,0.5,0.0,0.0,0.0,0.0,0.0,0.0,0.1428571428571428,0.5,1.0,0.3455599137778721,0.19674267100977194,0.0,0.0,0.0,0.0,0.0,0.9192825112107623,0.9369684842421211,0.697845546957973,0.0,1.0,0.0,1.0,0.5,0.0,0.28870506535947704,0.20574530649174405,0.0,0.9197775628626692,0.0,runif
0.0,0.0,0.811068211068211,0.0,0.0,0.0,0.7857142857142857,0.6186061381074168,0.6689291101055808,0.0,0.8354430379746836,0.0,0.0,0.0,0.5,0.9012795367516578,0.33333333333333326,0.4964983440085208,0.6634069067483366,0.5935467144338644,0.6478995236032915,0.4813404417364813,0.33333333333333326,0.0,0.06787669790460171,0.0,0.0,0.0,0.0,0.768370607028754,0.841245809451714,0.6608785873693278,0.0,0.0,0.7704194260485651,0.9134180011043622,0.0,0.9071417831904977,1.0,0.11603773584905663,0.6163261860543644,0.47916666666666663,0.0,0.9693302387267905,0.6572690217391305,0.0,0.9723172628304821,0.0,0.33333333333333337,0.11080332409972315,0.7989311493614659,0.0,0.2632297712529873,0.8659313318958368,0.0,0.7806515124395919,0.5434356826468196,0.6561650605386706,0.41523605150214593,0.8941825476429288,0.8450488997555012,0.8737270875763747,0.96,0.7142857142857143,0.4,1.0,0.0,0.33333333333333337,0.904300007637669,0.0,0.5714285714285714,0.6275792652239557,1.0,1.0,0.0,0.8333333333333334,1.0,0.7741935483870968,0.0,0.5714285714285714,0.2729591836734693,0.0,0.0,0.9166666666666666,0.35147392290249446,0.9173457508731082,0.0,0.9657852006495012,1.0,0.9868681863230921,0.6666666666666667,0.08683068017366125,0.75,0.6521739130434783,0.0,1.0,0.7165562913907284,0.5403068737827182,0.7894736842105263,0.3787812362998685,0.0,0.5798829287651299,0.9001821493624772,1.0,0.0,0.6560943844326975,0.75,0.0,0.5,0.0,0.0,1.0,0.07389162561576357,0.11111111111111105,0.0,0.0,0.19047619047619047,1.0,0.0,0.0,0.0,0.5,0.33333333333333337,0.8571428571428572,1.0,0.36543029417138684,1.0,0.75,0.9285714285714286,0.0,0.6406548300878196,0.5878317385809713,0.9390905298289529,0.19836131903702192,0.9166666666666666,0.6727234184306956,0.8333333333333334,0.937992125984252,0.559001121366342,0.6268043409545886,0.31628603519281173,0.6659171898863058,0.8748733535967579,0.0,0.0,0.0,0.8269230769230769,0.6245210727969348,0.20413436692506448,0.4194952132288947,0.0,0.9006048838772309,0.0,0.0,0.0,0.0,0.9894847184459659,0.9002766676913618,0.29154660275226885,0.6536430143773566,0.0,0.9496071525331888,0.6499262701984916,0.0,0.9918993066179864,0.9078279017221902,0.0,0.206896551724138,0.0,0.7,0.2408131834283076,0.3936641927299458,0.5716100064143681,0.0,0.0,0.0,0.0,0.9999416848415578,0.6384431645252634,0.8750447534748192,0.0,0.977484949010935,0.0,0.9071564564900885,0.0,0.990782452006376,0.0,0.0,0.0,0.0,0.34878172107575134,0.0,0.0,0.8888888888888888,0.0,0.0,0.0,1.0,0.7666666666666666,1.0,0.0,0.652542372881356,0.0,0.0,0.0,1.0,0.8321355786763918,0.9322033898305084,0.8138107664057215,0.7486867324483566,0.7290631154459346,0.8548387096774194,0.7142857142857143,0.0,0.0,0.4098360655737705,0.0,0.0,0.0,0.5,0.0,0.8074074074074074,0.6031198056514511,0.0,0.0,0.8421052631578947,0.8756050435232954,0.0,0.8622968012585213,0.7549751243781095,0.2717086834733895,0.9545454545454546,0.5529676934635612,0.4470802919708029,0.9811227024341779,0.7333333333333334,0.0,1.0,0.0,0.0,0.21129032258064528,0.9308053448898519,1.0,0.0,0.8978374347501864,0.44827586206896564,0.8619854721549637,0.7090336134453782,0.26584570807678387,0.6948051948051948,0.9679276315789473,0.9515868746637978,0.8588807785888077,0.9588509316770186,0.0,1.0,0.0,0.0,0.2500000000000001,1.0,0.0,1.0,0.0,1.0,0.8571428571428572,0.6552901023890785,1.0,1.0,1.0,0.0,0.8571428571428571,0.2923393237892171,0.0,0.0,1.0,0.5935464772054471,0.8095238095238095,1.0,0.9802356148378931,0.5,1.0,1.0,0.19354838709677402,1.0,0.6704790536566237,0.3571428571428571,0.6875,0.1323308270676692,0.9229789942711648,0.0,0.4952015355086372,0.0,0.4992632612966602,1.0,1.0,0.12316890881913312,0.7503052503052503,1.0,0.0,0.0,0.0,0.3889585947302383,0.0,0.16342412451361876,0.0,0.732,0.0,0.7616519174041299,1.0,0.0,0.45763723150357993,0.0,0.8,0.0,0.0,0.5882352941176471,0.0,1.0,0.0,1.0,1.0,0.896105702364395,0.0,0.7571428571428571,0.8327904451682953,0.962962962962963,0.7934766493699036,0.8823529411764706,0.46794592237243793,0.9395209580838323,0.5254237288135593,0.7533863837312114,0.950920245398773,0.6976024748646559,0.0,0.0,0.0,0.8,0.875,0.5333333333333333,1.0,1.0,0.8997772828507795,0.0,0.0,0.0,0.0,0.9762225284572922,0.9077657036840711,0.6636563339028558,0.511692519664176,0.0,0.9576271186440678,0.868191680614965,0.0,0.9979208270670513,0.9172596801993208,0.8854667949951877,0.375,0.0,1.0,0.06730420696043649,0.5283626631297222,1.0,0.0,0.0,0.0,0.0,0.8846153846153846,0.6377867929655654,0.9173372348207754,0.0,0.9744488791077623,0.0,0.9850199733688415,0.0,0.9949845454015279,0.0,0.0,0.0,0.0,0.5013847219016847,1.0,0.0,0.8435870698644421,0.0,0.0,0.0,0.875,0.718819737168361,0.6608856088560886,0.0,0.7450071326676178,0.0,0.0,0.0,0.6666666666666667,0.8833955223880596,0.7647058823529411,0.160773849232822,0.16698358686949566,0.6057533423464023,0.54296875,0.0,0.0,0.0,0.7561260210035006,0.3555982519590115,0.0,0.5729047072330654,0.5454545454545454,1.0,0.8934426229508197,0.674245939675174,0.0,0.0,0.75,0.8184300341296928,0.0,0.350071225071225,1.0,0.8632449190492594,0.4902458056964495,0.0,0.5135135135135136,0.7692307692307692,0.29999999999999993,0.8164591229020033,0.909967845659164,0.0,0.6666666666666667,0.17636472705458905,0.7753044939101218,0.0,0.0,0.6832090797819073,0.25,0.6004746835443039,0.19937304075235118,0.8364101107639875,1.0,0.5,1.0,1.0,0.10896130346232202,1.0,0.4,0.0,0.0,0.5714285714285714,0.7700617283950617,0.0,0.3999999999999999,1.0,1.0,1.0,0.41176470588235303,0.6666666666666667,1.0,1.0,0.0,1.0,0.2000422475707645,0.0,0.0,0.5,0.0,0.7387033398821219,0.0,0.6529006882989183,1.0,1.0,0.5,0.0,0.26315789473684215,0.12940528634361226,0.0,1.0,0.16377171215880904,0.20916666666666672,1.0,0.03606965174129362,0.0,0.8853708589856347,0.05521472392638038,0.0,0.0,0.19282511210762343,0.0,0.0,0.5,0.0,0.0,1.0,0.0,0.2857142857142857,0.5214552238805972,0.4846067953421598,0.0,0.0,1.0,0.0,0.0,0.0,1.0,1.0,0.144144144144144,0.8717948717948718,0.5,0.6666666666666666,0.5,0.0,0.24478318780523922,0.6923076923076923,0.9897070467141726,0.0,0.7777777777777778,0.0,0.0,1.0,0.3670886075949368,1.0,0.3460032626427406,0.2334871646957024,0.19999999999999996,1.0,0.0,0.5,0.8780487804878049,0.9375,0.33333333333333337,0.27323272438443214,0.0,0.6923076923076923,0.0,0.0,0.0,0.0,1.0,0.5168627450980392,0.0,0.8174748818644768,0.0,0.5,0.4705916642378316,0.0,0.9539275205780476,0.8552819007231012,0.3366228070175439,0.7,0.0,0.5714285714285714,0.6721422627669738,0.6526790185277916,0.7793599530240751,0.0,0.0,0.0,0.0,0.9702780441035475,0.6160543973429681,0.7854323935965676,0.0,0.9594594594594594,0.0,0.904,0.5,1.0,0.0,0.17032652281840743,0.0,0.0,0.23611286853093771,runif
0.0,0.706499193362526,0.7854500616522812,0.0,0.0,0.95,0.7857142857142857,0.8503937007874016,0.0,0.6858594649223773,0.0,0.0,0.762922501119926,0.0,1.0,0.0,0.33333333333333326,0.0,0.0,0.0,0.0,0.0,0.33333333333333326,0.0,0.04064909089732227,0.0,0.7084474317484026,0.0,0.0,0.0,0.0,0.0,0.0,0.0,0.0,0.0,0.6976744186046512,0.5871559633027524,0.0,0.0,0.8756766575840146,0.0,0.05355404089581306,0.0,0.0,0.8509254627313657,0.07703135617901169,1.0,0.6666666666666667,0.0,0.7667871900826446,0.0,0.9760119940029985,0.10878938640132663,0.7074088490982224,0.6980702622464127,0.544204794994435,0.4243432275673832,0.2763041556145004,0.0,0.5995174909529555,0.7357686453576864,0.0,0.6666666666666667,0.4,0.0,0.16952016219869337,0.5555555555555556,0.49073952449756997,0.5725180443960234,0.5714285714285714,0.6980487267114981,1.0,0.6363636363636364,0.0,0.0,0.0,0.7741935483870968,0.16455696202531644,0.5714285714285714,0.6914938637325434,0.0,0.0,0.0,0.8771630398710473,0.7223221166195736,0.5,0.0,1.0,0.5446109921484654,0.6666666666666667,0.30323450134770913,0.5,0.4342105263157895,0.0,0.0,0.4482758620689655,0.9207807118254879,0.7894736842105263,0.5936722360469251,0.0,0.4306985772790759,0.2084115659031167,0.5,0.041109605983862485,0.30798615256058237,0.0,0.6666666666666667,0.19999999999999996,0.6666666666666667,0.43502626970227687,0.11111111111111116,0.14922952149229518,0.33333333333333326,0.40475319926873854,0.9884745762711864,0.5302445302445302,0.0,0.6666666666666667,0.869177612491428,0.0,0.0,0.0,0.0,0.0,0.10999451854558728,1.0,0.0,0.0,0.0,0.5342955419167734,0.47135080532016393,0.82307249712313,0.72884712818387,0.4722222222222222,0.6571985233798195,0.8333333333333334,0.9461852861035422,0.8538096176155142,0.5497395187298437,0.3704570791527312,0.3030047374910767,0.0,1.0,0.0,1.0,1.0,1.0,0.6050632911392404,0.9547934528448948,0.0,0.0,0.9142857142857143,0.9985357142857143,0.0,0.9107587314331593,0.9772340425531915,0.9915153038778204,0.24612763726903408,0.49209222353615456,0.9859154929577465,1.0,0.6692087926801247,1.0,0.0,0.963844934321547,0.5185590714989599,0.206896551724138,1.0,0.7,0.008702975856260453,0.9463792516363361,0.5216287433678737,0.0,0.0,0.0,0.0,0.9999758535760854,0.0,0.0,1.0,0.9712309012248772,0.6666666666666667,1.0,0.41666666666666663,0.9214195183776933,0.48280225085739015,0.8644960834655198,0.0,0.9145852100565064,0.0,0.0,0.5741935483870968,0.8656716417910448,0.0,0.0,0.8767123287671232,1.0,0.7666666666666666,0.0,0.7326787512588117,0.652542372881356,0.0,0.8214611872146118,0.0,1.0,0.0,1.0,0.0,0.0,0.0,0.0,0.0,0.0,0.0,0.0,0.5686458066170812,0.6666666666666667,0.0,0.5,0.0,0.0,0.0,0.0,0.0,0.0,0.0,0.5087719298245614,0.846938775510204,0.0,0.19435736677115978,0.8974358974358975,0.0,0.0,0.0,0.0,0.752072072072072,0.0,1.0,1.0,0.0,0.9308053448898519,0.0,0.967156862745098,0.2225922842076048,0.75,0.7173530447025696,0.7090336134453782,0.7286374133949192,0.0,0.0,0.7647058823529411,0.8,0.0,0.75,1.0,0.0,0.0,0.75,0.704225352112676,1.0,0.5,0.5938375350140057,0.29999999999999993,0.7142857142857143,0.9206349206349207,0.0,0.0,0.7692307692307693,1.0,0.8571428571428571,0.9446693657219973,0.0,0.0,0.0,1.0,0.6666666666666666,0.0,0.37642814191220686,0.5,0.4444444444444444,1.0,0.6129032258064515,1.0,0.8455209024552091,0.7142857142857143,0.0625,0.7614349775784753,0.0,0.5528781793842035,1.0,0.0,0.5641025641025641,0.2727272727272728,0.9166666666666666,0.10476190476190483,0.5396618985695708,0.0,0.0,0.0,1.0,0.823330515638208,0.0,0.61,0.33333333333333337,0.9579579579579579,0.9710586443259711,0.42337164750957845,1.0,1.0,0.9347826086956522,0.0,0.0,0.0,0.0,0.0,0.4396984924623115,1.0,0.0,0.0,0.0,0.7289423685877137,1.0,0.9571428571428572,0.8404963136126595,0.37037037037037035,0.0,0.8823529411764706,0.5073313782991202,0.2126179831097863,0.2727272727272727,0.5708744537732606,0.0,0.21292775665399244,0.6363636363636364,0.0,0.0,0.44999999999999996,0.875,0.0,0.9772727272727273,1.0,0.0,0.9117647058823529,1.0,0.0,0.9220864971937933,0.9762225284572922,1.0,0.677056479962503,0.6295158562207507,1.0,1.0,0.8464937475144713,0.6818181818181819,0.0,0.9923243556723012,0.0,0.375,1.0,1.0,0.5025162627236361,0.9644821547492786,0.7394054794089414,0.0,0.0,0.0,0.0,1.0,0.0,0.0,1.0,0.9877691469065141,0.5,1.0,0.5,0.9260346756152125,0.9358112741736387,0.996778135762693,0.0,0.8564335153260823,0.0,1.0,0.8101670814077497,1.0,0.0,0.0,0.7142857142857143,0.9838709677419355,0.6880534971986265,0.0,0.7067113712564641,0.7374219610723467,0.0,0.765751211631664,0.0,0.6666666666666667,0.0,0.6923076923076923,0.0,0.0,0.0,0.0,0.23181818181818192,0.0,0.0,0.262496166819994,0.7058599695585996,0.8722493887530562,0.0,0.5454545454545454,0.0,0.0,0.0,0.0,0.0,0.0,0.0,0.16666666666666663,0.9733576642335766,0.5,0.0,0.7992586812329302,0.01534113847396057,0.24852304056715258,0.15384615384615385,0.09090909090909083,1.0,0.40347334410339253,0.5555555555555556,0.6666666666666667,0.0,0.7682198327359617,0.0,0.9743622126799697,0.0857659519504006,0.0,0.8409387222946545,0.1933234734840482,0.2686099735003613,0.4375,0.2857142857142857,0.0,0.9375,0.0,1.0,0.4,0.0,0.12765957446808518,0.5714285714285714,0.5010141987829615,0.3433830989998551,0.6,0.562870699881376,1.0,0.33333333333333337,0.41176470588235303,0.0,0.0,1.0,0.0,1.0,0.810593569661995,0.0,0.0,0.0,0.6847290640394088,0.4162141194724591,1.0,0.14666981577704297,1.0,0.8351063829787234,0.5,0.40131578947368407,0.42000000000000004,0.0,0.7584745762711864,1.0,0.29457364341085257,0.8563829787234043,0.7058823529411765,1.0,0.0,0.26845637583892623,0.0,0.25,0.7916666666666667,0.12833545108005084,1.0,1.0,0.44444444444444453,0.0,0.03402366863905315,1.0,0.12041884816753934,0.4285714285714285,0.7350199733688416,0.9329534026148173,0.88,0.0,0.0,0.9665970772442589,0.0,0.0,0.0,1.0,0.9175,0.28893442622950816,0.0,0.6666666666666666,0.0,1.0,0.07154308617234462,0.3846153846153846,0.8230125523012553,0.8306725122011747,0.7777777777777778,0.8802451673738803,0.0,1.0,0.9551853842020419,0.7415019762845849,0.0,0.7734269511207128,0.0,0.0,0.0,0.5,1.0,0.9375,0.7715909090909091,0.9030976965845909,0.0,0.0,1.0,1.0,0.0,0.9069767441860466,0.9375,0.6888293554148401,0.0,0.14942018142710178,0.6666666666666667,0.0,0.45264267429603977,1.0,0.0,0.9467338120353308,0.0,0.7,1.0,0.5714285714285714,0.4537315362487476,0.8736935080229649,0.4807813002280833,0.0,0.0,0.0,0.0,0.9655172413793104,0.0,0.0,0.9848484848484849,0.9594594594594594,1.0,1.0,0.0,1.0,0.23327156681078853,0.8108209555472143,0.0,0.9183763837638377,0.0,runif
0.5714285714285714,0.7057535565668955,0.7854500616522812,0.0,0.9,0.0,0.828125,0.0,0.5644155139679956,0.0,0.0,0.0,0.8332475085572351,0.0,0.0,0.0,0.33333333333333326,0.0,0.0,0.0,0.7818576645938209,0.0,0.0,0.0,0.056075979490729844,0.0,0.6142888595332452,0.14924452667283383,0.0,0.77227200843437,0.7949968860286486,0.884327120779996,0.0,1.0,0.8095238095238095,0.0,0.0,0.8023156089193825,0.9688304260794968,0.3170571202948145,0.0,0.0,0.2591496426766766,0.38636363636363635,0.8481012658227848,0.9445831253120319,0.0,1.0,0.0,0.8498748957464554,0.800030014256772,0.0,0.7604895104895104,0.4446746127860285,0.7318157327586207,0.0,0.5754362362996083,0.7122823984526112,0.7972972972972973,0.8158379373848987,0.3537794299876085,0.0,0.0,0.8571428571428572,0.4,0.0,0.4361696276332435,0.33333333333333337,0.5115643886564388,0.0,0.5714285714285714,0.742080523196403,1.0,0.0,0.6666666666666666,0.0,0.0,0.0,0.0,0.0,0.6694995278564684,0.29689440993788796,0.0,1.0,0.35560565689690515,0.8477831121152217,0.5,0.7775703841966091,1.0,0.0,0.33333333333333337,0.40161725067385456,0.7777777777777778,0.17391304347826086,0.0,1.0,1.0,0.81553654880522,0.0,0.5498821681068342,0.0,0.5876288659793814,0.8711978971085242,0.0,0.07754974150086147,0.0,0.75,0.0,0.19999999999999996,0.0,0.3562311922797552,0.0,0.32052863436123347,0.4444444444444444,0.40475319926873854,0.9493346980552713,0.532650448143406,1.0,0.6666666666666667,0.53568942217126,0.0,0.625,0.0,1.0,0.5,0.04768282882400243,1.0,0.75,0.9285714285714286,0.0,0.3165411412323921,0.0,0.39144736842105254,0.41961613868537806,0.41666666666666663,0.8487868638183155,0.0,0.0,0.8538096176155142,0.0,0.3548137978376522,0.5814615627965833,1.0,0.0,0.0,1.0,0.1923076923076923,0.0,0.0,0.5641618497109826,0.0,0.8991287366681688,0.0,0.0,0.989813736903376,0.9849473156046161,1.0,0.0,0.1386897816302719,0.4851190034848373,1.0,1.0,0.875818145201893,1.0,0.9778839594910039,0.9642423421541372,0.0,0.206896551724138,1.0,0.8,0.5366785691912548,0.5682643319978236,0.6558167790938545,0.0,0.0,0.0,0.0,0.9966644507423347,0.9594427382266613,0.0,1.0,0.0,0.6666666666666667,1.0,0.8666666666666667,0.8952009286931608,0.3471860604846786,0.02340713064907174,0.6666666666666667,0.9905040913223558,0.6812248082173971,0.0,0.5741935483870968,0.8656716417910448,0.0,0.8571428571428572,0.8469798657718122,1.0,0.0,0.5,0.0,0.0,0.0,0.913323782234957,0.0,0.0,0.0,1.0,0.0,0.0,0.0,0.8580630830741892,0.0,0.0,0.0,0.8681318681318682,0.0,0.6666666666666667,0.0,0.0,0.0,0.6880146386093321,0.6055127070426096,0.0,0.7619047619047619,0.8374512353706112,0.0,0.0,0.8025039123630673,1.0,0.0,0.0,0.0,0.671826625386997,0.49255751014884974,0.3999999999999999,0.9874436574372183,0.2697302697302698,1.0,1.0,0.9611930724823605,0.9308053448898519,1.0,0.2574558734023127,0.3469583778014942,0.7374036751630113,0.0,0.7382857142857143,0.26872088857040477,0.6233766233766234,0.8167539267015707,0.6428571428571428,0.0,0.0,0.75,1.0,0.0,0.75,0.2500000000000001,1.0,0.0388768898488121,1.0,0.5938375350140057,1.0,0.6666666666666667,0.0,0.0,0.0,1.0,0.0,0.0,0.9770788912579957,0.32353901403852425,0.0,1.0,0.6175417661097852,0.8260869565217391,0.0,0.9409669211195929,0.5,0.0,1.0,0.19354838709677402,1.0,0.3523387343320086,0.5238095238095237,0.6875,0.9610738255033557,0.0,0.0,0.3474088291746641,0.0,0.4992632612966602,0.8181818181818182,0.75,0.5564368517388651,0.0,1.0,0.0,0.5,0.0,0.0,0.0,0.1996481970096744,0.6666666666666667,0.9579579579579579,0.7965779467680608,0.2776572668112799,0.375,1.0,0.7391304347826086,0.0,0.8,0.0,0.9,0.8823529411764706,0.1745350500715307,1.0,1.0,1.0,0.0,0.6905070529927564,0.6666666666666667,0.7857142857142857,0.0,0.5555555555555556,1.0,0.0,0.0,0.40670553935860054,0.0,0.5627099466072628,0.9439725579875857,1.0,0.0,0.0,1.0,0.0,0.0,0.0,0.9318181818181818,1.0,0.8997772828507795,0.0,0.0,0.5,1.0,0.9871226037973061,0.0,0.0,0.6305806188124428,1.0,1.0,0.9289547906569183,0.9545454545454546,0.9924556492706974,0.9923400343847345,0.9084556254367575,0.375,1.0,0.6666666666666666,0.0,0.0,0.7394054794089414,0.0,0.0,0.0,0.0,0.9954500737825873,0.9552736750651607,0.0,1.0,0.0,0.5,1.0,1.0,0.9428086070215176,0.7580395861062212,0.7203680195917634,1.0,0.9414000110150356,0.7498409813721036,0.0,0.8321521820216338,0.7583892617449665,0.0,0.75,0.7142857142857143,1.0,0.0,0.6662638469284994,0.0,0.0,0.0,0.7261875155433972,0.0,0.0,0.0,0.6923076923076923,0.0,0.0,0.0,0.710037844656695,0.0,0.0,0.0,0.0,0.1857616738964022,0.5831583858175879,0.7648559282002834,0.0,0.75,0.8682602921646747,0.9182879377431906,0.0,1.0,1.0,0.0,0.0,0.9542302357836339,0.8,0.07096107475025859,0.1458885941644562,0.01534113847396057,0.0,0.7692307692307692,0.6363636363636364,0.957983193277311,0.34788867562380044,0.6666666666666667,0.0,0.7914939146716597,0.774016267311497,0.0,0.4762566304622379,0.0792152053954629,0.0,0.0,0.18607442977190858,0.8364101107639875,0.75,0.978021978021978,0.0,0.0,0.0,0.9583333333333334,0.4,0.0,0.07502799552071682,0.5714285714285714,0.5273601924233313,0.0,0.3999999999999999,0.562870699881376,1.0,0.0,0.0,0.0,0.0,0.5,0.0,1.0,0.810593569661995,0.0,0.0,0.5,0.0,0.5629795396419437,1.0,0.6957139474307364,0.0,0.0,0.0,0.0,0.7800829875518672,0.08536585365853655,0.5454545454545454,1.0,0.7932816537467701,0.8383333333333334,0.7058823529411765,0.8010291595197255,0.625,0.878386167146974,0.0,0.25,0.34426229508196726,0.0,0.0,0.0,0.33333333333333337,0.0,0.6760665220535068,0.5,0.38075313807531386,0.4285714285714285,0.6994047619047619,0.25251584047707787,0.5,1.0,0.0,0.8859170305676856,0.0,0.33333333333333337,0.0,1.0,0.0675,0.258849557522124,1.0,0.6666666666666666,0.5,1.0,0.0,0.0,0.5375527426160338,0.8318808697859379,0.0,0.6162005785920925,0.0,0.6020230205790025,0.9551516455151645,0.4247619047619047,0.0,0.0,1.0,1.0,0.0,0.0,0.41463414634146345,0.0,0.0,0.46703733121525026,0.0,0.0,0.0,0.0,0.9166666666666666,0.9767441860465116,0.9375,0.851218820861678,0.0,0.8648771906964623,0.6666666666666667,1.0,1.0,0.0,0.9542174947932163,0.9455377400066377,0.3366228070175439,0.7,1.0,0.8571428571428571,0.0,0.6524053429747915,0.48304141705156933,0.0,0.0,0.0,0.0,1.0,0.9832402234636871,0.0,0.9848484848484849,0.0,1.0,0.9789220114423367,0.888888888888889,0.7722419928825623,0.0,0.33391716129869287,0.0,0.884853208625617,0.5929957579599201,runif
0.0,0.0,0.7369207772795217,0.8761390125026489,0.75,0.0,1.0,0.0,0.8549031663080233,0.0,0.8354430379746836,0.0,0.6913840340103921,0.6024118399415311,0.5,0.7410786896977977,0.0,0.5759079781347463,0.0,0.70527791387664,0.8108176739461656,0.717948717948718,0.25,0.0,0.006175156968088569,0.0,0.7883474822653798,0.0,0.0,0.0,0.0,0.0,0.5803671294164089,0.8571428571428572,0.6842105263157894,0.8564580734125682,0.45081640780565513,0.5927360774818402,0.0,0.6840861344537815,0.6123160762942779,0.5769230769230769,0.0,0.47054346171411177,0.9712918660287081,0.852291460600066,0.149767378215654,1.0,0.6666666666666667,0.8439458257529816,0.20171529156211387,0.0,0.5217391304347827,0.0,0.0,0.7383199622463426,0.9142901425914445,0.0,0.4878472222222221,0.992133726647001,0.0,0.4738725841088046,0.40353460972017663,0.6666666666666667,0.8,0.5,0.16952016219869337,0.44444444444444453,0.0,0.2602581390868811,0.5714285714285714,0.0,0.7483870967741936,1.0,0.9473684210526316,0.8333333333333334,0.8001800180018002,0.3548387096774194,0.0,0.5714285714285714,0.8015630724142142,0.7391304347826086,0.6428571428571428,0.9166666666666666,0.7724664507172605,0.36047926612374814,0.0,0.8326635409689662,1.0,0.0,0.0,0.9578651685393258,0.11111111111111116,0.07894736842105265,0.5407279029462738,1.0,0.2808390732623669,0.2519317533578801,0.36797326040717104,0.6520547945205479,0.125,0.0,0.0,0.6666666666666667,0.6396641145961965,0.6492931695072004,0.75,0.0,0.0,0.6666666666666667,0.4263251935675998,0.0,0.1514267185473409,0.33333333333333326,0.48794155909136394,0.336227045075125,0.0,0.875,0.0,0.3438568353522138,0.5,0.0,0.0,0.8571428571428572,0.5,0.0,0.0,0.0,0.9285714285714286,0.0,0.4954473220804879,0.0,0.38369531004091917,0.7416345251746064,0.4722222222222222,0.6639483160347386,0.8333333333333334,0.9345703125,0.9384872055987693,0.9878442073927065,0.9687848383500557,0.9575939769613451,0.026929260450160752,0.0,0.0,1.0,0.8269230769230769,1.0,0.20686695278969947,0.9033613445378151,0.5,0.0,0.9142857142857143,0.0,0.0,0.0,0.4421004356798901,0.9253069102051373,0.477890005145008,0.36122472701911423,0.9850746268656716,0.9988880063542495,0.0,0.76,0.978312806727013,0.0,0.5227448810182624,0.0,0.7435897435897436,0.7,0.8135375555973188,0.9560548431912906,0.0,0.0,0.0,0.0,0.0,0.9998371790100484,0.5118391006499209,0.8738529191352177,0.0,0.9749927515221803,0.0,1.0,0.0,0.0,0.5726285699957373,0.10545995134696806,0.0,0.0,0.09473193613374642,0.0,0.0,0.8888888888888888,0.7916666666666666,0.65,0.0,0.9,0.0,1.0,0.0,0.652542372881356,0.0,0.8089275473140891,0.7435897435897436,1.0,0.8241454173938956,0.0,0.8427225130890053,0.0,0.8708724673636954,0.9689174705251876,1.0,0.0,0.0,0.0,0.521126055050467,0.6206896551724137,0.21212121212121204,0.0,0.33333333333333326,0.0,0.0,0.8655913978494624,0.6666666666666667,0.72,0.8626784861192207,0.5087719298245614,0.49809673085535144,0.0,0.957680250783699,0.7124786324786325,0.6347150259067357,0.0,0.4345338269942781,1.0,0.43585592877377566,0.0,0.6153846153846154,1.0,0.9650187915582539,0.0,0.0,0.8951048951048951,0.0,0.0,0.41237113402061853,1.0,0.0,0.8,1.0,0.0,1.0,0.0,0.75,1.0,1.0,0.0,0.75,0.0,0.5518565941101152,0.5,0.1408918406072106,0.7769230769230769,0.8571428571428572,0.964079822616408,0.8333333333333334,0.6497257769652651,0.0,0.0,0.8571428571428571,0.782176076141034,0.9413407821229051,1.0,1.0,0.9540816326530612,0.5238095238095237,1.0,0.9423666462293072,0.5,0.0,0.0,0.967741935483871,0.0,0.0,0.0,0.6875,0.0,0.0,0.2799352750809063,1.0,0.75,0.0,0.5,0.9166666666666666,0.9710014947683109,0.7503052503052503,1.0,0.0,0.0,1.0,0.0,1.0,0.7056603773584905,0.33333333333333337,0.7365657813465103,0.0,0.0,0.875,0.0,1.0,1.0,0.0,0.0,0.9,0.8823529411764706,0.47678571428571437,0.0,0.5,1.0,1.0,0.8226183518410286,0.0,0.7857142857142857,0.8201296362981635,0.37037037037037035,0.08695652173913038,0.8823529411764706,0.5073313782991202,1.0,0.8656716417910447,0.4834810636583401,0.8804780876494024,0.0,0.0,0.0,1.0,0.8,0.875,0.5138888888888888,1.0,0.0,0.0,0.9117647058823529,0.0,0.0,0.0,0.28298908162783,0.8780663780663781,0.0,0.5464111525020162,0.9850746268656716,0.9915254237288136,0.0,0.8181818181818182,0.9973714012613119,0.0,0.0,0.0,0.736842105263158,1.0,0.1846382775192268,0.9649251004749726,0.0,0.0,0.0,0.0,0.0,0.8846153846153846,0.5633751275976965,0.8382082225403968,0.0,0.9442528410697122,0.0,1.0,0.0,0.0,0.861644265899585,0.0,0.0,0.0,0.0,1.0,0.0,1.0,0.8552677633881695,1.0,0.0,0.875,0.0,0.6856706541104607,0.0,0.7785359801488834,0.0,0.548432381843706,0.433920704845815,0.6666666666666667,0.6382162282989345,0.0,0.9676155654217812,0.0,0.6531836407377707,0.926224010731053,0.881578947368421,0.33333333333333326,0.0,0.262496166819994,0.0,0.8840486867392697,0.0,0.5454545454545454,0.0,0.0,0.0,0.5023326753992463,1.0,0.75,0.6053726825576996,1.0,0.9738725841088046,0.19999999999999996,0.0,0.5388349514563107,0.5753012048192772,0.22178529296106964,0.7692307692307692,0.75,0.8208797032326444,0.2031356509884117,0.5555555555555556,0.6666666666666667,0.8015793773259507,0.4736041711927004,0.0,0.4737704918032787,0.06488549618320594,0.0,0.8536148890479599,0.5521665965502736,0.0,1.0,0.5,0.0,0.6010396361273554,0.33922025991336224,0.9411764705882353,0.8,0.0,0.1187010078387456,0.4285714285714285,0.0,0.3151064450277049,0.6,0.0,1.0,1.0,0.6666666666666667,0.6666666666666667,0.6666666666666666,0.4736842105263158,0.0,1.0,0.8561938257131692,0.75,0.0,0.5,0.522304283604136,0.36409836065573764,0.0,0.7060458651841557,0.5,0.0,0.5,0.6559934318555007,0.5633333333333335,0.4211060375443938,0.060381355932203506,0.0,0.8533916849015317,0.6223118279569892,0.37037037037037046,0.5986277873070327,1.0,0.24169068203650346,0.5714285714285714,0.25,0.8333333333333334,0.18594594594594582,0.0,0.0,0.0,0.0,0.7412831241283124,0.0,1.0,0.4285714285714285,0.620715350223547,0.2964773301870891,0.56,1.0,1.0,0.29427792915531337,0.0,0.0,0.0,1.0,0.0,0.04895104895104896,1.0,0.0,0.5,0.0,0.19102580728828933,0.0,0.4796536796536798,0.4737030411449016,0.7777777777777778,0.8903448275862069,0.0,1.0,0.8734177215189873,1.0,0.9432046138415245,0.8819918144611187,0.19999999999999996,1.0,0.0,0.5,0.8780487804878049,0.9375,0.33333333333333337,0.8836772983114447,1.0,0.0,1.0,0.0,0.0,0.0,0.4736842105263157,0.0,0.6724137931034482,0.11847016711012415,0.5,0.875,0.0,0.33333333333333326,0.9899992646518126,0.0,0.0,0.0,1.0,0.5714285714285714,0.6411188022676731,0.9871974581814784,0.0,0.0,0.0,0.0,0.0,0.965323336457357,0.9327929753461668,0.94135942952511,0.0,0.9594594594594594,0.0,1.0,0.0,0.0,0.18435591741785395,0.7180166715458931,0.0,0.0,0.8772048846675712,runif
0.5714285714285714,0.7057535565668955,0.0,0.8323186018193539,0.75,0.6666666666666667,0.0,0.0,0.0,0.0,0.6548980606663353,0.0,0.6914681696736247,0.5576887576149159,0.5,0.742192110858686,0.33333333333333326,0.4654708110822037,0.0,0.7045817249328223,0.0,0.446257197696737,0.0,0.3484476534296027,0.0,0.015786608600979912,0.6347901054446581,0.029322268326417822,0.0,0.768370607028754,0.0,0.8840868352917746,0.5265921348715934,0.0,0.7704194260485651,0.0,0.0,0.26695589298626166,0.7042695987433956,0.783139534883721,0.6333319810134286,0.3846153846153846,0.8919182083739046,0.43038850912866666,0.4269311064718164,0.46323161580790395,0.8924028123546631,1.0,0.33333333333333337,0.23477100933748307,0.777079683441068,0.0,0.0,0.8919594740245742,0.7352633414719218,0.0,0.6836614707389874,0.4255280736595052,0.27838908450704225,0.9172366621067032,0.8466155385128376,0.891994917407878,0.864406779661017,0.1428571428571429,0.0,0.5,0.9080358616137726,0.0,0.3861648555526107,0.8646362098138748,0.5714285714285714,0.31624102154828415,0.6826923076923077,1.0,0.0,0.0,0.36186650185414093,0.0,0.0,0.2857142857142857,0.8182957393483709,0.2912746725696366,0.0,1.0,0.0,0.019672635057250587,0.5,0.4831906881205067,0.6734693877551021,0.0,0.0,0.06882022471910121,0.33333333333333337,0.4342105263157895,0.8796992481203008,1.0,0.0,0.8189634116555127,0.791869918699187,0.8602261048304214,0.125,0.280775215730655,0.009763424708974844,0.5,0.0,0.0,0.0,0.6666666666666667,1.0,0.6666666666666667,0.5036630036630036,0.11111111111111116,0.3321517192484933,0.33333333333333326,0.17982799061766996,0.0,0.5302445302445302,0.0,0.6666666666666667,0.0,0.0,0.0,0.6666666666666667,0.8571428571428572,0.5454545454545454,0.0,0.6826923076923077,0.75,0.4285714285714285,0.0,0.6406548300878196,0.6130634546131877,0.5702356099015806,0.8915968024956131,0.9166666666666666,0.6455014583800762,0.6666666666666667,0.9403583215464404,0.0,0.04027439699048463,0.39659863945578244,0.8550841446901799,0.026929260450160752,0.8888888888888888,0.0,0.16666666666666674,1.0,1.0,0.6078767123287672,0.2253193960511034,0.0,0.0,0.9142857142857143,0.0,0.9802073515551367,0.9822773593265397,0.9733105489394687,0.7556652974569622,0.07474319929799211,0.0,0.9436619718309859,0.0,0.6692087926801247,0.84,0.996155698155482,0.9637104007044534,0.0,0.0,0.7435897435897436,0.0,0.9121621621621622,0.9022343382510156,0.647618206041491,0.0,0.0,0.0,0.0,0.996503838443108,0.5118391006499209,0.4699518979034747,0.9410894020130255,0.9860322480174417,0.0,1.0,0.9166666666666666,0.9856230031948882,0.9896447241367828,0.6204105419931359,0.0,0.5001883492533297,0.4066063242035971,0.0,0.5741935483870968,0.0,0.7916666666666666,0.65,0.0,0.0,0.0,0.0,0.0,0.6525514008735485,0.0,0.8089275473140891,0.7435897435897436,1.0,0.816337474305121,0.9322033898305084,0.8427225130890053,0.0,0.8524467287718172,0.0,0.7142857142857143,0.0,0.25,0.4098360655737705,0.0,0.6206896551724137,0.21212121212121204,0.5,0.7083333333333333,0.0,0.5923369347739096,0.8655913978494624,0.0,0.7611940298507462,0.0,0.0,0.1396103896103894,0.7213054638797213,0.6172566371681417,0.717948717948718,0.7174203113417346,1.0,0.3904382470119522,0.3999999999999999,0.7372972972972973,0.9506561679790027,0.6153846153846154,1.0,0.06333606333606323,0.9308053448898519,0.0,0.0,0.8116936590721933,0.7247679814385151,0.0,0.8707983193277311,0.7286374133949192,0.6271186440677966,1.0,0.9096045197740112,0.8,0.9422382671480144,1.0,1.0,1.0,0.9485955368047074,0.5,0.5070422535211268,0.7763975155279503,1.0,0.0,0.6689655172413793,0.8888888888888888,0.8580441640378549,0.0,0.5509391007398975,0.0,0.0,0.5714285714285714,0.732360821673117,0.37447008949599614,0.0,0.0,0.3764044943820226,0.0,0.0,0.36140554668215474,1.0,0.0,0.0,0.19354838709677402,1.0,0.8866777883698761,0.6190476190476191,0.9375,0.5959752321981424,0.9602094240837696,0.9333333333333333,1.0,0.0,0.40286454365381685,0.4545454545454546,1.0,0.47777777777777786,0.0,0.0,0.0,0.5,1.0,0.8276405675249605,0.0,0.28064516129032246,0.33333333333333337,0.0,0.005331302361005319,0.3763477088948789,1.0,1.0,0.5839469808541974,0.0,0.0,1.0,0.0,0.8235294117647058,0.4229166666666667,0.6689655172413793,1.0,0.33333333333333326,0.5,0.8190733851876902,0.0,0.0,0.9800144040331292,0.962962962962963,1.0,0.6470588235294118,0.7184115523465704,0.3720430107526882,0.18181818181818177,0.5631033629194808,0.6733668341708543,0.0,0.9090909090909091,0.0,1.0,0.65,0.75,0.0,1.0,1.0,0.0,0.9117647058823529,0.0,0.9888888888888889,1.0,0.9526282669130708,0.0,0.0,0.0,0.9558823529411765,0.0,0.8336660578515906,0.9545454545454546,0.9974032900125074,0.9923361207146142,0.8397085610200364,0.0,0.736842105263158,0.0,0.8843585754015413,0.9640071985602879,0.7399129902153256,0.0,0.0,0.0,0.0,0.9954500737825873,0.4252558688125404,0.13949682961750842,0.9259259259259259,0.9850926469355245,0.0,1.0,1.0,1.0,1.0,0.9624328014335695,0.0,0.46751321387134204,0.24887302779864773,1.0,0.8718730933496034,0.0,0.5962137550922597,0.75,0.7142857142857143,0.0,0.0,0.0,0.0,0.7586312251756798,0.0,0.5115966171194257,0.5669376693766937,0.6666666666666667,0.6343799293923233,0.6923076923076923,0.9676155654217812,0.0,0.5230271224679977,0.0,0.0,0.33333333333333326,0.5842729112460248,0.0,0.23708366115919222,0.6207502930832356,0.0,0.5454545454545454,1.0,0.0,0.6771358703958429,0.501257183908046,0.0,0.75,0.0,0.0,0.0,0.9090909090909091,0.0,0.5409304002884963,0.6626506024096386,0.9246928260007927,0.7692307692307692,0.6,0.31271878646441076,0.6064139941690962,0.5555555555555556,0.33333333333333337,0.36070616557442836,0.7682198327359617,0.0,0.4354635008840616,0.6732260485283081,1.0,0.0,0.40701983867451497,0.4051724137931033,0.43028846153846145,0.978021978021978,0.7,1.0,0.7999133824166306,0.0,0.0,0.0,1.0,0.0,0.1465721040189124,0.45481335952848734,0.3999999999999999,0.13404507710557523,1.0,1.0,0.41176470588235303,0.0,0.8888888888888888,0.2857142857142857,0.0,0.0,0.8918462188424165,0.0,0.0,0.0,0.13323353293413187,0.20836065573770501,1.0,0.7730426164519326,0.6,0.0,0.5,0.0,0.0,0.6523605150214592,0.060381355932203506,0.5,0.07933740191804695,0.65625,0.7407407407407407,0.5497512437810945,0.0,0.5367231638418078,0.4285714285714286,0.0,0.7758620689655173,0.0,1.0,1.0,0.8333333333333334,0.0,0.0,1.0,0.5221238938053097,0.4285714285714285,0.0,0.16124706671136424,0.5,0.0,0.0,0.0,0.0,0.0,0.0,1.0,0.18499999999999994,0.7008547008547008,1.0,0.6666666666666666,1.0,0.5,0.13570761083999583,0.6666666666666666,0.6500843170320405,0.8496405919661734,0.7777777777777778,0.8616002471424158,1.0,1.0,0.0,0.11941533370104795,0.0,0.9631924882629108,0.0,1.0,0.0,0.0,1.0,0.75,0.7715909090909091,0.32242990654205617,0.0,0.0,1.0,0.0,0.9166666666666666,0.967741935483871,0.854320987654321,0.0,0.4482758620689654,0.0,0.6666666666666667,0.0,0.4705453697496138,0.0,0.9948175903659378,0.9362695179904956,0.7387816154473756,0.0,1.0,0.0,0.8711948341991552,0.7594898269055572,0.4807813002280833,0.0,0.0,0.0,0.0,1.0,1.0,0.3590626087629064,0.9433962264150944,0.9797297297297297,0.0,1.0,0.8571428571428572,1.0,0.9768566138654597,0.5304416371066443,0.0,0.7101123595505618,0.6813520208499754,runif
0.5714285714285714,0.706499193362526,0.811068211068211,0.0,0.0,0.6666666666666667,0.0,0.0,0.0,0.0,0.0,0.0,0.0,0.0,0.5,0.0,0.0,0.5605308382661829,0.0,0.6779754263708051,0.0,0.446257197696737,0.33333333333333326,0.4838593974175035,0.0,0.5130925507900677,0.0,0.0,0.8571428571428572,0.0,0.0,0.8850656261085491,0.0,0.8636363636363636,0.7777777777777778,0.8259438601800712,0.0,0.0,0.10784313725490191,0.0,0.0,1.0,0.9126834098478711,0.6840185676392574,0.6558993539612377,0.0,0.9804333488042603,1.0,0.6666666666666667,0.6551251956181534,0.0,0.0,0.7350781998084903,0.7569522294145301,0.2209302325581396,0.0,0.7183314477573811,0.9444045911047346,0.0,0.07138221933809219,1.0,0.7489566613162119,0.0,0.0,0.4,1.0,0.8101918712605736,0.22222222222222232,0.4312529056252905,0.26059145267451544,0.1428571428571428,0.2328537972566075,1.0,1.0,0.0,0.8333333333333334,0.995982694684796,0.19354838709677413,0.0,0.0,0.7974711623779948,0.9730401529636711,0.0,1.0,0.9307394581381137,0.33523550724637696,0.5,0.8839846743295019,0.75,0.8226751592356688,0.0,0.7173913043478262,1.0,0.2941176470588235,0.9267676767676768,1.0,0.8620977852068533,0.319165121475776,0.32357723577235775,0.0,0.0,0.4646350106307583,0.9001821493624772,0.8333333333333334,0.17447823494335113,0.3197713070070469,0.0,0.0,1.0,0.6666666666666667,0.0698818897637794,1.0,0.1299915038232794,0.11111111111111105,0.6182948102921937,0.9884156729131175,0.19496855345911945,1.0,0.6666666666666667,0.0,0.5,0.875,0.33333333333333337,0.0,1.0,0.09355015530787525,1.0,0.75,0.4285714285714285,0.0,0.5861322236847692,0.0,0.8038063909774437,0.25058660730401305,0.9166666666666666,1.0,0.6666666666666667,0.29311475409836074,0.254524627720504,0.5497395187298437,0.7330081300813008,0.8552754435107377,0.0,0.4444444444444444,0.11111111111111116,0.0,0.0,1.0,0.1989664082687338,0.437191760951552,0.5,0.6666666666666667,0.9142857142857143,0.0,0.9803921568627451,0.0,0.4010992882813049,0.9915609176720636,0.29154660275226885,0.659079652721128,1.0,1.0,0.2651327856220359,0.0,0.9452296024936534,0.9888557840414648,0.3267759562841531,0.206896551724138,0.6666666666666667,0.7,0.0,0.5917597953413223,0.886482203985231,0.0,0.0,0.0,0.0,0.9998072985667831,0.6382096974720266,0.6853470455014824,0.8238647159414783,0.972672711020304,0.0,1.0,0.0,0.9570262140094542,0.0,0.09233444342931241,0.0,0.9254856401804772,0.5654971611588295,0.0,0.5741935483870968,0.8656716417910448,0.0,0.0,0.0,0.0,0.0,0.0,0.0,0.0,0.0,0.0,0.0,1.0,0.0,0.0,0.986146409528081,0.0,0.8517449925095711,0.0,0.7142857142857143,0.0,0.7919441801458929,0.0,0.5071814059347897,0.0,0.0,0.0,0.0,0.0,0.5892983341746593,0.0,0.7931034482758621,0.72,0.8212048192771084,0.0,0.0,0.8885616102110947,0.0,0.8181818181818181,0.98572501878287,1.0,0.7371948300622306,0.7333333333333334,0.0,1.0,0.8148148148148148,1.0,0.7984577637574483,0.0,0.0,0.657142857142857,0.9134396355353075,0.7293187347931873,0.0,0.8713052576510594,0.9069439548819175,0.06493506493506473,0.0,0.916083916083916,0.8527918781725888,0.0,0.0,0.5,0.0,0.9485955368047074,0.0,0.5070422535211268,0.5856622114216281,0.0,0.14632983794089605,1.0,1.0,0.4545454545454546,1.0,1.0,0.41509433962264153,0.0,0.0,0.9002169197396963,1.0,0.0,0.9,1.0,0.4347826086956522,0.0,0.9025078622691718,0.0,0.7721518987341772,0.0,0.7096774193548387,0.5,0.8629604209563029,0.3571428571428571,0.6875,0.9239033124440466,0.07057976233345342,0.2799352750809063,0.50390625,0.0,0.5643418467583498,0.8181818181818182,0.08333333333333337,0.0,0.5647279549718576,0.0,0.0,0.0,1.0,0.560655737704918,0.5,0.7850821744627055,0.0,0.7316697473813925,0.9710586443259711,0.673092556032981,0.875,1.0,0.0,1.0,0.8,0.0,0.0,0.5882352941176471,0.3792569659442724,0.29999999999999993,1.0,0.33333333333333326,1.0,0.7639877924720244,0.021739130434782705,0.9571428571428572,0.0,0.962962962962963,1.0,0.6470588235294118,0.5537634408602151,0.0,0.2727272727272727,0.9930875576036866,0.6733668341708543,0.24084621643612703,0.6363636363636364,0.0,0.0,0.44999999999999996,0.75,0.33333333333333337,1.0,0.0,0.0,0.9117647058823529,0.0,0.9888888888888889,0.0,0.30843251456064813,0.979706390328152,0.7056813327637762,0.5242810994015782,1.0,0.9915254237288136,0.33891352919598494,0.0,0.966307961011888,1.0,0.0,0.375,0.6551724137931034,1.0,0.0,0.8281660784917458,1.0,0.0,0.0,0.0,0.0,1.0,0.6398067241479081,0.3850030235839549,0.8148148148148148,0.9839971818936668,0.0,1.0,0.0,0.9479782270606532,0.0,0.42774427020506633,0.0,0.9388194302111088,0.44308445532435736,1.0,0.7966804979253113,0.7238493723849373,0.0,0.0,0.0,0.0,0.0,0.0,0.0,0.0,0.0,0.0,0.0,0.6666666666666667,0.0,0.0,0.9676155654217812,0.0,0.6294163096157899,0.0,0.0,0.0,0.5785345938977224,0.0,0.6945556445156125,0.0,0.5722477064220182,0.5454545454545454,0.0,0.0,0.6596293311845286,0.0,1.0,1.0,0.6065738301342367,0.0,0.0,0.0,0.35273854633138135,0.0,0.9467871485943775,0.5144927536231885,0.0,0.29999999999999993,0.8164591229020033,0.9122257053291536,0.6666666666666667,0.6666666666666667,0.7105159511618747,0.0,0.0,0.4531465772341685,0.9565715292459478,0.0,0.0,0.3350168350168351,0.852882703777336,0.3125,1.0,1.0,0.9467592592592593,0.08333333333333326,1.0,0.6,0.0,1.0,0.5714285714285714,0.46003444433188134,0.3151064450277049,0.19999999999999996,0.0,0.0,1.0,0.41176470588235303,0.6666666666666667,1.0,0.0,0.0,1.0,0.8598574821852731,0.5,0.0,1.0,0.3819742489270387,0.36409836065573764,1.0,0.8182941903584672,0.8,0.6343283582089552,0.5,0.5804597701149425,0.20000000000000018,0.01522070015220689,0.0,0.0,1.0,0.8370230805463966,0.37037037037037046,0.0,0.625,0.23914943198368788,0.05521472392638038,0.75,0.24418604651162779,0.17412935323383105,1.0,0.0,0.0,0.0,0.0,1.0,0.16139585605234463,0.2857142857142857,0.5381750465549348,1.0,0.0,1.0,0.0,0.0,0.0,1.0,1.0,1.0,0.061514195583596276,0.24999999999999978,1.0,0.6666666666666666,1.0,0.0,0.8978484565014031,0.0,0.20398009950248763,0.5285797326099593,0.7777777777777778,0.9107142857142857,1.0,0.6976744186046513,0.3174971031286208,0.7415019762845849,0.774825322887995,0.948943293576062,0.0,0.0,0.5,0.5,0.0,0.75,0.32777777777777783,0.23590150913423347,1.0,1.0,1.0,0.0,0.9166666666666666,0.0,0.0,0.8031411359724613,0.0,0.8199332029977191,0.0,0.875,0.1404401049256775,0.0,0.9538989243703745,0.9853509807531925,0.0,0.0,1.0,0.5714285714285714,0.0,0.8069339314082796,1.0,0.0,0.0,0.0,0.0,0.950185873605948,0.6160543973429681,0.5016494302888019,0.7358490566037736,0.9797297297297297,0.0,1.0,0.0,0.7260656883298393,0.21505791505791483,0.0,0.0,1.0,0.6049963939418223,runif
0.0,0.0,0.8361986628462273,0.8416283185840707,0.0,0.9404761904761905,0.828125,0.0,0.0,0.71795126926282,0.6548980606663353,0.5441173749745601,0.0,0.6024118399415311,0.0,0.0,0.8947368421052632,0.6532179222576053,0.0,0.0,0.0,0.41691248770894784,0.0,0.0,0.0,0.0951540121640182,0.0,0.0,0.0,0.77227200843437,0.7914550673437846,0.0,0.8489945636289239,0.0,0.0,0.8564580734125682,0.42666666666666664,0.6938676967648479,0.0,0.9122807017543859,0.0,0.0,0.0,0.38636363636363635,0.0,0.6853426713356678,0.96130286825474,0.0,0.0,0.0,0.7742625478784262,0.0,0.8261738261738262,0.5907078205378655,0.0,0.77367639782286,0.1079381713387475,0.5093408900083963,0.882960413080895,0.9210110584518167,0.8766999093381687,0.0,0.4067796610169492,1.0,0.0,0.0,0.4361696276332435,0.22222222222222232,0.4378675628198274,0.23602484472049656,0.8571428571428571,0.37270550678371905,1.0,1.0,1.0,0.8333333333333334,0.36186650185414093,0.19354838709677413,0.0,0.5714285714285714,0.18477331052181356,0.8469872365687148,0.0,1.0,0.7926379073937349,0.7894391603804527,0.0,0.0,0.75,0.42577639751552787,0.0,0.4541778975741242,0.5,0.0,0.0,0.5,0.8620977852068533,0.0,0.5789473684210527,0.9662415603900976,0.0,0.5708336803531274,1.0,0.5,0.6171741563107369,0.6329092451229856,0.75,0.0,0.6,0.6666666666666667,0.10451612903225826,1.0,0.3296244784422808,0.11111111111111105,0.5240750126710594,0.2101307189542484,0.16945516945516959,0.875,0.6666666666666667,0.8867158671586717,0.5,0.5,0.6666666666666667,0.0,0.18181818181818177,0.8,1.0,0.75,0.9285714285714286,0.0,0.3191924641981968,0.6146368645904279,0.8038063909774437,0.5141998259631357,0.41666666666666663,0.81214109926169,0.6666666666666667,0.40435420743639927,0.7219076334755111,0.0,0.46380487804878057,0.8479727599470332,0.05054479418886204,0.36363636363636365,0.11111111111111116,0.875,0.3076923076923077,1.0,0.21687763713080166,0.562137049941928,0.5,0.791044776119403,0.9142857142857143,0.0,0.989813736903376,0.0,1.0,0.0,0.5789940982921606,0.7080447838659449,0.9436619718309859,0.8288288288288288,0.32036926501541596,1.0,0.0,0.9967396961632509,0.0,0.0,0.9487179487179487,0.9,0.02941176470588236,0.9015237172239272,0.8933796573458089,0.0,0.0,0.0,0.0,0.0,0.9622152126892574,0.0,0.9479635970445125,0.0,0.0,0.0,0.9166666666666666,0.9049495810254226,0.8436988543371522,0.644484049771906,0.6666666666666667,0.9861100903946498,0.40180316292513096,0.0,0.0,0.8656716417910448,0.7916666666666666,0.0,0.8318452380952381,1.0,0.0,0.0,0.7326787512588117,0.6530047373183585,0.7146275946275946,0.0,0.7435897435897436,0.0,0.0,0.7142857142857143,0.8427225130890053,0.0,0.0,0.0,0.7142857142857143,0.0,0.0,0.0,0.655358228104531,0.0,0.21212121212121204,0.0,0.7083333333333333,0.6907441016333938,0.0,0.8655913978494624,0.0,0.0,0.8937617880876417,0.5087719298245614,1.0,0.0,0.9090909090909091,0.0,0.0,0.07865168539325829,0.3484602917341977,0.0,0.9422995333050488,1.0,0.0,1.0,0.0,0.9308652666522336,0.0,0.0,0.2225922842076048,0.0,0.9398099260823654,0.0,0.4235294117647058,0.6000000000000001,1.0,0.9314802844214609,0.0,0.2539045069165551,0.75,1.0,0.0,0.4703008770955923,0.0,0.704225352112676,0.5535714285714286,1.0,0.6875,1.0,0.8571428571428572,1.0,0.8888888888888888,0.5509391007398975,0.0,0.0,0.8571428571428571,0.6338281601439496,0.7774636510500808,0.0,1.0,0.924968736973739,0.8260869565217391,1.0,0.0,1.0,1.0,0.0,0.967741935483871,1.0,0.32366735300846494,0.0,0.0,0.9334402566158782,0.13535064404007358,0.0,1.0,0.0,0.0,0.4545454545454546,1.0,0.0,0.8791208791208791,1.0,0.0,0.5,1.0,0.0,0.5,0.24579439252336455,0.0,0.8842478842478843,0.2456207159177457,0.6505752876438219,0.875,1.0,0.9347826086956522,1.0,0.8,1.0,0.0,0.0,0.9277942631058358,1.0,0.5,1.0,0.5,0.4629692255664525,0.0,0.9571428571428572,0.8305343511450382,0.5555555555555556,1.0,0.6470588235294118,0.5537634408602151,0.40670553935860054,0.0,0.5627099466072628,0.6733668341708543,0.0,0.6363636363636364,0.0,1.0,0.65,0.75,0.33333333333333326,1.0,0.0,0.8656716417910448,0.9117647058823529,0.0,0.5,0.0,0.9853566793667978,0.0,0.8344943550324285,0.8982199015905021,0.9558823529411765,0.9576271186440678,0.4392216167574863,0.9545454545454546,0.0,1.0,0.9119496855345912,0.0,0.9473684210526316,0.6666666666666666,0.6168935734153125,1.0,0.9548171506565633,0.0,0.0,0.0,0.0,0.0,0.9531601473947712,0.0,0.9259259259259259,0.0,0.0,0.0,1.0,0.9260346756152125,0.9843965986679513,0.9999101456763223,1.0,0.9431089743589743,0.24717620481927727,1.0,0.0,0.7238493723849373,0.5899608041471742,0.0,0.7142857142857143,0.9838709677419355,0.0,0.0,0.6149577500315299,0.7586312251756798,0.4742268041237113,0.0,0.5,0.0,0.0,0.6923076923076923,0.9682157890215617,0.0,0.0,0.0,0.0,0.33333333333333326,0.0,0.25374732334047123,0.6698258196721312,0.0,0.0,0.0,1.0,0.8682602921646747,0.0,0.8336557059961315,0.0,0.0,0.5549479166666667,0.5,0.34237772224205654,0.4625,0.8632449190492594,0.17365269461077848,0.0,0.0826446280991735,0.7692307692307692,0.0,0.5798319327731092,0.91455078125,0.75,0.0,0.0,0.7637635092180548,0.0,0.5076800319170158,0.2546758104738157,0.0,0.7,0.0,0.5699831365935919,1.0,0.923469387755102,0.7,0.0,0.3403543965229019,0.5929203539823009,0.0,0.0,0.07502799552071682,0.5714285714285714,0.5219851116625311,0.4095196633289797,0.8,0.6892366656020441,1.0,1.0,0.8823529411764706,0.6666666666666667,1.0,0.0,0.0,0.0,0.04018912529550822,0.2857142857142857,0.0,0.5,0.4316976127320955,0.0,0.0,0.03588681849551412,0.6,0.38855160450997406,0.5,0.42295887047268266,0.68,0.0,0.0,0.33333333333333337,0.7932816537467701,0.4331715924128805,0.23529411764705876,0.9054726368159204,0.0,0.8255258126195029,0.5064935064935064,0.0,0.051724137931034475,0.10762331838564998,0.0,0.0,1.0,0.0,1.0,1.0,0.5185840707964602,0.2857142857142857,0.0,0.3098384728340676,0.5499999999999999,1.0,0.0,0.9641975308641976,0.0,0.0,0.0,1.0,0.9175,0.5266393442622951,1.0,1.0,0.5,0.5,0.0,0.6923076923076923,0.8216694772344013,0.33798168165690234,0.0,0.5185770750988143,1.0,0.3829787234042553,0.9468339307048984,0.0,0.0,1.0,0.17333333333333356,0.0,0.5,0.0,0.29268292682926833,0.75,0.3784090909090909,0.5186915887850468,1.0,0.6923076923076923,1.0,0.0,0.9166666666666666,0.0,0.9375661375661376,0.8552439756453134,1.0,0.965402991085321,0.5,0.5,0.7540518638573743,0.0,0.0,0.9541281523158847,0.33333333333333326,0.0,1.0,1.0,0.5254378648874061,0.8793243243243243,0.8061324361523169,0.0,0.0,0.0,0.0,0.0,0.9885173927727119,0.0,0.9545454545454546,0.0,0.0,0.0,0.8571428571428572,1.0,0.7876838235294117,0.5004966834364084,0.0,0.8389649272882806,0.6718659413096136,runif
0.5714285714285714,0.7057535565668955,0.8354007633587786,0.0,0.9,0.9404761904761905,0.828125,0.7777389684480149,0.6709235609846382,0.6898251222621835,0.6548980606663353,0.5416666666666667,0.7156721974048075,0.0,0.0,0.7456456731610206,0.8888888888888888,0.40937759522366635,0.45484091560843243,0.6362332280406875,0.0,0.0,0.0,0.34550195567144715,0.0,0.11517311995145818,0.7838290741516548,0.14924452667283383,0.8571428571428572,0.77227200843437,0.0,0.6278834479967624,0.5265921348715934,0.0,0.0,0.0,0.45081640780565513,0.45473276723276723,0.7042695987433956,0.8070036861506056,0.8733068315665489,0.3846153846153846,0.0,0.6355731225296444,0.43540669856459346,0.4689871329594194,0.0,0.4462151394422311,0.33333333333333337,0.26762928139691067,0.30550729017148903,0.0,0.9760119940029985,0.6077058823529411,0.8305300713557594,0.892624085426142,0.9325780383457455,0.0,0.33445945945945943,0.9079189686924494,0.9433628318584071,0.8366954851104708,0.8645066273932254,0.0,0.4,0.5,0.0,0.5555555555555556,0.6309599781201567,0.0,0.1428571428571428,0.2968247063940842,0.6000000000000001,0.5714285714285714,0.1390877192982456,0.8333333333333334,0.3501350135013501,0.3548387096774194,0.0,0.5714285714285714,0.9303485576923077,0.9017512615019293,0.6428571428571428,1.0,0.7051948051948052,0.8570614385045024,0.5,0.826725544782567,0.7000000000000001,0.449279623640106,0.6666666666666667,0.4595687331536389,0.0,0.2941176470588235,0.5825242718446602,0.4736842105263158,0.2932511491851233,0.18289604782464308,0.5789473684210527,0.9232736572890026,0.125,0.8424799762681697,0.0,0.20000000000000007,0.0,0.31047694543532833,0.0,0.0,0.6,0.6666666666666667,0.7879007990038394,1.0,0.06930166607585964,0.7777777777777778,0.17463933181473046,0.9888121092464627,0.3134920634920634,0.375,0.6666666666666667,0.2390770216857171,0.0,0.875,0.6666666666666667,1.0,0.5454545454545454,0.7633015006821282,0.7179487179487178,0.75,0.8571428571428571,0.0,0.6399535683193072,0.6848511328880844,0.9104761904761904,0.0,0.0,0.0,0.8333333333333334,0.6648037905479286,0.4483849731359765,0.0,0.28713570797762733,0.8190695002871913,0.19161977491961424,0.4444444444444444,0.7777777777777778,1.0,0.8269230769230769,0.18685121107266445,0.7093023255813953,0.0741784037558686,0.5,0.0,0.0,0.625,0.0,0.9822503961965134,1.0,0.0,0.786790780141844,0.7072829860465808,1.0,0.0,0.8900561359048784,0.76,0.9773092235120939,0.0,0.0,0.206896551724138,0.16666666666666663,0.8,0.5205988997249313,0.45862495631558564,0.0,0.0,0.0,0.0,0.0,0.9997762046667217,0.5998731956574886,0.704457389540478,0.0,0.0,0.6666666666666667,1.0,0.9310344827586207,0.0,0.9902130471724833,0.11691726892295962,0.0,0.9751401143110815,0.009375922536458803,0.0,0.5741935483870968,0.8656716417910448,0.0,0.8571428571428572,1.0,0.0,0.5212121212121212,0.5,0.6362799263351748,1.0,0.61901957897836,0.8375755238462528,0.0,0.0,0.8375841773158704,0.7142857142857143,0.7401790208565864,0.6374896322919547,0.6623808468188872,0.0,0.0,0.0,0.42233009708737856,0.0,0.5139950116790055,0.6206896551724137,0.0,0.5,0.0,0.0,0.5909958798110744,0.8655913978494624,0.0,0.0,0.0,0.5087719298245614,0.9545454545454546,0.8719211822660099,0.9090909090909091,0.8821966341895483,0.6453367875647668,0.03782794386821209,0.6956521739130435,0.3999999999999999,0.9395688991531947,0.07520246818357124,0.0,1.0,0.21808851828094933,0.634123554828915,0.0,1.0,0.3671401712972635,0.7314734088927637,0.8159806295399515,0.9685314685314685,0.0,0.8,1.0,0.9663032705649157,0.8527918781725888,0.9410681399631676,0.0,0.5,1.0,0.11316800558854356,0.75,1.0,0.0,0.0,0.0,1.0,0.11111111111111105,0.0,0.8888888888888888,0.5072068562524348,0.125,0.0,0.8571428571428571,0.817391304347826,0.9444444444444444,0.625,0.0,0.9869477911646586,0.8095238095238095,0.0,0.9503841229193342,1.0,0.7674418604651163,1.0,0.0,0.5,0.3562807969720775,0.5238095238095237,0.6875,0.0,0.5490833826138379,0.0,1.0,0.16666666666666663,1.0,0.8181818181818182,0.08333333333333337,0.5564368517388651,0.5189255189255191,0.0,0.0,0.5,1.0,0.8854881266490765,0.0,0.24155844155844153,1.0,0.0,1.0,0.26729640030635693,0.375,1.0,0.3451647953639986,0.0,1.0,1.0,0.9,0.8235294117647058,0.9234620886981402,0.7,0.5,1.0,1.0,0.5793047804746858,1.0,0.7571428571428571,0.0,0.0,0.0,0.8823529411764706,0.4679459223724378,0.0,0.0,0.5626392277500796,0.6748594731621294,0.90473061760841,0.6363636363636364,0.8571428571428572,1.0,0.8,0.25,1.0,1.0,0.0,0.8656716417910448,0.0,0.9150764364786506,0.0,1.0,0.9853566793667978,0.0,0.0,0.8979588757976678,1.0,0.0,0.9508859828549102,0.8181818181818182,0.9959415454210045,0.0,0.8498168498168498,0.375,0.1724137931034483,0.6666666666666666,0.9503300657082311,0.8536585365853658,0.0,0.0,0.0,0.0,0.0,1.0,0.5582720337164153,0.673633608527537,0.0,0.0,0.5,1.0,1.0,0.0,1.0,0.7294989276662117,0.0,0.8609076389271355,0.0,1.0,0.8931977113795295,0.7583892617449665,0.0,1.0,0.7142857142857143,0.875,0.6950747094631987,0.6608856088560886,0.6149577500315299,0.7662847790507366,0.48642779587404983,0.548432381843706,0.0,0.0,0.6314926397681335,0.7647058823529411,0.3504507198701241,0.26609832809137557,0.6531417391025436,0.0,0.0,0.0,0.4984590647192817,0.2627737226277371,0.0,0.9002535925612849,0.7706178489702518,0.5454545454545454,0.75,0.0,0.6699623352165726,0.85,0.0,0.0,0.0,0.16666666666666663,0.9738445001791473,1.0,0.8632449190492594,0.793800539083558,0.0,0.4072847682119206,0.0,0.6,0.33193277310924374,0.4200351493848856,1.0,0.33333333333333337,0.3305223410950283,0.3506265113211694,0.0,0.9722560975609756,0.043329177057356616,0.6923076923076923,0.9571134020618557,0.6058981233243967,0.0,0.25,0.0,0.8571428571428572,0.9699570815450644,0.7320893035654783,0.7647058823529412,0.6,0.0,0.039473684210526105,0.5714285714285714,0.8024813895781637,0.0,0.19999999999999996,0.1121047588629831,0.0,0.0,0.41176470588235303,0.6666666666666667,0.8888888888888888,1.0,0.0,1.0,0.8519862490450726,0.75,0.0,0.0,0.5829383886255923,0.5629795396419437,1.0,0.6989323843416371,1.0,0.36063408190224566,0.5,0.10620012277470836,0.32333333333333336,0.08810572687224683,0.7654320987654321,1.0,0.8235294117647058,0.0,0.23529411764705876,0.9054726368159204,0.0,0.3734870317002881,0.0,0.75,0.7719298245614036,0.009628610729023324,1.0,0.0,1.0,0.0,0.559192200557103,1.0,0.0,0.7142857142857142,0.0,0.9366186024401838,0.5,1.0,0.0,0.1617647058823528,0.0,0.6666666666666667,0.0,1.0,0.16561514195583604,0.6357039187227866,0.5,1.0,0.0,0.0,0.9151606425702811,0.26923076923076916,0.9535714285714285,0.5621712997746056,0.0,0.2783435166327225,0.0,1.0,0.3060046189376444,0.5550458715596329,0.0,0.942728574350583,0.20000000000000007,0.0,0.5,0.5,0.8780487804878049,0.0,0.6666666666666667,0.10501750291715295,1.0,0.33333333333333326,0.0,0.8055764883195177,0.0,1.0,0.9342706502636204,0.8613210366764869,0.6666666666666667,0.9547775185951323,0.5,0.0,1.0,0.33333333333333326,0.9619536309877663,0.0,0.8767123287671232,0.7,0.5,0.8571428571428571,0.7468071834269018,0.03488372093023251,0.0,0.0,0.0,0.0,0.0,0.9964996315401621,0.9366852886405959,0.5243301717310256,0.0,0.0,1.0,1.0,0.8571428571428572,0.0,0.9760141829179267,0.3365040466900976,0.0,0.9017251548215865,0.6306148682425194,runif
0.5714285714285714,0.0,0.0,0.0,0.0,0.95,0.0,0.0,0.6699172033118675,0.6555899351976182,0.0,0.8837452337240502,0.0,0.0,0.0,0.9163901254552813,0.0,0.41323081776806647,0.5539792013065594,0.0,0.7281044157111491,0.4813404417364813,0.0,0.34608695652173904,0.0,0.7531760435571688,0.6692621523458879,0.0,0.0,1.0,0.8000543699877667,0.0,0.5265921348715934,0.0,0.0,0.8353435962545628,0.0,0.5755225644434596,1.0,0.11885865457294043,0.6073480759185094,0.9583333333333334,0.9824561403508771,0.0,0.43211578221915936,0.06692913385826782,0.0,0.0,0.6666666666666667,0.26467868700878405,0.3978433165675965,0.0,0.41296219360199415,0.0,0.6433169254070428,0.4426849136526556,0.0,0.9483420593368237,0.4110230547550433,0.7989854153455929,0.0,0.7876154263986964,0.7207207207207207,1.0,0.4,0.0,0.06106870229007644,0.44444444444444453,0.0,0.0,0.1428571428571428,0.0,0.7483870967741936,1.0,0.7247075017205782,0.8333333333333334,0.3501350135013501,0.7741935483870968,0.0,0.8571428571428572,0.0,0.0,0.0,0.0,0.7214967183165302,0.7831521739130435,0.0,0.9577623103194847,0.4,0.5250186706497386,0.6666666666666667,0.9578651685393258,0.11111111111111116,0.5294117647058824,0.9409090909090909,0.5789473684210527,0.49017969076473045,0.843516166678108,0.3727382388419783,0.8302532511978098,0.0,0.4676294311371121,0.40999637812386824,0.7333333333333334,0.042424242424242364,0.6733147187873953,0.75,0.0,0.5,0.6666666666666667,0.40786266822083295,1.0,0.45018867924528294,0.4444444444444444,0.21488230827638577,0.9137989778534923,1.0,1.0,0.6666666666666667,0.21198921385604652,0.0,0.875,0.6666666666666667,0.75,0.0,0.10463215258855585,0.0,1.0,0.4285714285714285,0.0,0.5820875420875422,0.5738041002277905,0.82307249712313,0.0,0.41666666666666663,1.0,0.0,0.0,0.24442817634618508,0.9813151275601868,0.46380487804878057,0.0,0.6432877813504823,0.9090909090909091,0.0,0.0,0.3076923076923077,0.0,0.1989664082687338,0.9028169014084507,0.0,0.0,0.0,1.0,0.5,0.9934441683091954,0.5027659574468085,0.9907590357783385,0.18671388447917936,0.659079652721128,0.9859154929577465,0.0,0.6766692673099144,0.0,0.9970772240875383,0.0,0.3056818181818183,0.206896551724138,0.0,0.9,0.9763513513513513,0.7655133645232655,0.29192664739004714,0.0,0.0,0.0,0.0,0.9997926424668228,0.9434495343405987,0.7065374324143753,0.8082978967934721,0.0,0.0,0.0,0.19999999999999996,0.9947826086956522,0.8346760769691725,0.8565261702645199,0.0,0.9330071786803029,0.8486738208297177,0.0,0.0,0.0,0.0,0.0,0.8148148148148149,0.0,0.0,0.5945945945945946,0.6362799263351748,0.0,0.9105147382314123,0.0,0.0,0.0,0.8480260636259103,0.0,0.7940177849636216,0.8850414278502063,0.0,0.8580630830741892,0.8,0.0,0.7948717948717949,0.0,0.49442549958478366,0.6206896551724137,0.0,0.0,0.7083333333333333,0.6977832011389059,0.0,0.8655913978494624,0.0,0.0,0.8725954231620999,0.0,0.3187350835322196,1.0,0.2911051212938005,0.9545454545454546,0.9162283996994741,1.0,0.27380952380952384,0.3999999999999999,0.22486615110053543,0.0,0.23076923076923073,1.0,0.36429725363489496,0.5968067226890756,0.0,0.3735294117647058,0.0,0.7307692307692307,0.2767644726407612,0.0,0.9063497694217808,0.8,0.8167539267015707,0.16299559471365643,0.8,0.7498726439123791,1.0,0.5,0.0,0.05695570112135029,0.75,0.33333333333333326,0.33673469387755106,0.0,0.13123236124176862,0.7769230769230769,0.7777777777777778,0.9490677580718508,0.8888888888888888,0.5322055953155498,0.6886792452830188,0.0,1.0,0.75,0.0,0.0,0.09999999999999998,0.9871159563924677,0.6956521739130435,1.0,0.9776789260465486,0.5,0.8,1.0,0.967741935483871,0.0,0.0,0.3571428571428571,0.8125,0.30170098478066265,0.9689828801611279,0.08299866131191436,0.5,0.0,0.5651644336175395,0.2727272727272728,1.0,0.10476190476190483,0.8791208791208791,1.0,0.0,0.0,1.0,0.2992481203007519,0.5,0.2210000000000003,0.6666666666666667,0.15999999999999992,0.5087585681645088,0.9725555271891754,0.875,1.0,0.0,0.0,0.8,1.0,0.9,0.0,0.3792569659442725,0.0,0.5,0.33333333333333326,0.0,0.7328881469115192,1.0,0.9571428571428572,0.1504664970313826,0.5555555555555556,1.0,0.0,0.0,0.0,0.8656716417910447,0.6049889801642958,0.0819754324392078,0.9473023839397742,0.9090909090909091,0.0,1.0,0.65,0.0,0.4814814814814815,1.0,1.0,0.0,0.0,1.0,0.5,0.9870399170554691,0.0,1.0,1.0,0.5389825623288658,1.0,0.0,0.8432782670627269,0.0,0.9968825626480002,0.0,0.0,0.375,0.0,0.6666666666666666,0.9748430493273542,0.823946225339125,0.7435380332897801,0.0,0.0,0.0,0.0,0.9919235024498182,0.9545739963109768,0.3850030235839549,0.8148148148148148,0.0,0.0,0.0,0.5,1.0,1.0,0.953437876960193,0.0,0.9380772369947162,0.8883032128514057,1.0,0.0,0.0,0.0,0.0,0.7142857142857143,0.0,0.0,0.6608856088560886,0.6149577500315299,0.0,0.894047619047619,0.0,0.0,0.0,0.8879472693032016,0.0,0.1515168570946135,0.427853034541283,0.0,0.6841169498222046,0.0,0.33333333333333326,0.7976056019878021,0.0,0.0,0.8867286559594252,0.6338771593090212,0.0,0.75,0.8925348646431501,0.0,0.501257183908046,0.0,0.0,0.5543407523102956,0.0,0.9692796610169492,0.8,0.7381818181818183,0.5409304002884963,0.5845410628019323,0.9739952718676123,0.15384615384615385,0.6,0.0,0.6199059561128526,0.0,0.6666666666666667,0.0,0.425225003082234,0.0,0.47295266716754325,0.0,0.0,0.43303730017761977,0.0,0.8534507242260722,0.25,0.5,0.0,0.9308093994778068,0.0,0.0,0.6,0.0,0.08910103420843296,0.4285714285714285,0.0,0.0,0.19999999999999996,0.0,1.0,0.33333333333333337,0.41176470588235303,0.6666666666666667,0.8888888888888888,1.0,0.0,0.5,0.25062996704787743,0.0,0.0,0.5,0.5223042836041358,0.5518172888015718,0.0,0.6545988258317026,0.0,0.4043956043956044,0.5,0.8888888888888888,0.0,0.40909090909090906,0.03750000000000009,0.0,0.3999999999999999,0.539802166745172,1.0,0.5497512437810945,0.0,0.014365288771621354,0.5950920245398772,0.0,0.0,0.4776119402985075,0.0,0.0,0.5,0.0,0.7549537648612946,1.0,0.5789080029917726,0.4285714285714285,0.25595238095238093,0.25774820521800024,0.72,1.0,0.0,0.6149532710280374,0.0,1.0,0.0,0.0,0.881578947368421,0.31204644412191573,1.0,1.0,1.0,1.0,0.8943179305770507,0.26923076923076916,0.4244604316546762,0.0,0.0,0.9019189765458422,0.0,0.5733194009056078,0.6945219123505977,1.0,0.0,0.0,0.6,1.0,0.0,0.5,0.29268292682926833,0.0,0.32777777777777783,0.8436317780580076,0.0,0.0,0.0,1.0,0.9166666666666666,1.0,0.042680776014109245,0.8046545914069081,0.2068965517241378,0.8171649616666279,0.5,0.0,0.4548619447779111,0.0,0.9960571401749253,0.0,0.0,0.7,0.0,1.0,0.9567483064095883,0.4076900059844405,0.6015721969383534,0.0,0.0,0.0,0.0,1.0,0.9853606027987083,0.5010031004924311,0.7878787878787878,0.0,0.0,0.0,0.5555555555555556,1.0,0.7876838235294117,0.8331781983659117,0.0,1.0,0.8088877932904557,runif
0.0,0.0,0.0,0.8762318533432235,0.0,0.7941176470588235,0.0,0.0,0.0,0.6335988414192614,0.6593532229965157,0.593064746844397,0.0,0.5834044732798362,0.0,0.876845275722307,0.0,0.5327119841396442,0.0,0.6795427830246038,0.0,0.0,0.0,0.0,0.0,0.0,0.0,0.0,0.0,0.0,0.0,0.0,0.5265921348715934,0.0,0.0,0.8884663584114775,0.45081640780565513,0.4614698704711845,0.0,0.6856617647058824,0.5202239441762344,0.1794871794871794,0.0,0.3776066453231809,0.0,0.0,0.9742561448900388,1.0,0.33333333333333337,0.8445234919223358,0.764874365317016,0.0,0.7028985507246377,0.0,0.0,0.7061046322235975,0.7259386913154735,0.6390170333569908,0.8259717314487632,0.07138221933809219,0.9555822328931572,0.8473520249221184,0.5596465390279823,0.8571428571428572,0.4,0.0,0.23715927010587956,0.5555555555555556,0.0,0.0,0.8571428571428571,0.42896520896967893,0.7884615384615384,0.5714285714285714,0.7227997227997228,0.0,0.9302884615384616,0.19354838709677413,0.0,0.5714285714285714,0.43024583759091184,0.9354037267080745,0.0,0.0,0.28655524731037274,0.31470230862697446,0.5,0.4371039783941,0.0,0.4835402050728549,0.33333333333333337,0.9578651685393258,0.5,0.9130434782608695,0.0,0.0,0.0,0.904352392831353,0.36797326040717104,0.0,0.125,0.5790404984423676,0.20952735392631183,0.5,0.6447862949042915,0.3629032258064515,0.75,0.6666666666666667,1.0,0.0,0.42734839476813313,1.0,0.33418584825234443,0.4444444444444444,0.16842900302114794,0.7237215909090908,0.5357142857142857,0.875,0.0,0.35916407061266864,0.0,0.625,0.6666666666666667,0.9,1.0,0.11080835603996375,0.7,0.75,0.0,0.0,0.8573637417858524,0.8887210473313193,0.0,0.5008100697906281,0.9166666666666666,0.6154230846169233,0.6666666666666667,0.29311475409836074,0.0,0.0,0.9956981846339155,0.0,1.0,1.0,0.11111111111111116,0.0,0.1923076923076923,1.0,0.8571428571428572,0.9457547169811321,0.5,0.8991287366681688,0.9142857142857143,0.8241800643086816,0.9803921568627451,0.9334368198154116,0.0,0.9958516424423071,0.2040984875858155,0.3616574409274589,0.33333333333333326,0.9984879576628145,0.594813127120901,1.0,0.9912293413326783,0.9971289809601581,0.0,0.0,0.9487179487179487,0.7,0.0,0.18109119558794573,0.0,0.0,0.0,0.0,0.0,0.0,0.0,0.5071243964245641,0.0,0.9868006062095519,0.6666666666666667,1.0,0.0,0.0,0.3983925199207775,0.0,0.0,0.7520742884708153,0.8338898267992246,0.0,0.0,0.0,0.7916666666666666,0.0,0.7859195402298851,0.0,0.0,0.0,0.6362799263351748,0.6962962962962963,0.6209117221418234,0.0,0.4736842105263158,0.0,0.8321355786763918,0.0,0.8177339901477833,0.0,0.8217436909977169,0.0,0.0,0.0,0.0,0.4098360655737705,0.0,0.0,0.0,0.0,0.0,0.0,0.0,0.8655913978494624,0.0,0.0,0.8309710175587053,0.5087719298245614,0.41925250322196894,0.0,0.85423197492163,0.46153846153846145,0.3589325426241661,0.7142857142857143,0.14111922141119215,0.0,0.0,1.0,0.6153846153846154,0.0,0.9560522350577599,0.9322523881347411,1.0,0.3735294117647058,0.0,0.0,0.4290099769762088,0.8713052576510594,0.2730573710965867,1.0,0.0,0.9757085020242915,0.8527918781725888,0.8517538054268696,0.75,0.5,0.0,0.4965856323408905,0.75,0.33333333333333326,0.0,1.0,0.0,0.8344827586206897,0.11111111111111105,0.9015452538631347,0.0,0.0,0.0,0.0,0.8571428571428571,0.7324377273999441,0.9413407821229051,0.0,1.0,0.6105054509415263,0.0,0.0,0.8331733077292367,0.0,0.6124031007751938,1.0,0.967741935483871,1.0,0.8601923725953426,0.07142857142857151,0.0625,0.0,0.9769184045353311,0.9606060606060606,0.15420560747663548,0.0,0.5006090133982947,0.2727272727272728,1.0,0.0,0.56,1.0,0.0,0.5,0.0,0.8976279650436954,0.0,0.21169176262178913,0.6666666666666667,0.0,0.0,0.8805150214592274,0.875,0.0,0.0,0.0,0.8,1.0,0.9,0.8235294117647058,0.3878676470588235,0.7,0.5,0.0,1.0,1.0,1.0,0.2857142857142857,1.0,0.962962962962963,0.8154517453798767,0.6470588235294118,0.5674499564838991,0.25602312881464817,0.0,0.9595055736710396,0.1670611278870482,0.9576811594202899,0.9090909090909091,0.0,0.0,0.0,0.75,0.17333333333333345,1.0,0.0,0.9142857142857143,0.9117647058823529,0.7520414260107549,0.9888888888888889,0.9690934572545549,0.28298908162783,1.0,0.6247344819447722,0.541129087309714,0.5,0.9915254237288136,0.7789140450064773,0.0,0.9954319065345392,0.9889535311878637,0.8693259972489683,0.0,0.9473684210526316,1.0,0.8210152945004882,0.5718103039232825,0.0,0.0,0.0,0.0,0.0,0.0,0.0,0.5827424878213476,0.0,0.9829730530056263,0.5,1.0,0.0,0.0,0.48552670844524004,0.5121771217712177,0.0,0.7526189249527735,0.8873317013463892,0.0,0.0,0.0,0.608889934148636,0.0,0.7142857142857143,0.0,0.0,0.0,0.6476897689768977,0.7595665424991533,0.85,0.0,0.36543209876543203,0.0,0.8879472693032016,0.0,0.9682157890215617,0.0,0.5745354553787184,0.0,0.3317073170731707,0.0,0.0,0.0,0.1857616738964022,0.0,0.0,0.5454545454545454,0.0,0.0,0.0,0.5013907581875281,0.0,0.0,0.4489132642697542,0.5,0.9726775956284153,0.19999999999999996,0.8021978021978022,0.3829787234042553,0.34023464458247066,0.0,0.3076923076923076,1.0,0.0,0.9154275092936803,0.5555555555555556,0.6666666666666667,0.8327038626609442,0.7682198327359617,0.0,0.4762566304622379,0.0,0.0,0.8700475435816165,0.33529659234329,0.7056655918931368,0.75,0.2857142857142857,0.7,1.0,0.17460846384538486,1.0,0.6,0.0,0.10509209100758399,0.5714285714285714,0.0,0.0,0.8,0.6892366656020441,0.5,0.0,0.0,0.0,0.8888888888888888,0.0,0.0,1.0,0.0,0.8571428571428571,0.0,0.5,0.0,0.4276030368763557,1.0,0.06979320531757749,0.4,0.8362532523850824,0.0,0.6559934318555007,0.26315789473684215,0.03886397608370695,0.02164502164502169,0.0,0.8939068100358423,0.7216666666666667,0.0,0.0,0.0,0.8598893096417128,0.045112781954887105,0.0,0.6666666666666667,0.11936339522546413,0.0,1.0,1.0,0.0,0.7476190476190476,0.5,0.5789080029917726,0.4285714285714285,0.0,0.0,0.24,1.0,1.0,0.6408317580340264,0.0,0.33333333333333337,0.0,1.0,0.27665706051873185,0.20599250936329594,1.0,1.0,0.0,0.0,0.6357715430861723,0.7692307692307693,0.0,0.3782652225357239,0.7777777777777778,0.18352059925093622,1.0,0.0,0.0,0.5542961608775137,0.9054114490161002,0.0,1.0,1.0,0.5,0.5,0.41463414634146345,0.75,0.9,0.9418386491557224,1.0,0.0,1.0,0.8933747412008282,0.9166666666666666,0.8709677419354839,0.0,0.700595238095238,0.2068965517241378,0.0,1.0,0.5,0.3099962087703777,0.0,0.9960571401749253,0.9588154797744813,0.3366228070175439,0.0,1.0,0.5714285714285714,0.43158434330489537,0.6983762034775111,0.0,0.0,0.0,0.0,0.0,0.0,0.0,0.35203030243557787,0.0,0.9797297297297297,1.0,0.9839449541284404,0.0,0.0,0.0,0.03502826648086255,0.0,0.6325333912476925,0.806677801715443,runif
0.0,0.0,0.7835178351783518,0.0,0.75,0.0,0.0,0.0,0.0,0.0,0.6593532229965157,0.0,0.7588281660535996,0.0,0.5,0.745602052375558,0.0,0.0,0.6516744913928012,0.5980406264239634,0.0,0.4813404417364813,0.33333333333333326,0.34550195567144715,0.0,0.0,0.7084474317484026,0.0,0.0,0.77227200843437,0.8003714020427113,0.6609847743551607,0.83596104623866,0.8636363636363636,0.0,0.0,0.360116873630387,0.0,0.0,0.7544507450876962,0.8756766575840146,0.1794871794871794,0.8919182083739046,0.38636363636363635,1.0,0.8509254627313657,0.9752210185531067,0.0,0.33333333333333337,0.23477100933748307,0.39306035358666935,0.0,0.7028985507246377,0.7452598403849738,0.6054490413723512,0.49368827823100037,0.9080901279055954,0.0,0.0,0.022099447513812098,0.8469217970049917,0.8617886178861789,0.40353460972017663,1.0,0.0,0.5,0.4361696276332435,0.0,0.0,0.0,0.1428571428571428,0.0,1.0,1.0,0.7611464968152867,0.8333333333333334,0.0,0.0,0.0,0.8571428571428572,0.9310849545648594,0.37229987293519695,0.6428571428571428,0.0,0.3341056086494836,0.3455577901336804,0.5,0.6880510538248383,0.8,0.0,0.6666666666666667,0.0,0.0,0.2941176470588235,1.0,0.5,0.5218345173422483,0.6053660184336245,0.8304794520547945,0.6437549096622153,0.125,0.29094543637272297,0.5124674358020097,0.33333333333333337,0.042308158564674736,0.5890725436179981,0.0,0.0,0.0,0.6666666666666667,0.5582363616953134,0.5555555555555556,0.07635597682991047,0.0,0.0011017260374586169,0.5957307060755337,0.25,1.0,0.6666666666666667,0.60346437091588,0.5,0.625,0.33333333333333337,0.75,0.18181818181818177,0.7332738626226583,1.0,0.75,0.9285714285714286,0.0,0.8760369596007284,0.6848511328880844,0.4689393939393939,0.4307662482431057,0.0,0.5612202943836856,0.6666666666666667,0.559990145355999,0.4940671716833144,0.0,0.4138114209827357,0.0,0.048151505993754284,0.9090909090909091,0.0,0.875,0.8269230769230769,0.2335877862595418,0.7151898734177216,0.9326364692218351,0.5,0.0,0.9142857142857143,0.0,0.0,0.9824381677154983,0.9896027212630768,0.0,0.0,0.4851190034848373,0.9436619718309859,1.0,0.7240094898610683,1.0,0.9451860772604591,0.9002847608889237,0.5386856210673503,0.0,0.0,0.7,0.019036009002250776,0.342832043046176,0.4329523822336425,0.0,0.0,0.0,0.0,0.9999396324825538,0.766042194092827,0.0,0.0,0.0,0.0,0.0,0.0,0.0,0.8437234477766938,0.6444491684790608,0.0,0.0,0.0,0.0,0.0,0.8888888888888888,0.0,0.65,0.0,0.0,0.0,0.0,0.0,1.0,0.0,0.8375755238462528,0.0,1.0,0.8391938700535321,0.0,0.0,0.734395097223273,0.7488033956470694,0.0,0.7142857142857143,0.0,0.42233009708737856,0.0,0.0,0.6666666666666667,0.21212121212121204,0.0,0.7083333333333333,0.7026615969581749,0.5903541519523762,0.8655913978494624,0.7931034482758621,0.0,0.0,0.5087719298245614,0.0,0.0,0.9693486590038314,0.8974358974358975,0.3589325426241661,1.0,0.19806763285024132,1.0,0.7278846153846155,1.0,0.0,0.0,0.036674043629466024,0.6335861321776814,0.0,0.7692307692307692,0.9263477600607442,0.7314734088927637,0.5373525557011796,1.0,0.0,0.06493506493506473,0.8478260869565217,0.9081920903954802,0.8,0.24232851985559567,0.75,1.0,1.0,0.4703008770955923,0.5,0.33333333333333326,0.0,0.0,0.43289473684210533,1.0,0.8571428571428572,0.8939929328621908,0.8888888888888888,0.0,0.0,0.0,1.0,0.8532235939643348,0.3896368829049367,0.625,0.0,0.5935464772054471,0.5238095238095237,0.0,0.5591491841491842,0.0,0.0,1.0,0.7096774193548387,0.5,0.31680989310417096,0.5476190476190477,0.0,0.25969275786393564,0.7678883071553229,0.08299866131191436,0.9788359788359788,0.46475770925110127,0.3317904993909867,0.6363636363636365,0.0,0.10476190476190483,0.0,0.0,0.0,0.0,1.0,0.6695137976346912,0.5,0.26635514018691575,0.33333333333333337,0.6213486213486215,0.0,0.23876347366280237,0.0,1.0,0.6573705179282869,1.0,0.8,0.0,0.44999999999999996,0.0,0.9367321867321867,1.0,1.0,1.0,0.0,1.0,0.8260869565217391,0.7857142857142857,0.8210959885386819,0.0,0.38547904191616755,0.6470588235294118,0.7888725128960943,0.8546448087431694,0.0,0.7460323649834275,0.10492056487202117,0.0,0.9090909090909091,0.0,1.0,0.8,0.75,1.0,0.9772727272727273,0.0,0.0,0.9117647058823529,0.0,0.0,1.0,0.9718100980757142,0.08333333333333326,0.7601238685088137,0.6306923431699443,0.9558823529411765,1.0,0.844901653517778,0.9545454545454546,0.9691653742317192,0.9171957716989804,0.0,0.0,0.0,1.0,0.5003942799084056,0.8547388526641638,0.5698110272960573,0.0,0.0,0.0,0.0,1.0,0.7432395782717278,0.0,0.0,0.0,0.0,0.0,0.0,0.0,0.9685295484307016,0.9973038857746274,0.0,0.0,0.0,1.0,0.0,1.0,0.0,0.75,0.0,0.0,0.0,0.0,0.0,0.7450071326676178,0.0,0.6097177563415506,0.0,0.6666666666666667,0.6314926397681335,0.0,0.0,0.8776919649487598,0.881574364332985,0.0,0.0,0.0,0.6101013226080905,0.25374732334047123,0.27866605756053,0.8840486867392697,0.0,0.0,1.0,0.8686716791979949,0.9097465034965034,0.848605577689243,1.0,0.0,0.0,0.16666666666666663,0.6743937232524965,0.5,0.41691950740674644,0.8010610079575596,0.24195906432748548,0.9338322174084285,0.7692307692307692,0.9090909090909091,1.0,0.9231107205623902,0.0,0.6666666666666667,0.33861334718255,0.4307692307692309,0.0,0.47542011537496864,0.9551134914562611,0.0,0.0,0.6564019448946514,0.0,0.2932692307692307,0.0,0.8571428571428572,0.846531184302733,0.3403543965229019,0.5294117647058822,0.0,0.0,0.10509209100758399,0.0,0.0,0.0,0.19999999999999996,0.0,1.0,1.0,0.9411764705882353,0.6666666666666667,0.0,0.2857142857142857,0.0,0.5,0.8137193203272498,0.0,0.0,0.0,0.0,0.4811381074168798,1.0,0.9574870099196977,0.8,0.0,0.5,0.0,0.32333333333333336,0.08810572687224683,0.2129629629629629,1.0,0.8939068100358423,0.20916666666666672,0.0,0.5986277873070327,0.0,0.5614973262032086,0.12337662337662325,0.25,0.37704918032786894,0.8076379066478077,1.0,0.0,0.0,0.0,0.24454428754813862,1.0,0.0,0.0,0.444047619047619,0.0,0.5,1.0,0.0,0.8997912317327766,0.0,0.33333333333333337,1.0,1.0,1.0,0.6627565982404693,1.0,0.6666666666666666,0.5,1.0,0.6357715430861723,0.26923076923076916,0.546774193548387,0.34138472991976154,0.44444444444444453,0.0,1.0,0.0,0.3269210102095649,0.716787838730998,0.06447249774571673,0.0746864310148232,0.17333333333333356,1.0,0.0,0.5,0.8780487804878049,1.0,0.6931818181818181,0.9018691588785047,1.0,0.0,1.0,0.0,0.0,0.9677740863787375,0.8476425052779732,0.8430874528781114,1.0,0.8607537064855333,0.6666666666666667,1.0,0.9462884731442366,0.0,0.9622144660163919,0.8581978133039323,0.0,0.0,0.5,0.5714285714285714,0.524919942401513,0.0,0.2229399788755032,0.0,0.0,0.0,0.0,1.0,0.9365079365079365,0.0,0.0,0.0,0.0,0.0,0.5,0.0,0.7878319950586782,0.5136389808550452,0.0,0.0,0.0,runif
0.0,0.7057535565668955,0.0,0.0,0.7380952380952381,0.0,0.0,0.0,0.0,0.6651737590472768,0.0,0.5988818360129113,0.7101809629815805,0.8723102388271459,0.0,0.7380542494240174,0.33333333333333326,0.5333257480942087,0.0,0.0,0.0,0.446257197696737,0.33333333333333326,0.0,0.03986054318171495,0.0,0.0,0.0,0.2857142857142857,0.0,0.7229399942578238,0.8850656261085491,0.0,0.8571428571428572,0.0,0.7943052850715198,0.0,0.0,0.7296681384418173,0.7371676757041327,0.8740604509835279,0.0,0.9239153973868476,0.38636363636363635,0.9815202231520224,0.6853426713356678,0.3476772287862513,0.0,0.6666666666666667,0.248379015620395,0.0,0.0,0.7028985507246377,0.4576140501177983,0.0,0.7266638042078144,0.692280345352971,0.6736560133013116,0.0,0.0,0.6607275426874535,0.0,0.864406779661017,1.0,0.6000000000000001,0.0,0.23715927010587956,0.44444444444444453,0.24039240392403927,0.2738985494188665,0.5714285714285714,0.5763421893947744,1.0,1.0,0.0,0.8333333333333334,0.0,0.19354838709677413,0.2666666666666666,0.0,0.6914938637325434,0.8469872365687148,0.0,1.0,0.8785620547431571,0.440447641886491,0.5,0.5383724297712134,0.6734693877551021,0.49659678736727464,0.0,0.7388888888888889,0.11111111111111116,0.0,0.9090909090909091,1.0,0.0,0.6711632021229545,0.0,0.0,0.0,0.0,0.8333333333333333,0.5,0.0,0.6798986486486486,0.0,0.0,0.19999999999999996,0.0,0.7576167076167075,1.0,0.8616382806163828,0.11111111111111105,0.579256360078278,0.895593220338983,1.0,0.875,0.0,0.869425577844469,0.5,0.875,0.33333333333333337,0.0,1.0,0.2095588235294117,1.0,0.0,0.8571428571428571,0.0,0.3191924641981968,0.5781502310819088,0.5342366319864507,0.0,0.7222222222222222,0.6837920797061339,0.6666666666666667,0.10453608247422697,0.0,0.0,0.5691755428705938,0.8134990047650643,0.741507024265645,0.0,0.7777777777777778,0.8333333333333334,1.0,0.827893175074184,0.6067510548523207,0.0,0.5,0.29166666666666663,0.9142857142857143,0.0,0.0,0.0,0.9751859010056672,0.9936640540667386,0.5007731621019527,0.7124507577681208,0.9850746268656716,0.0,0.24060634681112458,1.0,0.9639428760027247,0.8990165302580542,0.0,0.0,0.6666666666666667,0.9,0.019036009002250776,0.0,0.5281611980977667,0.0,0.0,0.0,0.0,0.9861398757368169,0.0,0.5284156602712181,0.8174699997781869,0.9970144047277055,0.6666666666666667,1.0,0.41666666666666663,0.0,0.9918886441017425,0.09114275903791735,0.0,0.9156386680930005,0.0,0.0,0.5741935483870968,0.0,0.0,0.6296296296296295,1.0,0.0,0.0,0.0,0.6362799263351748,0.0,0.6061102018548826,0.8089275473140891,0.7435897435897436,0.0,0.816337474305121,0.9322033898305084,0.8177339901477833,0.0,0.0,0.0,0.7142857142857143,0.0,0.0,0.0,0.0,0.0,0.0,0.0,0.0,0.8074074074074074,0.8296405711472181,0.0,0.6666666666666667,0.0,0.8703410887734357,0.0,0.14254545454545453,0.022662889518413554,0.9693486590038314,0.8974358974358975,0.0,0.8895253682487725,0.37318255250403876,1.0,0.9497227356746765,0.33884514435695534,1.0,1.0,0.06333606333606323,0.5755935628202352,1.0,0.3735294117647058,0.5250603864734298,0.4,0.5779967159277504,0.8571428571428572,0.2730573710965867,0.0,0.0,0.9113428943937418,0.0,0.9439824945295405,1.0,0.0,0.0,0.4703008770955923,0.75,0.5,0.529262086513995,1.0,0.6470588235294118,1.0,0.7142857142857143,0.5229681978798586,0.8888888888888888,0.0,0.5,1.0,0.0,0.9716091303527636,0.75,0.0,1.0,1.0,0.5238095238095237,0.0,0.7447757035385902,0.0,0.7683397683397684,0.0,0.19354838709677402,0.0,0.0,0.3571428571428571,0.9375,0.5586206896551725,0.6987432675044883,0.0,0.15384615384615385,0.6296296296296295,1.0,0.0,1.0,0.5564368517388651,0.8972691807542262,0.0,0.0,0.5,0.0,0.872359686179843,0.0,1.0,0.0,0.5945027794935145,0.6631205673758865,0.9798208819861693,0.875,0.0,0.9347826086956522,1.0,1.0,0.0,0.0,0.8823529411764706,0.7905156537753223,0.29999999999999993,0.5,1.0,0.0,0.617012806051357,1.0,0.0,0.12174069411976263,0.7777777777777778,0.6705645161290323,0.6470588235294118,0.4839084916634355,0.29279466888796346,0.0,0.48013749079302726,0.6749428291408037,0.4371014492753623,0.0,0.8571428571428572,1.0,0.65,0.75,0.5333333333333333,0.0,0.0,0.38426453819840356,0.9117647058823529,0.0,0.0,0.0,0.9452159691432137,1.0,0.0,0.8911507975562302,0.9850746268656716,0.0,0.2977500663760395,0.0,0.9667962506573724,0.8913019458596771,0.4242424242424243,0.0,0.6551724137931034,0.6666666666666666,0.532444192875084,0.0,0.7408045077476914,0.0,0.0,0.0,0.0,1.0,0.0,0.5827424878213476,0.8148148148148148,0.9789853966315575,0.5,1.0,0.5,0.0,1.0,0.705165277541532,0.0,0.8564335153260823,0.0,0.0,0.7743484224965707,0.0,0.0,0.75,0.0,0.0,0.0,0.0,0.6226912928759893,0.0,0.838012958963283,0.5973601508485228,0.7676767676767677,0.0,0.6343799293923233,0.6923076923076923,0.9714169048591261,0.0,0.0,0.0,0.0,0.0,0.0,0.2627737226277371,0.27866605756053,0.0,0.0,0.0,0.0,0.5441795231416549,0.6713013591626308,0.0,1.0,0.0,0.7716219073799957,0.0,0.7299297077321495,0.0,0.35204960385807804,0.7992586812329302,0.0,0.9082468596395412,0.7692307692307692,0.9,0.5798319327731092,0.0,0.6666666666666667,0.6666666666666667,0.3694504043571545,0.0,0.0,0.4762566304622379,0.25668948350964527,0.0,0.8409387222946545,0.32342007434944253,0.8809130003307972,0.3125,0.2857142857142856,1.0,0.0,0.7320893035654783,0.8448275862068966,1.0,0.0,0.0,0.4285714285714285,0.3388090349075975,0.12900420350775466,0.3999999999999999,0.41637010676156583,0.0,0.33333333333333337,0.41176470588235303,0.6666666666666667,0.0,0.0,0.0,1.0,0.8090032154340836,0.6666666666666667,0.0,1.0,0.6945107398568018,0.4183475562451512,1.0,0.0,0.8,0.4236848313281434,0.5,0.0,0.5633333333333335,0.42800199302441466,0.45656779661016955,1.0,0.0,0.17819148936170215,0.23529411764705876,0.0,0.0,0.30497131931166344,0.3766233766233765,0.0,0.6136363636363638,0.0,1.0,0.0,0.0,0.0,0.5411089866156789,0.5,0.7726252804786836,0.2857142857142857,0.40800000000000014,0.5725129844186976,0.72,1.0,1.0,0.9641975308641976,0.0,0.6666666666666667,1.0,1.0,0.3153153153153151,0.0,1.0,0.0,0.0,1.0,0.0,0.26923076923076916,0.6514644351464435,0.0,0.5555555555555556,0.890625,1.0,0.4207726116123063,0.0,0.6208677685950413,0.9534504618728491,1.0,0.0,1.0,0.5,0.5,1.0,0.4736842105263157,0.7715909090909091,0.0,1.0,0.5,1.0,0.0,0.0,0.0,0.8476425052779732,0.5976219117238828,0.6724137931034482,0.4670585602994122,0.6666666666666667,1.0,0.10471292600552651,0.0,0.9540120874012087,0.8651243558849622,0.7905443434911956,1.0,1.0,1.0,0.42482379233281764,0.34022118742724095,0.48128154152011027,0.0,0.0,0.0,0.0,0.9538228614685844,0.0,0.3590626087629064,1.0,0.9662162162162162,1.0,0.9878133704735376,0.0,0.0,0.9768375540457073,0.0,0.0,0.9017975541476352,0.0,runif
0.0,0.0,0.8464342674868991,0.6469803136469803,0.0,0.0,0.0,0.0,0.0,0.663193619548617,0.6548980606663353,0.0,0.0,0.0,0.5,0.8782677963646897,0.0,0.0,0.7314689622017907,0.0,0.7253622386904104,0.0,0.0,0.0,0.04064909089732227,0.0,0.0,0.029322268326417822,0.2857142857142857,0.77227200843437,0.7769983925179016,0.6608527131782945,0.0,0.0,0.0,0.0,0.0,0.2673388991289891,0.0,0.7887377173091459,0.0,0.0,0.26416733010060056,0.6458423466297483,0.4288681204569056,0.46323161580790395,0.5124484635885287,0.4693877551020408,0.0,0.8454170350722074,0.776411436879089,0.0,0.17273075450019137,0.5137133922156953,0.0,0.9278397244130179,0.7131480622903428,0.5407925407925408,0.0,0.0,0.601638349514563,0.8617886178861789,0.8662466682820451,0.0,0.0,0.0,0.1252956383037237,0.22222222222222232,0.0,0.0,0.5714285714285714,0.7921705089169203,1.0,0.5714285714285714,0.11642411642411654,0.0,0.995982694684796,0.0,0.0,0.8571428571428572,0.0,0.31327762302692674,0.6428571428571428,1.0,0.0,0.3311159155163811,0.0,0.8868728582725596,1.0,0.9860904123199206,0.6666666666666667,0.7178002894356006,0.11111111111111116,0.5294117647058824,0.0,0.2666666666666666,0.44896681277395134,0.7133870724725027,0.6453965360072926,0.0,0.0,0.0,0.08319467554076543,0.8333333333333334,0.17447823494335113,0.311023102310231,0.0,0.6666666666666667,0.0,0.6666666666666667,0.5855580383394097,0.0,0.07635597682991047,0.4444444444444444,0.4288506645817044,1.0,0.6226415094339622,1.0,0.6666666666666667,0.36822267323862,0.0,0.5,0.33333333333333337,0.8571428571428572,1.0,0.0,1.0,0.75,0.0,0.5,0.6027933229639368,0.0,0.46190476190476193,0.22616116158614252,0.7222222222222222,0.6218246759245005,0.8333333333333334,0.0,0.0,0.915374677002584,0.0,0.8342143986048286,0.03325964630225087,0.8888888888888888,0.0,0.16666666666666674,0.3076923076923077,0.5619412515964239,0.0,0.9352112676056338,0.0,0.0,0.9142857142857143,0.9919103920348475,0.0,0.0,0.9495035460992908,0.6625239005736137,0.0778310187065161,0.5261561056679613,0.9859154929577465,1.0,0.8807143702556852,0.16000000000000003,0.9451579043879367,0.8788692044639353,0.5085378265294582,0.206896551724138,0.16666666666666663,0.0,0.0,0.4628414331323164,0.47538110160939073,0.0,0.0,0.0,0.0,1.0,0.9306152906061247,0.8211749515816656,0.0,0.9755158895414794,0.6666666666666667,1.0,0.0,0.9457831325301205,0.8602585274187119,0.6571008386660837,0.6666666666666667,0.0,0.8423056715271148,0.0,0.0,0.8888888888888888,0.7916666666666666,0.0,0.7729591836734694,0.0,0.0,0.0,0.6362799263351748,0.9867109634551495,0.0,0.0,0.0,1.0,0.8074859638178415,0.0,0.0,0.8479418352733815,0.0,0.8861120429386112,0.0,0.0,0.0,0.0,0.0,0.0,0.21212121212121204,0.0,0.7083333333333333,0.68841642228739,0.6024111837886367,0.0,0.0,0.0,0.0,0.0,0.0,0.0,0.7030812324929973,0.0,0.0,0.525235243798118,0.7244094488188977,0.3999999999999999,0.7593423019431988,0.4286033020972779,0.14814814814814825,1.0,0.9611930724823605,0.9339016699754759,1.0,0.25,0.4360274101192152,0.0,1.0,0.8707983193277311,0.7395871061209707,0.09999999999999998,0.22916666666666674,0.7528248587570622,0.8,0.9416058394160584,0.0,1.0,0.0,0.0,0.0,0.0,0.5038167938931297,0.5,0.6221322537112011,1.0,0.6666666666666667,0.0,0.0,1.0,0.0,0.0,1.0,0.0,0.37447008949599614,0.75,0.8571428571428572,0.1413969335604771,0.5238095238095237,1.0,0.894789679751029,0.5,1.0,1.0,0.7096774193548387,0.0,0.0,0.0,0.0625,0.7712,0.590978205778003,0.5528781793842035,0.0,0.0,0.0,0.0,0.08333333333333337,0.0,0.5898801597869507,0.0,0.0,0.0,1.0,0.8351028533510285,0.0,0.2494226327944571,0.6666666666666667,0.9523809523809523,0.9710586443259711,0.8980500211954218,0.375,1.0,0.33869787856620315,0.0,0.8,0.0,0.0,0.0,0.4492753623188406,1.0,0.5,0.0,1.0,0.503397435897436,0.6666666666666667,0.0,0.0,0.7777777777777778,0.18388865457612813,0.8823529411764706,0.0,0.3720430107526882,1.0,0.0,0.6748594731621294,0.0,0.9090909090909091,0.0,1.0,0.65,0.75,0.3225806451612905,1.0,1.0,0.0,0.9117647058823529,1.0,0.0,0.0,0.9526282669130708,0.0,0.6368553912729896,0.08057198456341352,1.0,1.0,0.9117101613927223,0.13636363636363646,0.9209302325581395,0.9678476232785429,0.0,0.375,0.1724137931034483,0.0,0.0,0.5569255865278511,0.20340617466365984,0.0,0.0,0.0,0.0,1.0,0.9545595714119337,0.673633608527537,0.0,0.9883718142367355,0.5,1.0,0.0,0.9376779178527856,0.9849528387631031,0.9624328014335695,1.0,0.0,0.8885549711995993,0.0,0.0,0.7238493723849373,0.5085830113384431,0.0,0.7142857142857143,0.0,0.0,0.0,0.6473688993910751,0.9008547008547009,0.0,0.0,0.0,0.6666666666666667,0.8879472693032016,0.0,0.0,0.7022781944247912,0.0,0.709828674481515,0.0,0.0,0.0,0.25374732334047123,0.38834951456310696,0.0,0.0,0.0,0.75,0.8682602921646747,0.9182172219818261,0.0,0.0,0.0,0.0,0.0,0.5968253968253969,0.0,0.0,0.0,0.0,0.0,0.0,0.6,0.2925278219395867,0.21616871704745155,0.6666666666666667,0.0,0.7899307740717433,0.7682198327359617,0.0,0.0,0.12295081967213117,0.0,0.9612807148175726,0.4059536934950385,0.4051724137931033,0.2932692307692307,1.0,0.1428571428571428,0.867152466367713,0.8007761966364813,1.0,0.0,0.0,0.0,0.5714285714285714,0.0,0.0,0.6,0.577131906739061,0.5,0.0,0.41176470588235303,0.0,1.0,0.5,0.0,1.0,0.28182893180922364,0.0,0.0,1.0,0.16000000000000003,0.3853143418467583,0.0,0.013847675568743889,0.0,1.0,0.5,0.5804597701149425,0.0,0.8043478260869565,0.0,1.0,0.48951048951048937,0.20916666666666672,1.0,0.0,0.0,0.30497131931166344,0.5714285714285714,0.75,0.051724137931034475,0.009628610729023324,1.0,1.0,1.0,0.0,0.0,0.5,0.0,0.4285714285714285,0.698956780923994,0.9368811881188119,0.75,1.0,0.0,0.2931222707423582,0.0,0.0,1.0,1.0,0.8,0.0,1.0,1.0,0.0,0.5,0.896784933929872,0.0,0.5467625899280575,0.6402031316123571,0.5555555555555556,0.8721000605204761,0.0,0.0,0.0,0.506345590628051,0.5978023690773068,0.955421231582924,0.0,1.0,0.0,0.0,0.29268292682926833,1.0,0.0,0.9573732718894009,0.0,0.0,1.0,0.9989545216936748,0.0,0.0,0.8478031634446398,0.0,0.22413793103448265,0.0,1.0,0.75,0.7841730936590343,0.33333333333333326,0.9621984542118823,0.8484845510580661,0.0,0.7,0.5,0.0,0.0,0.41562669560499177,0.485114556180546,0.0,0.0,0.0,0.0,0.9655172413793104,0.9975757575757576,0.5238795003673768,0.0,0.9594594594594594,1.0,1.0,0.0,0.7419354838709677,0.7856917743460449,0.5091827028609057,0.0,0.0,0.806677801715443,runif
0.0,0.7065637065637065,0.8361986628462273,0.0,0.0,0.9421296296296297,0.0,0.0,0.0,0.6761293821064109,0.0,0.0,0.6990848398469732,0.0,0.0,0.7380542494240174,0.0,0.0,0.0,0.0,0.6160433913788181,0.7245949926362297,0.0,0.7308581484420827,0.0,0.0,0.5797263334264172,0.7202272667352159,0.0,0.0,0.6399422174070062,0.8850656261085491,0.0,0.0,0.6842105263157894,0.0,0.42666666666666664,0.15241202516895835,0.0,0.9025803054239073,0.8401302356382098,0.3846153846153846,0.3641088572872303,0.6355731225296444,0.9817115251897861,0.9445831253120319,0.8065317214881454,0.4462151394422311,0.33333333333333337,0.6292394224311619,0.0,0.0,0.7028985507246377,0.0,0.6764215314632297,0.9068454481298518,0.673202614379085,0.9290293722975995,0.799554565701559,0.808170515097691,0.0,0.0,0.0,0.1428571428571429,0.6000000000000001,0.5,0.0,0.5555555555555556,0.39661840093533585,0.275092936802974,0.1428571428571428,0.3673265346930613,0.7179487179487178,0.5714285714285714,0.864406779661017,0.0,1.0,0.19354838709677413,0.4,0.0,0.93071000855432,0.0,0.6428571428571428,0.0,0.41079092581238497,0.09183484539900022,0.0,0.0,0.7000000000000001,0.802182428651371,0.0,0.4375,0.0,0.9130434782608695,0.33009708737864085,0.0,0.28892371995820265,0.5403068737827182,0.0,0.266907123534716,0.0,0.21341943096892624,0.6666666666666666,0.0,0.9053140902644532,0.6907582938388626,0.0,0.6666666666666667,0.0,0.0,0.49964157706093193,1.0,0.0,0.33333333333333326,0.4164768413059984,0.5881565741050518,0.19047619047619047,0.875,0.0,0.0,0.0,0.625,0.33333333333333337,0.8571428571428572,1.0,0.7658569500674763,0.6000000000000001,0.75,0.9285714285714286,0.0,0.0,0.683097725875845,0.37986934430195973,0.0,0.9166666666666666,0.0,0.8333333333333334,0.6698046599199812,0.5404000630020476,0.7054590315616326,1.0,0.9491334366633789,1.0,0.8888888888888888,0.11111111111111116,0.0,0.8269230769230769,1.0,0.7100515463917526,0.4097152428810721,0.5,0.0,0.9142857142857143,0.9776247848537005,0.0,0.0,0.7727981846546589,0.6257594167679223,0.0,0.7124507577681208,1.0,0.9634301359147355,0.836474290012091,0.0,0.9956933936101183,0.8989262460495754,0.0,0.206896551724138,0.0,0.9,0.5205988997249313,0.0,0.8912434902533912,0.0,0.0,0.0,0.0,0.9985008912024741,0.0,0.5071243964245641,0.0,0.9751368654626144,0.6666666666666667,1.0,0.517241379310345,0.9797428131671715,0.9918886441017425,0.11629883507164174,0.6666666666666667,0.4965694682675815,0.0,0.0,0.5741935483870968,0.6666666666666667,0.0,0.0,0.0,0.0,0.0,0.0,0.6362799263351748,0.0,0.0,0.8089275473140891,0.0,0.0,0.8059800664451827,0.0,0.0,0.0,0.0,0.8548387096774194,0.7142857142857143,0.0,0.42233009708737856,0.4098360655737705,0.0,0.6206896551724137,0.6444444444444444,0.0,0.33333333333333326,0.6967965721281371,0.6146446518305815,0.0,0.0,0.5909090909090908,0.0,0.5087719298245614,0.2698550365506134,0.0,0.9176245210727969,0.8974358974358975,0.7174203113417346,0.0,0.703281027104137,1.0,0.9780342516753537,0.9583517944173682,0.14814814814814825,0.0,0.6834583779921402,0.5752257132538822,0.0,0.25,0.0,0.0,0.8242097147262915,0.8588235294117647,0.9127906976744186,1.0,0.85,0.0,0.0,0.0,1.0,0.0,1.0,0.11316800558854356,0.75,1.0,0.0,0.0,0.0,0.7,0.11111111111111105,1.0,0.0,1.0,0.5,0.5457227138643068,0.0,0.7966461063993833,0.0,0.625,0.33333333333333326,0.0,0.0,1.0,0.0,1.0,0.7364341085271318,0.0,0.967741935483871,1.0,0.8409626508605299,0.6190476190476191,0.0,0.0,0.9229789942711648,0.0,1.0,1.0,0.0,0.2727272727272728,0.0,0.5446410412853366,0.773523685918235,0.0,0.0,0.0,0.0,0.0,0.5,0.0,0.33333333333333337,0.7894736842105263,0.7969410999023755,0.6743272895253494,1.0,0.0,0.0,0.0,0.8,0.0,0.0,0.8823529411764706,0.9234620886981402,1.0,0.5,1.0,0.5,0.0,0.8260869565217391,0.7857142857142857,0.0,0.962962962962963,0.0,0.8823529411764706,0.5312136487010469,0.0,1.0,0.9835567028537077,1.0,1.0,0.9090909090909091,0.0,0.0,0.8,0.875,1.0,1.0,0.0,0.0,0.9117647058823529,1.0,0.0,0.0,0.82698834362208,0.16512059369202237,0.7868522815158546,0.8984033525091247,1.0,0.9576271186440678,0.9103702595425222,0.0,0.9968825626480002,0.968065379362418,0.735897435897436,0.375,0.0,0.6666666666666666,0.9694315889403109,0.0,0.949869451697128,0.0,0.0,0.0,0.0,0.9922220855878012,0.0,0.5827424878213476,0.0,0.9807049764344036,0.5,1.0,0.5,0.9831688914683692,1.0,0.5359721450848036,1.0,0.47986973022874146,0.0,0.0,0.8669623059866962,0.7583892617449665,0.0,0.0,0.7142857142857143,0.0,0.0,0.0,0.6497765468622143,0.0,0.0,0.5500965872504829,0.0,0.0,0.6343799293923233,0.0,0.0,0.0,0.0,0.5764883195177091,0.875,0.0,0.6101013226080905,0.0,0.3561741882016124,0.5794261721483555,0.8169315403422983,0.5454545454545454,0.0,0.5445544554455446,0.9069437883797827,0.0,0.0,0.75,0.0,0.16666666666666663,0.0,0.5,0.7303370786516854,0.8003966822935449,0.02263374485596703,0.525564803804994,0.0,0.9,0.957983193277311,0.7452015355086372,1.0,0.6666666666666667,0.6179987413467589,0.0,0.0,0.4562138440055855,0.0,0.6923076923076923,1.0,0.3193493150684932,0.8534507242260722,0.75,0.978021978021978,0.0,0.0,0.0,0.8333333333333334,1.0,0.0,0.0,0.5714285714285714,0.49908540875193474,0.7346938775510204,0.19999999999999996,0.6892366656020441,0.5,0.0,0.8823529411764706,0.0,1.0,0.0,0.0,1.0,0.8561736770691994,0.0,0.0,0.5,0.0,0.4399441340782123,0.0,0.7758661887694145,1.0,0.9877877877877878,0.5,0.42295887047268266,0.23029045643153523,0.701195219123506,0.060381355932203506,1.0,0.8155197657393851,0.2046757829730923,0.0,0.5497512437810945,0.625,0.0,0.5714285714285714,0.25,0.9827586206896551,0.18828451882845176,1.0,1.0,0.6666666666666667,0.0,1.0,1.0,0.20707964601769913,0.4285714285714285,0.16843220338983056,0.0,0.5499999999999999,0.0,1.0,0.0,0.0,0.33333333333333337,1.0,1.0,0.3153153153153151,0.3846153846153846,0.0,1.0,0.5,0.5,0.16586345381526102,0.8666666666666667,0.5349544072948329,0.5621712997746056,1.0,0.3412553321145644,0.0,1.0,0.3060046189376444,0.8076448828606658,0.7622586576769843,0.83892068683565,1.0,1.0,0.5,0.5,0.8780487804878049,0.7368421052631579,0.6931818181818181,0.23590150913423347,1.0,0.0,1.0,0.9523809523809523,0.0,0.0,0.6481546572934975,0.5382622374386972,0.0,0.9549746938060077,0.0,0.5,0.7722609246358455,0.0,0.9948303114830311,0.8628075870484675,0.3366228070175439,0.0,0.0,1.0,0.8036903407027145,0.0,0.8048731683290236,0.0,0.0,0.0,0.0,1.0,0.0,0.3596692873838546,0.0,0.9797297297297297,1.0,0.9797541576283442,1.0,0.9203354297693921,0.9760141829179267,0.35647078883325833,0.0,0.2729342135215116,0.6419742552050319,runif
0.0,0.7057535565668955,0.811068211068211,0.0,0.0,0.0,0.7857142857142857,0.6186061381074168,0.0,0.6761293821064109,0.0,0.8968919916761764,0.6807308570741676,0.8574445617740232,0.0,0.7467151290351959,0.33333333333333326,0.5562207371243347,0.0,0.6796226340849171,0.71135818617833,0.0,0.33333333333333326,0.4838593974175035,0.06613439962118728,0.781841514276548,0.6132518567876355,0.0,0.0,0.0,0.0,0.8840868352917746,0.5803671294164089,0.0,0.0,0.8259438601800712,0.0,0.8033828200014772,0.08571428571428563,0.7855660377358491,0.5223750652968833,0.9583333333333334,0.22954361328652428,0.6840185676392574,0.9818865345181135,1.0,0.22225805584670366,0.4462151394422311,0.33333333333333337,0.26467868700878405,0.2821216278006402,0.0,0.0,0.7480666433990337,0.7359081419624217,0.9031858753013225,0.0,0.48995695839311326,0.0,0.7989854153455929,0.8438661710037175,0.0,0.96,0.8571428571428572,0.0,1.0,0.06106870229007644,0.33333333333333337,0.0,0.21871261067240966,0.5714285714285714,0.2009022556390978,0.6000000000000001,1.0,0.713375796178344,0.8333333333333334,0.995982694684796,0.0,0.0,0.0,0.8971902249973086,0.9732244587922522,0.6428571428571428,1.0,0.2694275103356457,0.0,0.0,0.46371830985915485,0.4,0.9878230616302187,0.33333333333333337,0.9565846599131693,0.0,0.368421052631579,0.9267676767676768,0.052631578947368474,0.44839114082741327,0.3181926391467885,0.6838709677419355,0.2361258395192648,0.125,0.8487929830008538,0.0,0.7333333333333334,0.0,0.0,0.0,0.0,1.0,0.0,0.5129288142577522,1.0,0.12999150382327962,0.4444444444444444,0.8300261665939817,0.895593220338983,0.0,0.0,0.6666666666666667,0.5183815978640378,0.5,0.5,0.0,0.29999999999999993,0.9090909090909091,0.36543029417138684,0.7179487179487178,0.75,0.0,0.0,0.42555699248612633,0.5771751412429378,0.39144736842105254,0.0,0.9166666666666666,0.6492794049279405,0.8333333333333334,0.036030471484455484,0.9722246183041491,0.5461385262226157,0.8982993197278911,0.5671698768002778,0.8221463022508039,0.0,0.7777777777777778,0.0,1.0,1.0,0.6003445305770887,0.562137049941928,0.5,0.0,0.0,1.0,0.9803921568627451,0.9355911074174111,0.5027659574468085,0.9872118044881648,0.0,0.6536430143773566,1.0,0.949798952114049,0.24408108322115762,0.0,0.9952927242041989,0.8812608762296339,0.3267759562841531,0.0,0.0,0.9,0.9763513513513513,0.9156954528085595,0.5673991814603374,0.0,0.0,0.0,0.0,0.996512450308514,0.6281237301909792,0.7065374324143753,0.8182939453340088,0.0,0.6666666666666667,1.0,0.4206349206349206,0.9443651925820257,0.9896447241367828,0.0,0.0,0.9255218600631903,0.0,0.0,0.5741935483870968,0.8656716417910448,0.0,0.0,0.0,0.993127147766323,0.7666666666666666,0.0,0.6362799263351748,0.0,0.9153513716647876,0.8089275473140891,0.4736842105263158,0.0,0.816337474305121,1.0,0.986146409528081,0.0,0.835183382018825,0.8861120429386112,0.0,0.0,0.42233009708737856,0.4098360655737705,0.5458616502940756,0.6206896551724137,0.0,0.0,0.0,0.0,0.5910096540627515,0.8655913978494624,0.0,0.0,0.8827792335407796,0.0,0.8498806682577565,0.8544891640866873,0.7797101449275362,0.0,0.9162283996994741,0.0,0.7333657115104419,1.0,1.0,0.5154285714285713,0.14814814814814825,0.0,0.3653225806451612,0.0,0.0,0.0,0.6310587598158679,0.0,0.8095238095238095,0.0,0.42449922958397535,0.06493506493506473,0.8161120840630472,0.9197080291970803,0.0,0.9738012852199703,0.75,1.0,0.0,0.05695570112135029,0.2500000000000001,0.0,0.6234855545200373,0.5,0.13123236124176862,1.0,0.0,0.9796999117387467,0.8888888888888888,1.0,0.0,1.0,0.0,0.9512649386931553,1.0,0.625,0.0,0.8332243296272073,0.21739130434782605,1.0,0.564258476759765,0.5,1.0,1.0,0.967741935483871,0.5,0.6669526424159232,0.3571428571428571,0.0625,0.7429264349232013,0.07181328545780963,0.4666666666666667,0.0,0.16666666666666663,1.0,0.4545454545454546,1.0,0.5564368517388651,0.0,0.0,0.0,0.0,0.0,0.8408608669293726,0.0,0.7113752122241087,0.6666666666666667,0.8,0.5087585681645088,0.0,0.0,1.0,0.9328055964653903,1.0,0.8,0.0,0.44999999999999996,0.3529411764705882,0.0,0.7,0.0,0.0,0.5,0.2959641255605382,1.0,0.7857142857142857,0.1504664970313826,0.962962962962963,0.9953542392566783,0.8823529411764706,0.6989247311827957,1.0,0.2727272727272727,0.4801885402857564,0.8216080402010051,0.9402129402129402,0.0,0.8571428571428572,0.0,0.8,0.75,0.0,1.0,0.0,0.8656716417910448,0.0,1.0,0.9888888888888889,0.9808450704225352,0.0,0.999057651532999,1.0,0.5394679955400825,1.0,0.9576271186440678,0.2981229359034844,0.0,0.9968707063635937,0.8915316642120765,0.0,0.0,0.0,0.6666666666666666,0.9749000435212339,0.9644821547492786,1.0,0.0,0.0,0.0,0.0,0.9960012644223171,0.5695643939393938,0.37594600122724475,0.8148148148148148,0.0,0.5,1.0,0.5,0.995420346745175,1.0,0.42774427020506633,0.0,0.9381330472103004,0.0,0.0,0.8718730933496034,0.8435870698644421,0.0,0.0,0.0,0.9838709677419355,0.6625258799171843,0.0,0.6018627836809655,0.0,0.4739187965735775,0.586435727279715,0.5718157181571816,0.0,0.6343799293923233,1.0,0.9716077132379037,0.0,0.6351878039526782,0.709828674481515,0.23181818181818192,0.0,0.4981197958635508,0.75,0.0,0.5794261721483555,0.7650004724558254,0.0,0.0,0.0,0.6711986247851227,0.501031297641467,0.0,0.0,0.5,0.0,0.3385284523378037,0.0,0.0,0.4110233258088788,0.6626506024096386,0.9415584415584416,0.0,0.9,0.7698971304818625,0.40347334410339253,0.6666666666666667,0.6666666666666667,0.2807428777497296,0.5437060781654542,0.0,0.4354635008840616,0.9553296108009001,0.0,0.9376299376299376,0.0,0.636182902584493,0.3125,0.5,0.8571428571428572,0.0,0.10896130346232202,1.0,0.0,0.0,0.08910103420843296,0.5714285714285714,0.0,0.3515794028559065,0.6,0.5208333333333335,0.0,0.33333333333333337,0.41176470588235303,0.6666666666666667,1.0,0.2857142857142857,0.0,1.0,0.821151832460733,1.0,0.0,0.0,0.0,0.0,0.0,0.2818294190358469,0.0,1.0,0.0,0.6559934318555007,0.23029045643153523,0.1496702181633689,0.45656779661016955,0.0,0.5333333333333333,0.8563829787234043,0.7058823529411765,0.03606965174129362,0.0,0.4424701427323041,0.0,0.0,0.6136363636363638,0.0,1.0,0.0,1.0,0.0,0.07443365695792892,1.0,0.12041884816753934,0.4285714285714285,0.05208333333333337,0.35503344754446076,0.56,1.0,0.0,0.4811551639745473,0.0,0.0,0.0,0.0,0.0,1.0,0.5,0.6666666666666666,0.0,0.5,0.0,0.26923076923076916,0.45806962025316456,0.0,0.7777777777777778,0.0,0.0,0.0,0.8754480286738351,0.7415019762845849,0.9478260869565217,0.23321809276865457,1.0,1.0,0.5,0.5,1.0,0.75,0.7777777777777778,0.5776215582893967,1.0,0.33333333333333326,0.0,1.0,0.9166666666666666,1.0,0.04166666666666674,0.8043676069153776,0.0,0.8155913543268841,0.6666666666666667,0.5,0.1184273709483793,0.0,0.9948175903659378,0.8622473656250743,0.0,0.0,0.0,1.0,0.9573070975549629,0.8663551401869158,0.9338809034907597,0.0,0.0,0.0,0.0,1.0,0.6168046899934487,0.5016494302888019,0.7878787878787878,0.0,1.0,1.0,0.0,0.8861209964412812,0.9768375540457073,0.0,0.0,1.0,0.0,runif
0.0,0.706499193362526,0.8354007633587786,0.0,0.75,0.9404761904761905,0.828125,0.6186061381074168,0.6699172033118675,0.0,0.0,0.5441173749745601,0.7156721974048075,0.8574445617740232,0.0,0.7456456731610206,0.0,0.0,0.6508981659827485,0.5924451787323521,0.7657846153846154,0.0,0.0,0.34550195567144715,0.0,0.0,0.0,0.14924452667283383,0.8571428571428572,0.77227200843437,0.0,0.6608527131782945,0.5265921348715934,1.0,1.0,0.9134180011043622,0.0,0.15241202516895835,0.7038890477552188,0.30273051048674315,0.6084667771028898,0.0,0.26416733010060056,0.6355731225296444,0.981736733287388,0.6851851851851852,0.0,1.0,0.33333333333333337,0.6265841438255231,0.34839234839234834,0.0,0.0,0.6584781958159907,0.8262439807383628,0.8115023474178403,0.7513040810064436,0.8925366084081248,0.31506849315068497,0.0,0.6068866571018652,0.8617886178861789,0.8645066273932254,0.6666666666666667,0.4,0.0,0.9080358616137726,0.22222222222222232,0.715327499337046,0.44651830581478813,0.5714285714285714,0.0,0.7884615384615384,0.6363636363636364,0.14035087719298245,0.0,0.995982694684796,0.0,0.2666666666666666,0.2857142857142857,0.8017930109166311,0.3199762540813297,0.6428571428571428,1.0,0.08847843896626206,0.0,0.0,0.7781499202551834,0.15000000000000002,0.4377203290246767,0.0,0.75,0.7777777777777778,0.6521739130434783,0.33009708737864085,0.5789473684210527,0.0,0.4020525398567095,0.5789473684210527,0.30690537084398983,0.0,0.3115984596305724,0.47058823529411764,0.6000000000000001,0.08897823616816702,0.3441355183207512,0.0,0.0,0.0,0.0,0.0,1.0,0.8782378854625551,0.11111111111111105,0.17463933181473046,0.9825997952917093,1.0,0.0,0.6666666666666667,0.45817217372085306,0.5,0.0,0.0,0.75,1.0,0.625,0.7,0.75,0.4285714285714285,0.0,0.2827867937585107,0.5625117033893016,0.8038063909774437,0.5146477563357359,0.4722222222222222,0.5606736842105263,0.0,0.6701631701631701,0.9384872055987693,0.3528837257119358,0.0,0.5659998615629542,0.7395109395109394,0.36363636363636365,0.7777777777777778,0.875,1.0,0.5384615384615385,0.6003445305770887,0.9355742296918768,0.0,0.9,0.0,0.0,0.9851745576279293,0.6134882931795045,1.0,0.0,0.786790780141844,0.7080447838659449,0.9859154929577465,0.8484107579462103,0.8900561359048784,0.15999999999999992,0.9940263844662054,0.9884934178449537,0.0,0.206896551724138,0.0,0.9,0.5196078431372549,0.1273238916824282,0.0,0.0,0.0,0.0,0.0,0.9965037529644752,0.6122474378674931,0.6831719457961282,0.997970497970498,0.986348273848495,0.0,1.0,0.0,0.0,0.3983925199207775,0.6209341926583752,0.0,0.9729001347507111,0.5831893912891377,0.0,0.5741935483870968,0.8656716417910448,0.0,0.65,0.8148148148148149,0.0,0.7666666666666666,0.5,0.0,0.0,0.7161290322580645,0.8375755238462528,0.7435897435897436,0.0,0.8286052676103999,0.0,0.0,0.636015637726014,0.6815650236702868,0.8580630830741892,0.0,0.0,0.42233009708737856,0.0,0.5411381595427321,0.0,0.0,0.5,0.7083333333333333,0.0,0.6022509272285459,0.8655913978494624,0.7619047619047619,0.8421052631578947,0.8830650091705726,0.0,0.5927272727272725,0.761811792268645,0.0,0.717948717948718,0.0,0.931758530183727,0.6976573938506588,1.0,1.0,0.16044260027662516,0.8148148148148148,0.0,0.6972418216805645,0.0,1.0,0.0,0.5300214132762313,0.7513812154696132,0.8619854721549637,0.9230769230769231,0.9221060223584565,0.0,0.0,0.7612535612535613,0.8,0.9422643211547136,0.75,1.0,0.0,0.9,0.0,1.0,0.586427656850192,1.0,0.33333333333333326,0.8344827586206897,0.7777777777777778,0.0,0.0,1.0,1.0,0.48677884615384603,0.5714285714285714,0.7948104174645729,0.3228758169934641,0.75,0.0,0.0,0.1428571428571428,1.0,0.8778801843317973,0.0,0.6124031007751938,0.0,0.19354838709677402,1.0,0.673341485784164,0.6190476190476191,0.8125,0.0,0.10486891385767794,0.5454545454545454,1.0,0.0,0.3317904993909867,0.2727272727272728,0.75,0.10476190476190483,0.5189255189255191,0.0,0.0,0.0,0.0,0.17279411764705888,0.0,0.9457274826789839,0.0,0.0,0.9710586443259711,0.9725555271891754,0.0,1.0,0.6573705179282869,1.0,0.0,0.0,0.44999999999999996,0.8235294117647058,0.7749752720079128,0.7,1.0,0.33333333333333326,0.0,0.6706666666666666,1.0,0.9571428571428572,1.0,0.37037037037037035,0.8332558139534884,0.0,0.4679459223724378,1.0,0.7613086296110833,0.0,0.9440137109279361,0.6742937853107345,0.6363636363636364,0.8571428571428572,1.0,0.44999999999999996,0.875,0.33333333333333337,1.0,1.0,0.8997772828507795,0.0,0.0,0.9888888888888889,0.6470458065943794,0.9853566793667978,0.0,0.0,0.8910435659020468,1.0,0.9576271186440678,0.9506164280679862,0.13636363636363646,0.9895649289764573,0.9948907471430761,0.6909722222222223,0.375,0.0,0.6666666666666666,0.9602366279343275,0.0,0.0,0.0,0.0,0.0,0.0,0.9954500737825873,0.5499470666959629,0.673633608527537,1.0,0.9829730530056263,0.0,1.0,0.0,0.0,0.7411355447881725,0.9666211737180737,0.0,0.8607465813850904,0.4250125502008032,0.0,0.8889256198347107,0.7583892617449665,0.0,1.0,0.7142857142857143,1.0,0.1869975533030409,0.6608856088560886,0.0,0.0,0.4739187965735775,0.586561123065888,0.3737373737373739,0.0,0.6354111506165367,0.0,0.0,0.7762587423652647,0.8163436451733135,0.710037844656695,0.0,0.0,0.49382213170400546,0.262496166819994,0.6951121794871795,0.0,0.7648559282002834,0.5454545454545454,0.75,0.0,0.9181665969024697,0.85,1.0,1.0,0.5534171249018067,0.0,0.0,1.0,0.07027213227695495,0.474609375,0.5286041189931352,0.0,0.0,0.9,0.5798319327731092,0.34788867562380044,0.5555555555555556,0.6666666666666667,0.6059917079042396,0.5913541004450096,0.0,0.0,0.03951462352209101,0.6923076923076923,0.6417977528089888,0.7789203084832905,0.852882703777336,0.6000000000000001,1.0,0.0,0.9699570815450644,0.7320893035654783,0.9459459459459459,0.4,0.0,0.736842105263158,0.5714285714285714,0.8039687312086591,0.14231588917830906,0.3999999999999999,0.0,0.5,0.33333333333333337,0.41176470588235303,0.0,1.0,0.5,0.0,0.0,0.8613445378151261,0.0,0.0,0.0,0.40880195599022007,0.0,0.0,0.6957139474307364,0.75,0.7602397602397603,0.5,0.0,0.8066666666666666,0.12940528634361226,0.0,0.0,1.0,0.8191442434936039,0.0,0.5497512437810945,0.0,0.10364861724378349,0.5714285714285714,0.25,0.0,0.08408071748878931,1.0,0.0,0.6666666666666667,0.0,0.0,0.5,0.768141592920354,0.2857142857142857,0.0,0.9407302875286647,1.0,1.0,0.0,0.8477508650519031,0.0,0.0,0.0,0.0,0.16561514195583604,0.2178362573099416,1.0,0.6666666666666666,1.0,1.0,0.0,0.3846153846153846,0.7811094452773613,0.21416440217391297,0.7777777777777778,0.0,0.0,1.0,0.8735059760956175,0.0,0.8723266364225535,0.0,0.0,0.0,0.5,0.5,1.0,0.9375,0.7777777777777778,0.9218158890290038,0.0,0.75,0.0,0.0,0.9166666666666666,1.0,0.9375,0.8781810596579057,0.6666666666666667,0.9548192771084337,0.5,0.5,1.0,0.33333333333333326,0.9619482734341996,0.9854013804506861,0.7905443434911956,0.1428571428571428,0.5,1.0,0.8294075514171698,0.6981676525753859,0.0,0.0,0.0,0.0,0.0,1.0,0.613202953366702,0.5238795003673768,0.9848484848484849,0.9797297297297297,0.0,1.0,0.0,0.0,0.0,0.4985006287685808,0.0,0.9046085587519679,0.5881507366080292,runif
0.5714285714285714,0.0,0.0,0.8339016766126741,0.0,0.0,0.0,0.0,0.6699172033118675,0.0,0.0,0.0,0.6784129185654845,0.8574445617740232,0.0,0.7411211685005814,0.8888888888888888,0.47804818861634935,0.0,0.6577240029138589,0.7253622386904104,0.7843749999999999,0.0,0.34550195567144715,0.03986054318171495,0.0,0.7838290741516548,0.0,0.2857142857142857,0.77227200843437,0.0,0.0,0.5559541172296899,0.8571428571428572,0.7704194260485651,0.9134180011043622,0.0,0.0,0.22580645161290325,0.30273051048674315,0.5835998836871183,0.1794871794871794,0.9250199030180213,0.3484848484848484,0.42592592592592593,0.9444722361180591,0.37225746761829226,0.0,0.0,0.0,0.7762822844670789,0.0,0.5219780219780219,0.8748691814169359,0.0,0.7930388219544846,0.0,0.4488715953307393,0.0,0.9210110584518167,0.6109413202933984,0.0,0.5653016719166466,1.0,0.4,1.0,0.16952016219869337,0.44444444444444453,0.6773084854502407,0.2502027209658526,0.0,0.6659413434247872,1.0,1.0,0.7192982456140351,0.8333333333333334,0.36186650185414093,0.3548387096774194,0.0,0.5714285714285714,0.8015267175572519,0.9730556086374929,0.0,0.0,0.0197246936377371,0.6891402714932127,0.5,0.7507564898869247,0.10000000000000009,0.9937574316290131,0.0,0.6763888888888888,0.7777777777777778,0.6521739130434783,0.33009708737864085,0.4736842105263158,0.0,0.6626268525954588,0.8034398034398035,0.21349274124679762,0.0,0.3115984596305724,0.8369565217391305,0.0,0.0,0.6753206898668139,0.0,0.0,0.0,0.6666666666666667,0.7874523600117268,1.0,0.372749391727494,0.11111111111111105,0.0,0.9490445859872612,1.0,0.0,0.6666666666666667,0.47110351458177524,0.5,0.5,0.0,0.0,1.0,1.0,1.0,1.0,0.9285714285714286,0.0,0.6399535683193072,0.6054385654456439,0.3978819969742815,0.5173705722070844,0.4722222222222222,0.6075930296791041,0.8333333333333334,0.0,0.9068749593742551,0.0,0.868421052631579,0.6531424581005586,0.7395109395109394,0.36363636363636365,0.7777777777777778,0.6666666666666666,1.0,1.0,0.6003445305770887,0.9028169014084507,0.0,0.0,0.9142857142857143,0.8571428571428572,0.5,0.0,0.9772340425531915,0.9214914118139924,0.5660792951541851,0.9839700852223318,0.0,0.9645284269849163,0.8644211995942452,0.72,0.9977062191161045,0.9008470745464908,0.0,0.206896551724138,0.7435897435897436,0.8,0.5196078431372548,0.16606464324248238,0.3961234258216444,0.0,0.0,0.0,0.0,0.0,0.9352740545093431,0.7746390377760111,0.0,0.9748796089987781,0.0,0.0,0.19999999999999996,1.0,0.9094223099026462,0.6209225197926963,0.0,0.0,0.8471449567252736,0.0,0.0,0.0,0.7916666666666666,0.0,0.0,0.0,0.0,0.5,0.0,0.0,0.0,0.8089275473140891,0.7435897435897436,0.0,0.8059800664451827,0.9322033898305084,0.8427225130890053,0.0,0.82805025830729,0.8861120429386112,0.8,0.0,0.42233009708737856,0.0,0.47987199534528535,0.6206896551724137,0.21212121212121204,0.0,0.7083333333333333,0.0,0.0,0.8655913978494624,0.6666666666666667,0.72,0.8786816588519143,0.0,0.0,0.7783251231527093,0.0,0.717948717948718,0.24974093264248698,0.8768248175182481,0.6976573938506588,0.3999999999999999,0.9721325902024054,0.35504642108415696,0.23076923076923073,1.0,0.0,0.9339016699754759,0.0,0.75,1.0,0.7234848484848485,0.8619854721549637,0.0,0.4058866279069767,0.09999999999999998,1.0,0.7127487896718666,0.0,0.7979251240414975,0.75,0.5,0.0,0.0,0.75,1.0,0.5108834827144686,0.0,0.6470588235294118,1.0,0.7777777777777778,0.9142857142857143,0.8888888888888888,0.0,1.0,1.0,0.8571428571428571,0.7948104174645729,1.0,0.0,1.0,0.0,0.6666666666666666,0.0,0.28866768759571204,0.0,1.0,0.0,0.0,1.0,0.673341485784164,0.0,0.6875,0.0,0.7678883071553229,0.9228187919463087,0.0,0.0,0.34381091617933723,0.8181818181818182,0.0,0.47777777777777786,0.7503052503052503,0.0,0.0,0.0,1.0,0.8438427299703264,0.5,0.2748267898383371,0.0,0.19999999999999996,0.0,0.9794433537359972,0.0,1.0,0.642282370153621,1.0,0.8,0.0,0.44999999999999996,0.8235294117647058,0.0,1.0,0.5,1.0,1.0,0.27615198059822155,1.0,0.7857142857142857,1.0,0.37037037037037035,0.8332558139534884,0.8823529411764706,0.7945922372437855,0.30605078336034575,0.0,0.9835578657048902,0.9509723040659989,0.4872389791183296,0.6363636363636364,0.8571428571428572,1.0,0.44999999999999996,0.75,0.0,1.0,1.0,0.0,0.9117647058823529,0.9757575757575757,0.5,0.0,0.9717807882471946,0.8950859210129636,0.4307654198662373,0.910087500967931,0.0,0.9576271186440678,0.9189151257850602,0.6818181818181819,0.9950280647255574,0.9681269134428054,0.8826429980276134,0.375,0.736842105263158,0.6666666666666666,0.9562721694156191,0.5567103479439675,0.34081107401224287,0.0,0.0,0.0,0.0,0.0,0.9537582645866208,0.673633608527537,0.0,0.9860823215872075,0.0,0.0,0.5,1.0,0.9854976543185844,0.9305033136306645,0.0,0.0,0.9021663172606569,1.0,0.0,0.0,0.5859982713915297,0.0,0.0,0.0,0.0,0.6643356643356644,0.0,0.0,0.0,0.518871753246753,0.5464646464646465,0.0,0.6318463066228706,0.7647058823529411,0.9674172637325145,0.0,0.6345290711618186,0.709828674481515,0.8478260869565217,0.0,0.7170900692840647,0.25374732334047123,0.0,0.9002535925612849,0.0,0.0,0.75,0.0,0.0,0.5,1.0,0.75,0.7378195851423058,0.0,0.6751160299892895,0.29999999999999993,0.07027213227695495,0.5409304002884963,0.03127572016460922,0.9426048565121413,0.0,0.6,0.75,0.0,0.0,0.0,0.0,0.7682198327359617,0.0,0.479287698913867,0.0,0.6923076923076923,0.6284437825763217,0.0,0.636182902584493,0.2932692307692307,0.0,0.1428571428571428,0.0,0.17901029558286297,0.5428571428571429,0.6,0.0,0.3900928792569659,0.4285714285714285,0.788991729027176,0.40356127487655247,0.0,0.5282657297987863,1.0,0.33333333333333337,0.23529411764705876,0.6666666666666667,0.8888888888888888,0.5,0.0,0.0,0.8613861386138615,1.0,0.0,0.5,0.4353293413173652,0.266759776536313,1.0,0.9599810561212408,0.75,1.0,0.5,0.10251688152240634,0.8066666666666666,0.13359201773835916,0.02164502164502169,1.0,1.0,0.20916666666666672,0.7407407407407407,0.0,0.0,0.0,0.0,0.25,0.6136363636363638,0.19282511210762343,1.0,0.0,0.0,0.0,0.6101190476190477,1.0,0.5185840707964602,0.2857142857142857,0.09341825902335443,0.0,0.72,1.0,0.0,0.8477508650519031,0.0,0.0,0.0,0.0,0.6000000000000001,1.0,1.0,0.0,0.5,0.0,0.9226644086931979,0.26923076923076916,0.0,0.3688268156424581,0.7777777777777778,0.0,0.0,0.0,0.946812749003984,0.5882751609623856,0.7668202764976959,0.0,0.0,0.0,0.5,0.5,1.0,0.75,0.7777777777777778,0.8436317780580076,0.0,0.0,1.0,0.9166666666666666,0.9166666666666666,0.0,0.9375661375661376,0.09594380240199407,0.6724137931034482,0.3410694966771418,0.0,0.5,0.7727789713130292,1.0,0.9960652666094153,0.8568653421633554,0.7905443434911956,0.7,1.0,0.8571428571428571,0.8294075514171698,0.6639122596153846,0.4877478143085826,0.0,0.0,0.0,0.0,0.0,0.9891771446761102,0.5238795003673768,0.0,0.9594594594594594,0.0,0.0,0.5555555555555556,0.935483870967742,0.7855115129849648,0.5029528932153209,0.0,0.0,0.8097208434261207,runif
0.0,0.706499193362526,0.0,0.8416283185840707,0.0,0.0,0.828125,0.8503937007874016,0.8549031663080233,0.0,0.6593532229965157,0.5988818360129113,0.0,0.0,0.5,0.0,0.0,0.0,0.0,0.8717888715548622,0.0,0.44376278118609414,0.0,0.34550195567144715,0.0,0.15242139501264917,0.0,0.14924452667283383,0.0,0.77227200843437,0.7956810631229236,0.0,0.0,0.0,0.0,0.0,0.45081640780565513,0.0,0.8861985472154964,0.8070036861506056,0.8733068315665489,0.1794871794871794,0.3663602808134906,0.9749935104265813,0.746268656716418,0.8505574970877018,0.9725176080651844,1.0,0.6666666666666667,0.0,0.27945246465704243,0.0,0.9787712287712288,0.46468420960729184,0.0,0.8194736842105264,0.3599062896560702,0.41842336407553804,0.0,0.9196547144754317,0.25210084033613445,0.8911303234069805,0.0,1.0,0.0,0.0,0.9080358616137726,0.0,0.6773084854502407,0.21871261067240966,0.8571428571428571,0.793999829540612,1.0,0.0,0.0,0.0,0.7966573816155988,0.3548387096774194,0.0,0.2857142857142857,0.9309797214756902,0.9224904701397713,0.6428571428571428,0.0,0.2964453386988598,0.01978063185525447,0.0,0.0,1.0,0.0,0.6666666666666667,0.6309696092619392,0.0,0.368421052631579,0.9106145251396648,0.5,0.8622417031934878,0.6345455745495348,0.9367533380182713,0.12020460358056284,0.125,0.0,0.012653516933383013,0.5,0.6217575757575757,0.6492931695072004,0.0,0.0,0.19999999999999996,0.6666666666666667,0.7879007990038394,0.0,0.3193717277486907,0.33333333333333326,0.0,0.9888670595939751,0.0,0.375,0.6666666666666667,0.3597628240485383,0.0,0.625,0.6666666666666667,0.75,1.0,0.201859229747676,1.0,0.0,0.8571428571428571,0.5,0.30348322810634387,0.0,0.39144736842105254,0.49275973569520604,0.4722222222222222,0.6445588532202704,0.8333333333333334,0.9362345822666978,0.0,0.5605461731943946,0.6973008130081302,0.0,0.03024517684887451,0.0,0.7777777777777778,1.0,0.0,0.49786324786324787,0.3500000000000001,0.9308617234468938,0.5,0.6666666666666667,0.0,0.0,0.989813736903376,0.0,0.0,0.0,0.14388489208633093,0.35923852598798844,0.33333333333333326,0.8288288288288288,0.26961932686026935,0.72,0.9981997568502758,0.8993287960572636,0.5386856210673503,0.206896551724138,0.0,0.7,0.0,0.9474390094165872,0.0,0.0,0.0,0.0,0.0,0.0,0.9439650232928926,0.704457389540478,0.9833401056481105,0.9862629535985186,0.0,1.0,0.9310344827586207,0.0,0.0,0.13680948077345312,0.0,1.0,0.0,0.0,0.5741935483870968,0.0,0.7916666666666666,0.0,0.8148148148148149,0.8839285714285714,0.5212121212121212,0.5,0.0,0.6530047373183585,0.7161290322580645,0.0,0.0,1.0,0.0,0.0,0.0,0.0,0.8393546346093008,0.0,0.7142857142857143,0.0,0.7919441801458929,0.0,0.0,0.0,0.0,0.0,0.0,0.68841642228739,0.0,0.0,0.0,0.0,0.0,0.5087719298245614,0.0,0.8565105127259314,0.9176245210727969,0.8974358974358975,0.24974093264248698,0.0,0.973516429622364,0.7333333333333334,0.495687698592828,1.0,0.23076923076923073,1.0,0.0,0.6341690962099125,0.0,0.9583333333333334,0.38082163921090095,0.0,0.8571428571428572,0.2234805587013966,0.7849898580121704,0.0862068965517242,1.0,0.6307237813884787,0.8527918781725888,0.2029734970911441,0.75,1.0,0.0,0.9485955368047074,0.5,1.0,0.5488126649076517,1.0,0.9819734345351043,0.29999999999999993,0.11111111111111105,0.4927239654388359,0.0,0.6264185201997277,0.0,0.0,0.5714285714285714,0.9498362607919023,0.944300518134715,0.625,0.09999999999999998,0.750578034682081,0.0,1.0,0.4275629220380601,0.5,0.0,1.0,0.6129032258064515,0.0,0.627226572584115,0.905319896883056,0.0,0.9283018867924528,0.9391124871001032,0.2799352750809063,0.0,0.16666666666666663,0.0,0.4545454545454546,1.0,0.0,0.7733333333333333,0.0,0.0,0.0,1.0,0.896551724137931,1.0,0.0,0.33333333333333337,0.2079207920792081,1.0,0.0,0.375,1.0,0.3161875945537066,0.0,0.8,1.0,0.44999999999999996,0.8235294117647058,0.7955246913580247,1.0,0.5,1.0,1.0,0.46481051817478725,0.021739130434782705,0.7857142857142857,0.8237822349570201,0.37037037037037035,0.026415094339622525,0.8823529411764706,0.9618768328445748,0.2803889789303079,0.21194029850746254,0.0,0.0819754324392078,0.0,0.0,0.8571428571428572,1.0,0.0,0.25,0.0,1.0,0.0,0.0,0.0,0.0,0.5,0.0,0.0,0.0,0.9096975088967971,0.5625215915406221,0.5,0.9576271186440678,0.42954511140348994,0.6818181818181819,0.9959415454210045,0.8916831877034535,0.0,0.375,0.0,1.0,0.8103052250387998,1.0,0.0,0.0,0.0,0.0,0.0,0.0,0.9367467567360098,0.37594600122724475,1.0,0.985480464625132,0.0,1.0,1.0,0.0,0.0,0.6957811341372985,0.0,0.9414322672978478,0.0,0.0,0.8650982085042089,0.0,0.5799039335323901,0.0,0.7142857142857143,0.875,0.7166605097894347,0.6591844369622147,0.0,0.7374219610723467,0.4739187965735775,0.0,0.0,0.6666666666666667,0.0,0.0,0.0,0.0,0.8076675257731959,0.0,0.0,0.33333333333333326,0.728158980127484,0.25374732334047123,0.4034021871202915,0.0,0.5729047072330654,0.0,1.0,0.8921568627450981,0.0,0.0,0.0,0.0,0.0,0.5,0.0,0.30000000000000004,0.8632449190492594,0.793800539083558,0.34023464458247066,1.0,0.7692307692307692,0.0,0.8700894593543368,0.903061224489796,0.0,0.6666666666666667,0.0,0.3506265113211694,0.0,0.9716687422166874,0.015269554378311012,0.0,0.6379187455452602,0.6405996758508914,0.2331723942061913,0.3125,0.0,0.1428571428571428,0.9313304721030042,0.0,1.0,0.0,0.0,0.7368421052631579,0.0,0.8024813895781637,0.2564870259481038,0.8,0.577131906739061,1.0,0.0,1.0,0.0,1.0,1.0,0.0,0.0,0.8614261003267346,1.0,0.0,0.5,0.0,0.18981805458362488,0.0,0.03588681849551412,1.0,0.0,0.5,0.4441707717569786,0.0,0.15623409669211186,0.45656779661016955,0.33333333333333337,0.7932816537467701,0.549731182795699,0.0,0.3276157804459692,0.0,0.31663268278473644,0.4285714285714286,0.0,0.0,0.18594594594594582,1.0,0.0,0.44444444444444453,0.0,0.5741496598639456,0.0,0.5185840707964602,0.4285714285714285,0.39880952380952384,0.9513786914667972,0.0,1.0,0.0,0.1683798335780715,0.0,0.33333333333333337,0.0,0.0,0.144144144144144,0.21554252199413504,0.0,0.0,0.0,0.5,0.0,0.0,0.4502407704654897,0.8228542493037387,0.7777777777777778,0.8220198675496688,0.0,1.0,0.0,0.606443186765346,0.5974378881987578,0.0,0.17333333333333356,1.0,0.5,0.0,0.0,0.625,0.5555555555555556,0.9147465437788018,1.0,0.0,0.0,0.0,0.9166666666666666,0.0,0.04268077601410947,0.8861016398766033,0.6666666666666667,0.7035362213982093,1.0,0.5,0.7413168227121716,1.0,0.9960652666094153,0.7608373037569319,0.0,0.7,0.5,0.5714285714285714,0.46757690744003244,0.8882084690553746,0.0,0.0,0.0,0.0,0.0,0.0,0.9878665318503539,0.5167311051361059,0.9848484848484849,0.9797297297297297,0.0,0.9789220114423366,0.8571428571428572,0.0,0.271326530612245,0.5960190002261931,0.0,0.8802097410670847,0.5796843534866294,runif
0.0,0.0,0.7918660287081339,0.8431179775280899,0.7380952380952381,0.0,0.828125,0.7777389684480149,0.0,0.0,0.0,0.0,0.7342947020898869,0.8495391019922688,0.0,0.0,0.0,0.6532785994842973,0.0,0.8894170009341172,0.0,0.0,0.25,0.34550195567144715,0.10749828677801765,0.2234090607147603,0.6224615964960076,0.0,0.8571428571428572,0.0,0.0,0.0,0.612279438242708,0.8571428571428572,0.7838427947598253,0.0,0.0,0.0,0.0,0.0,0.0,0.5769230769230769,0.3641088572872303,0.9772727272727273,0.0,0.688099173553719,0.2701210103143019,0.33333333333333326,0.33333333333333337,0.0,0.37902300284416957,0.0,0.7752247752247752,0.8839449684066362,0.0,0.7266638042078144,0.3603225701557573,0.4529270797672029,0.0,0.0,0.381723716381418,0.837992376111817,0.0,0.1428571428571429,0.6000000000000001,0.0,0.9080358616137726,0.5555555555555556,0.9779546846295162,0.0,0.5714285714285714,0.7129464896674422,1.0,1.0,0.0,0.0,0.36186650185414093,0.7741935483870968,0.0,0.0,0.801490349376985,0.9639751552795031,0.6428571428571428,1.0,0.08214285714285718,0.06760759714235953,0.0,0.872224143894846,0.4,1.0,0.6666666666666667,0.30323450134770913,0.33333333333333337,1.0,0.8752166377816291,0.052631578947368474,0.0,0.9078307528925158,0.5789473684210527,0.7312894499549143,0.0,0.3145439178206879,0.0,0.7333333333333334,0.017154478733751755,0.6810184351167957,0.75,0.0,1.0,0.6666666666666667,0.22552836484983307,0.11111111111111116,0.31137828890050534,0.0,0.5971984602224123,0.8753858024691358,0.5302445302445302,0.0,0.0,0.2390770216857171,0.5,0.5,0.33333333333333337,0.75,0.2727272727272726,0.6315789473684211,1.0,0.25,0.8571428571428571,0.5,0.4782463111369064,0.6882925027699126,0.0,0.1829032008060143,0.9166666666666666,0.853297110397629,0.8333333333333334,0.5617147080561715,0.9407961962755198,0.0,0.591113905480457,0.7859763272651762,0.8748733535967579,1.0,0.0,0.875,0.3076923076923077,0.5827232796486091,0.21687763713080155,0.9352112676056338,0.0,0.0,0.0,0.0,0.989813736903376,0.9847312703583062,0.9654065849432001,0.0,0.9645669291338583,0.9472527472527472,0.971830985915493,1.0,0.0,0.76,0.0,0.0,0.5211798624972276,0.206896551724138,0.0,0.0,0.5205988997249313,0.0,0.3904869723322869,0.0,0.0,0.0,0.0,1.0,0.930882335752773,0.6449106249839716,0.8161067461392576,0.0,0.6666666666666667,0.0,1.0,0.9758481083344968,0.8819625859532174,0.6210112155459844,0.6666666666666667,0.9955241460541814,0.4576648077070925,0.0,0.0,0.8656716417910448,0.7916666666666666,0.6296296296296295,1.0,0.0,1.0,0.0,0.0,0.0,0.0,0.913323782234957,0.7435897435897436,0.0,0.0,0.0,0.8427225130890053,0.0,0.8565611102180786,0.0,0.0,0.0,0.25,0.8681318681318682,0.46198998803880753,0.6666666666666667,0.21212121212121204,0.0,0.0,0.0,0.0,0.8655913978494624,0.6666666666666667,0.7611940298507462,0.0,0.0,0.0,0.0,0.19435736677115978,0.0,0.6560415122312824,0.0,0.9896373056994818,0.0,0.8990070921985815,0.42070078377132325,0.0,1.0,0.0,0.634536416684677,1.0,0.0,1.0,0.0,0.3965936739659368,0.22537878787878773,0.3858636855391274,0.0,0.0,0.14655870445344155,1.0,0.0,1.0,0.0,0.0,0.9485955368047074,0.75,1.0,0.0,0.5,0.9421252371916509,1.0,0.0,0.4338830584707646,0.0,0.5509391007398975,0.625,0.0,0.0,0.7966461063993833,1.0,0.625,0.0,0.37458782149923064,0.0,1.0,0.9309440559440559,0.5,1.0,1.0,0.6129032258064515,1.0,0.9123108296662016,0.9081400636653024,0.0625,0.5959752321981424,0.9729408972228816,0.0,0.33333333333333326,1.0,0.46912650602409633,0.4545454545454546,0.9166666666666666,0.10476190476190483,0.7503052503052503,1.0,0.0,0.5,1.0,0.0,0.0,0.19324577861163206,0.33333333333333337,0.7850162866449512,0.6631205673758865,0.246056782334385,0.875,0.0,0.33869787856620315,1.0,0.8,0.0,0.44999999999999996,0.5882352941176471,0.0,0.29999999999999993,0.0,1.0,1.0,0.9001614639397201,1.0,0.2857142857142857,0.0,0.962962962962963,1.0,0.8823529411764706,0.7937184955409073,1.0,0.0,0.4809222391173662,0.675181588182486,0.918429003021148,0.9090909090909091,0.0,1.0,0.65,0.25,0.4545454545454545,0.9772727272727273,1.0,0.0,0.0,0.0,0.5,1.0,0.9029495950638682,0.0,0.7021591245193729,0.9576397870231956,1.0,1.0,0.0,0.8181818181818182,0.0,0.0,0.0,0.375,0.0,0.0,0.950894579117586,0.2654050311562429,0.41135748490526747,0.0,0.0,0.0,0.0,1.0,0.9554130313360683,0.5152053506113492,0.8148148148148148,0.0,0.5,0.0,1.0,0.995260663507109,0.9860526069456146,0.9575480900542355,1.0,0.94133215703573,0.24667419678714853,0.0,0.0,0.7238493723849373,0.8492639436035663,1.0,0.0,0.875,0.2679949213790408,0.0,0.0,0.0,0.0,0.5709176260198949,0.5439919557566617,0.0,0.0,0.0,0.9674172637325145,0.0,0.6310830363129477,0.0,0.0,0.33333333333333326,0.8029790115098172,0.0,0.0,0.6098072087175189,0.0,0.5454545454545454,0.0,0.0,0.0,0.865234375,1.0,1.0,0.0,0.0,0.6743937232524965,0.19999999999999996,0.0,0.0,0.4444893015744853,0.5292961069602831,0.7692307692307692,0.09090909090909083,0.5798319327731092,0.1746641074856048,0.75,0.33333333333333337,0.0,0.4307692307692309,0.0,0.43619167717528373,0.568653636032536,0.25,0.83777633289987,0.6370050960407683,0.3737950731881471,0.3125,0.2857142857142857,0.8571428571428572,1.0,0.0,0.053097345132743334,1.0,0.0,0.8096304591265397,0.5714285714285714,0.904818034477678,0.27328646748681906,0.6,0.5282657297987863,0.0,0.33333333333333337,0.0,0.0,1.0,1.0,0.0,1.0,0.8613445378151261,0.5,0.0,0.0,0.15550000000000008,0.34686700767263423,0.0,0.7060458651841557,0.375,0.8273652468903129,0.5,0.321669736034377,0.0,0.6661577608142494,0.45656779661016955,0.0,0.0,0.65625,0.0,0.8010291595197255,0.0,0.10985460420032334,0.1986062717770034,0.25,0.4098360655737705,0.18828451882845176,0.0,0.0,1.0,0.0,0.5645617342130066,1.0,0.5185840707964602,0.0,0.8949044585987261,0.36977441236788144,0.5,1.0,1.0,0.17709213863060025,0.0,0.0,1.0,1.0,0.061514195583596276,0.9581005586592178,1.0,0.6666666666666666,0.0,0.5,0.10637694851204549,0.26923076923076916,0.0,0.5889830508474576,0.7777777777777778,0.5951580363147277,0.0,0.0,0.9314079422382672,0.5882751609623856,0.9494733377221857,1.0,0.20000000000000007,1.0,0.0,0.5,0.29268292682926833,0.26315789473684204,0.3784090909090909,0.927654609101517,0.0,0.0,0.0,0.0,0.9166666666666666,0.9701446598953524,0.6481546572934975,0.8040902995082699,1.0,0.8692269608883231,1.0,1.0,0.0,0.33333333333333326,0.0,0.0,0.0,0.7,0.0,0.0,0.740631130914774,0.0,0.48488529429854244,0.0,0.0,0.0,0.0,0.9988153998025666,0.9832402234636871,0.6967181908170259,0.7878787878787878,0.0,1.0,0.0,0.8571428571428572,1.0,0.7878319950586782,0.5004966834364084,0.0,0.8909180408565099,0.6720406623515863,runif
0.0,0.706499193362526,0.8464342674868991,0.6492620937939584,0.7380952380952381,0.0,0.0,0.0,0.0,0.6510042447085276,0.0,0.0,0.7156195577409961,0.0,1.0,0.0,0.8888888888888888,0.0,0.7314689622017907,0.0,0.6250689464975179,0.0,0.33333333333333326,0.7306257770410278,0.0,0.0,0.0,0.0,0.2857142857142857,0.768370607028754,0.0,0.0,0.612279438242708,1.0,0.0,0.0,0.0,0.0,0.0,0.7899990670771526,0.0,0.3846153846153846,0.3641088572872303,0.3776066453231809,0.6510741510741511,0.4643035446829755,0.0,0.0,0.0,0.8488918737407656,0.31553758254804465,0.0,0.3112033195020746,0.46353960068755795,0.7527472527472527,0.47539236008291386,0.5779655323876702,0.4788108791903857,0.4444444444444443,0.9172366621067032,0.8461538461538461,0.77466251298027,0.0,0.8571428571428572,0.8,0.0,0.16952016219869337,0.5555555555555556,0.0,0.0,0.5714285714285714,0.6718319302689413,0.6826923076923077,1.0,0.11782518926359264,0.0,0.7966573816155988,0.3548387096774194,0.0,0.8571428571428572,0.5227153201990372,0.8915329275041506,0.6428571428571428,1.0,0.8268615170494085,0.0,0.0,0.9701042873696408,0.0,0.0,0.6666666666666667,0.7222612359550562,0.7777777777777778,1.0,0.8964401294498382,0.5789473684210527,1.0,0.6463989711346099,0.6453965360072926,0.4571230982019363,0.125,0.5819764234784564,0.275540765391015,0.7333333333333334,0.6171741563107369,0.36371343789741417,0.0,0.0,0.19999999999999996,0.6666666666666667,0.8314338722501988,0.5555555555555556,0.14922952149229518,0.11111111111111105,0.5762787580969398,1.0,0.5302445302445302,1.0,0.0,0.492685475444096,0.5,0.5,0.33333333333333337,0.75,0.18181818181818177,0.0,0.6826923076923077,0.75,0.4285714285714285,0.0,0.0,0.0,0.7979675780304863,0.45737860619731685,0.7222222222222222,0.0,0.8333333333333334,0.036030471484455484,0.5449711175526036,0.635858949316336,1.0,0.9605462426236357,0.741507024265645,0.0,0.0,0.0,0.0,0.5619412515964239,0.627906976744186,0.22827804107424965,0.5,0.8991287366681688,0.9142857142857143,0.9875834445927903,0.9803921568627451,0.9355223587866108,0.9495107077010353,0.9928298279158699,0.21475770925110127,0.5283590515619119,0.0,0.9922971114167813,0.33834701913880194,0.0,0.0,0.9968265430221952,0.0,0.206896551724138,0.0,0.0,0.9764750642021496,0.5215492944289986,0.37607829160787276,0.0,0.0,0.0,0.0,0.0,0.0,0.6208594044878712,0.8161036209978154,0.0,0.0,1.0,0.4666666666666667,0.9799375507093158,0.9947318007662835,0.11637321938199052,0.0,0.5477648964714221,0.7274841459291663,0.0,0.5741935483870968,0.6666666666666667,0.7916666666666666,0.6296296296296295,1.0,0.0,0.0,0.0,0.6362799263351748,0.0,0.0,0.8214611872146118,0.0,1.0,0.0,0.9322033898305084,0.0,0.8478489744055182,0.0,0.8580630830741892,0.0,0.0,0.42233009708737856,0.4098360655737705,0.0,0.0,0.0,0.0,0.0,0.0,0.0,0.8655913978494624,0.7619047619047619,0.0,0.0,0.0,0.0,0.0,0.6172566371681417,0.0,0.7174203113417346,0.0,0.2696078431372547,0.7333333333333334,0.7826849956127522,0.18598382749326137,0.23076923076923073,1.0,0.9522249522249522,0.6336147795338097,0.0,0.3735294117647058,0.8152057518739484,0.7293187347931873,0.25343018563357556,0.7090336134453782,0.4058866279069767,1.0,1.0,0.8878748370273795,0.8527918781725888,0.0,0.75,1.0,0.0,0.0,0.75,0.0,0.0,1.0,0.659919028340081,0.6689655172413793,0.8888888888888888,0.0,0.0,0.755834829443447,0.8524590163934427,0.0,1.0,0.7355810209300123,0.9410388394946186,0.75,0.8571428571428572,0.996242774566474,0.1428571428571428,1.0,0.9814761493425472,0.5,0.0,1.0,0.7096774193548387,1.0,0.9318655431729637,0.3571428571428571,0.8125,0.8804920913884007,0.9275722723033882,0.0,0.49425287356321845,0.0,0.4913120120876353,0.2727272727272728,0.9166666666666666,0.0,0.5396618985695708,0.0,0.0,0.0,1.0,0.872359686179843,0.5,0.7762478485370052,0.0,0.19736842105263175,1.0,0.3869961889363668,0.0,0.0,0.9325164594001463,1.0,0.8,0.0,0.9,0.0,0.4432918395573997,0.6689655172413793,0.0,0.33333333333333326,0.5,0.0,0.6666666666666667,0.9571428571428572,0.0,0.7777777777777778,0.0,0.8823529411764706,0.7911160058737151,0.9395209580838323,0.4968704221600746,0.9737785416155168,1.0,0.4371014492753623,0.0,0.0,0.0,0.0,0.75,0.0,1.0,0.0,0.9142857142857143,0.9117647058823529,1.0,0.9888888888888889,0.9798120755419109,0.9526282669130708,1.0,0.5293292825426502,0.06788059237204347,0.0,0.9576271186440678,0.27783446213387275,0.9545454545454546,0.0,1.0,0.7855336368234699,0.375,0.0,0.0,0.973614844585954,0.5717856428714256,0.42765883376849434,0.0,0.0,0.0,0.0,0.0,0.0,0.5827424878213476,0.8148148148148148,0.0,0.0,0.9887005649717514,0.5,0.9955724225173941,1.0,0.19068873947680653,0.0,0.4678430362356175,0.7503864690370101,0.0,0.8798044878915796,0.7238493723849373,0.5035410304723539,0.75,0.0,0.0,0.0,0.0,0.6497765468622143,0.0,0.0,0.5959760739532355,0.0,0.6666666666666667,0.0,1.0,0.0,0.7635250917992655,0.0,0.5777610818933134,0.16000000000000003,0.0,0.770021645021645,0.0,0.23062005346192138,0.0,0.0,0.0,0.75,0.0,0.0,0.501031297641467,1.0,0.0,0.0,0.0,0.6059763724808895,0.0,0.0,0.0,0.5845410628019323,0.543801652892562,0.3076923076923076,0.29999999999999993,0.31271878646441076,0.5944533762057878,0.0,0.0,0.8327038626609442,0.3657322221019591,0.0,0.0,0.14309525793816158,1.0,0.426067415730337,0.28070562293274537,0.5424499696785932,1.0,0.923469387755102,0.7,0.867152466367713,0.0,1.0,0.8,0.0,0.0,0.5714285714285714,0.0,0.0,0.3999999999999999,0.5282657297987863,1.0,1.0,0.41176470588235303,0.0,1.0,0.5,0.0,1.0,0.0,0.8571428571428571,0.0,1.0,0.6900726392251817,0.0,0.0,0.7509104151493081,1.0,0.0,0.5,0.5853858784893268,0.7800829875518672,0.6731439960139511,0.03750000000000009,1.0,0.5375375375375375,0.17819148936170215,0.7058823529411765,0.0,0.0,0.8799231508165226,0.5714285714285714,0.25,0.26136363636363646,0.11936339522546413,1.0,0.0,0.5,0.0,0.5279720279720279,1.0,0.12041884816753934,0.2857142857142857,0.1129653401797176,0.9609544468546638,0.88,1.0,1.0,0.4765432098765432,0.0,0.0,1.0,1.0,0.9175,0.10089020771513357,1.0,0.6666666666666666,1.0,0.5,0.015271717572391874,0.0,0.7927350427350427,0.8274416310424202,1.0,0.3689057421451788,0.0,0.0,0.3882915173237754,1.0,0.9030152315822194,0.8875968992248062,0.9016393442622951,1.0,0.0,0.5,0.0,0.75,0.6714285714285714,0.10501750291715295,1.0,0.0,1.0,0.9523809523809523,0.9166666666666666,0.8709677419354839,0.8541666666666667,0.9311541799247903,0.22413793103448265,0.034675043222051616,1.0,1.0,0.14919158677922428,0.0,0.0,0.9549948298907972,0.7905443434911956,0.7,0.5,0.0,0.9543377941855099,0.860302677532014,0.4879672771447464,0.0,0.0,0.0,0.0,0.0,0.0,0.3596692873838546,0.7358490566037736,0.0,0.0,1.0,0.5555555555555556,0.9203354297693921,0.9774244208873184,0.2639180672268906,0.0,0.7660990712074303,0.5861126505113609,runif
0.0,0.7065637065637065,0.8451672010994045,0.8431179775280899,0.9,0.9404761904761905,0.0,0.6186061381074168,0.667235818630241,0.7053504657012714,0.0,0.5988818360129113,0.0,0.0,0.0,0.0,0.0,0.0,0.0,0.0,0.565515848980416,0.7843749999999999,0.25,0.7498274331919929,0.0,0.03483670295489871,0.0,0.0,0.0,0.768370607028754,0.8067658286165592,0.8840868352917746,0.0,0.0,0.0,0.8259438601800712,0.45081640780565513,0.9070383527003432,0.0,0.9197686351338744,0.0,0.1794871794871794,0.2591496426766766,0.43038850912866666,0.0,0.46323161580790395,0.6780834807482404,0.0,0.0,0.23477100933748307,0.39677546205269376,0.0,0.7166268350973029,0.9009525315204933,0.8305300713557594,0.7915281850765722,0.0,0.4861726831327845,0.31506849315068497,0.07138221933809219,0.9818024263431543,0.0,0.8306332842415316,1.0,0.4,0.5,0.0,0.33333333333333337,0.7423054755043228,0.5637178666178758,0.5714285714285714,0.8206551535087719,0.38636363636363635,1.0,0.0,0.0,0.995982694684796,0.7741935483870968,0.0,0.2857142857142857,0.5343418817247796,0.0,0.6428571428571428,0.0,0.7105677641941048,0.35792631480266235,0.0,0.47817749482242844,0.6000000000000001,0.5621139327385039,0.0,0.7178002894356006,0.75,0.6521739130434783,0.0,0.8947368421052632,0.4488517745302715,0.40852612068373706,0.5524156791248862,0.46275317542052874,0.125,0.0,0.012653516933383013,0.20000000000000007,0.9095722022759083,0.6974693483118923,0.75,0.6666666666666667,0.19999999999999996,0.0,0.6168091168091168,0.7777777777777778,0.07471365638766536,0.33333333333333326,0.0,0.20857891290111352,0.2500000000000001,0.0,0.0,0.2344523940561366,0.0,0.875,0.33333333333333337,1.0,1.0,0.19218891916439595,0.38636363636363635,0.0,0.9285714285714286,0.5,0.9108320919344541,0.6206754530477759,0.5342366319864507,0.5145702549794622,0.4722222222222222,1.0,0.0,0.39956225680933855,0.5449711175526036,0.3528837257119358,0.2137692549512733,0.8107335827098919,1.0,0.36363636363636365,0.7777777777777778,1.0,1.0,0.4688427299703265,0.6047098402018503,0.9593639575971732,0.0,0.0,0.9142857142857143,0.8276368491321763,0.0,0.6134882931795045,0.656475253133187,0.0,0.4440069991251093,0.0,1.0,0.9887520085698982,0.8993421673853514,0.0,0.0,0.8787412356070978,0.0,0.0,0.9487179487179487,0.8,0.9772371690646379,0.0,0.0,0.0,0.0,0.0,0.0,0.996513300660766,0.0,0.5071243964245641,0.0,0.0,0.0,0.0,0.41666666666666663,0.9238156209987196,0.0,0.022679445828683864,0.6666666666666667,0.996940080379978,0.3941151390589469,0.0,0.5741935483870968,0.8656716417910448,0.7916666666666666,0.8571428571428572,0.7859195402298851,0.0,0.5212121212121212,0.5945945945945946,0.6362799263351748,0.0,0.6145512000601911,0.0,0.0,0.0,0.0,0.0,0.0,0.0,0.0,0.8861120429386112,0.7142857142857143,0.0,0.7919441801458929,0.0,0.541894658477573,0.0,0.0,0.25,0.9166666666666666,0.68841642228739,0.6186224489795917,0.0,0.0,1.0,0.8213220436832483,0.5087719298245614,0.8187766432041241,0.0,0.8263305322128851,0.0,0.3589325426241661,0.6306620209059234,0.3669902912621361,0.0,0.7774390243902439,0.4082904361961528,0.14814814814814825,1.0,0.21808851828094933,0.6335861321776814,1.0,0.75,0.9189623119824235,0.7374036751630113,0.8613138686131387,0.0,0.7987738910926794,0.6271186440677966,0.0,0.9638009049773756,0.0,0.9388924252068745,1.0,0.5,1.0,0.11316800558854356,0.2500000000000001,1.0,1.0,1.0,0.9868297271872061,0.6437499999999999,0.8888888888888888,0.30731707317073165,0.0,1.0,0.6886792452830188,0.5457227138643068,0.5714285714285714,0.7312934896578019,0.0,0.625,0.33333333333333326,0.9869477911646586,0.4347826086956522,1.0,0.5506926320016061,0.0,1.0,0.0,0.7096774193548387,1.0,0.6555023923444976,0.0,0.9375,0.7712,0.7310625317742756,0.0,0.3193473193473193,0.0,0.0,0.4545454545454546,0.08333333333333337,0.5446410412853366,0.8791208791208791,1.0,0.0,0.5,0.0,0.8461134453781513,1.0,0.7129032258064516,0.33333333333333337,0.19736842105263175,0.39184397163120555,0.26729640030635693,1.0,0.0,0.3161875945537066,0.0,0.8,0.0,0.9,0.5882352941176471,0.7749752720079128,0.6437499999999999,0.5,1.0,1.0,1.0,1.0,0.0,0.830735343951203,0.37037037037037035,1.0,0.0,0.5574028308245338,0.9362007168458781,0.7613086296110833,0.5630326390607872,0.675181588182486,1.0,0.6363636363636364,0.8571428571428572,1.0,0.8,0.25,0.33333333333333337,1.0,1.0,0.0,0.9117647058823529,0.7439632042928325,0.0,0.6456874720691197,0.5379211854528143,0.0,0.7997966003196281,0.0,1.0,0.9576271186440678,0.9517726975243168,0.0,0.0,0.9172982270892587,0.8699186991869918,0.0,0.9473684210526316,0.6666666666666666,0.9754658446459976,0.2526120428924936,0.0,0.0,0.0,0.0,0.0,0.9954500737825873,0.0,0.5827424878213476,0.0,0.0,0.0,0.0,0.5,0.940045719035744,0.0,0.8484848484848485,1.0,0.9413644880414417,0.24887302779864773,0.0,0.8718730933496034,0.7238493723849373,0.5799039335323901,0.75,0.7142857142857143,0.0,0.718819737168361,0.6757012888551933,0.6275035483362246,0.0,0.4739187965735775,0.0,0.0,0.0,0.0,0.0,0.0,0.0,0.0,0.5038461538461539,0.881578947368421,0.33333333333333326,0.5842729112460248,0.25374732334047123,0.0,0.0,0.0,0.0,0.75,0.39004149377593367,0.9182172219818261,0.0,0.0,0.0,0.7307504873294347,0.16666666666666663,0.3512264486313542,0.0,0.5783672063382708,0.0,0.34023464458247066,0.0,0.7692307692307692,0.0,0.31271878646441076,0.1746641074856048,0.75,0.0,0.3305223410950283,0.4307692307692309,0.0,0.479287698913867,0.630442446677243,1.0,0.6385110952040086,0.0,0.3710714285714285,0.6000000000000001,0.2857142857142857,0.8571428571428572,0.0,0.6874375208263912,0.44217687074829926,0.6,0.0,0.011150234741783782,0.5714285714285714,0.7645035885167464,0.39909425417492217,0.3999999999999999,0.577131906739061,0.5,1.0,0.0,0.0,1.0,1.0,0.0,0.0,0.0,0.0,0.0,0.5,0.5696821515892421,0.389958012596221,0.0,0.0,0.75,0.79957254808834,0.5,0.5652709359605912,0.68,0.1335920177383595,0.0,0.5,0.5333333333333333,0.8191442434936039,0.23529411764705876,0.6666666666666667,0.0,0.30497131931166344,0.1986062717770034,0.75,0.9827586206896551,0.1495956873315365,0.0,1.0,0.0,0.0,0.29113924050632933,0.0,0.0,0.4285714285714285,0.0,0.4742010652463382,0.5,0.0,1.0,0.16393442622950816,0.0,1.0,1.0,0.0,0.144144144144144,0.0,0.5,0.0,0.5,0.5,0.6841119550515036,0.3846153846153846,0.6500843170320405,0.32744186046511636,0.7777777777777778,0.9461901827890737,0.0,0.38662486938349017,0.3684262948207172,0.0,0.0,0.9559865721745617,1.0,0.0,0.5,0.0,1.0,0.26315789473684204,0.7715909090909091,0.9471428571428572,0.0,0.0,1.0,0.8646814101160499,0.0,0.5966777408637873,0.0,0.7562210338680927,1.0,0.0,0.5,0.5,1.0,0.0,0.0,0.8479624565951689,0.33333333333333326,0.0,1.0,0.8571428571428571,0.9569216086070018,0.0,0.0,0.0,0.0,0.0,0.0,1.0,0.0,0.3590626087629064,0.0,0.0,0.0,0.0,1.0,1.0,0.3088956095526123,0.0,0.0,1.0,0.6549748801755501,runif
0.5714285714285714,0.706499193362526,0.0,0.0,0.9,0.9421296296296297,0.828125,0.0,0.0,0.0,0.0,0.896551724137931,0.7136714366577622,0.8574445617740232,0.5,0.7392007490317913,0.8888888888888888,0.0,0.9273599776522936,0.0,0.8339424608752695,0.7245949926362297,0.0,0.4833273574757979,0.0,0.0,0.0,0.029322268326417822,0.0,0.77227200843437,0.0,0.0,0.8489945636289239,1.0,0.6842105263157894,0.8259438601800712,0.0,0.2099256772956124,0.0,0.11603773584905663,0.6073480759185096,0.47916666666666663,0.3834903544190219,0.9693302387267905,0.9802494802494802,1.0,0.0,0.33333333333333326,0.33333333333333337,0.29244708390437035,0.3912432596643123,0.0,0.17273075450019137,0.0,0.7431693989071039,0.0,0.7008423381264358,0.4513666584585079,0.0,0.7989854153455929,0.8438661710037175,0.8473520249221184,0.7207207207207207,0.0,0.6000000000000001,1.0,0.4885496183206107,0.22222222222222232,0.7581904470300062,0.5762081784386617,0.5714285714285714,0.9526226734348562,0.6000000000000001,0.0,0.0,0.8333333333333334,0.7354758961681088,0.19354838709677413,0.0,0.2857142857142857,0.7997974888618874,0.8933690043951844,0.0,0.0,0.06311623385640897,0.009895227008148932,0.0,0.9678112686147076,1.0,0.0,0.33333333333333337,0.7222612359550562,0.11111111111111116,0.368421052631579,0.11293634496919913,0.4736842105263158,0.0,0.4020525398567095,0.0,1.0,0.0,0.8655751238304898,0.8978630930822166,0.0,0.638130997079683,0.6612226157680703,0.0,0.6666666666666667,0.5,0.6666666666666667,0.8062956485958235,1.0,0.3568429890848027,0.4444444444444444,0.6041521109891206,0.9886249581799933,0.0,0.375,0.6666666666666667,0.3740162247245429,0.5,0.0,0.33333333333333337,0.8571428571428572,0.0,0.18892746208660693,0.7179487179487178,0.75,0.8571428571428571,0.5,0.9108320919344541,0.8949806055693857,0.5594553706505296,0.6090200812026774,0.4722222222222222,1.0,0.0,0.6987597911227155,0.9711495385718125,0.5605461731943946,0.6808455284552846,0.8236362179915089,0.048151505993754284,0.4444444444444444,0.7777777777777778,0.0,0.3076923076923077,0.0,0.7151898734177214,0.562137049941928,0.5,0.0,0.9142857142857143,0.0,0.0,0.9923764242970735,0.0,0.9170334653071155,0.2163878373427769,0.6536430143773566,1.0,0.949798952114049,0.0,0.0,0.9642520867263844,0.0,0.0,0.0,0.9487179487179487,0.8,0.9763513513513513,0.9148823302469136,0.4620609571851315,0.0,0.0,0.0,0.0,0.9997933608041911,0.9620196604110813,0.0,0.9980463165920137,0.9769505310904774,0.0,1.0,0.6504854368932039,0.939651837524178,0.8436988543371522,0.0,0.6666666666666667,0.0,0.4071427772746079,0.0,0.5741935483870968,0.0,0.0,0.8571428571428572,0.8767123287671232,1.0,0.0,0.0,0.0,0.0,0.9105147382314123,0.8089275473140891,0.4736842105263158,1.0,0.8241454173938956,1.0,0.0,0.8952873981218046,0.0,0.8580630830741892,0.7142857142857143,0.0,0.42233009708737856,0.0,0.0,0.0,0.21212121212121204,1.0,0.9166666666666666,0.0,0.0,0.8655913978494624,0.7619047619047619,0.8407699037620298,0.8859825539132542,0.0,0.27649164677804294,0.0,0.3915929203539824,0.9545454545454546,0.0,0.8109452736318408,1.0,1.0,0.9467293380336859,0.0,0.0,0.0,0.8843700159489634,0.6571428571428571,0.0,0.2659768715763845,0.0,0.7422106824925816,0.0,0.8700417536534446,0.42449922958397535,0.0862068965517242,0.8167539267015707,0.929733246584255,1.0,0.7513593672763224,0.0,0.0,0.0,0.827023426224048,0.0,1.0,1.0,1.0,1.0,1.0,0.0,0.929481733220051,0.8888888888888888,0.6226522481502561,0.0,0.0,0.5714285714285714,0.7445289461431011,0.9396579541787674,0.0,0.0,0.43009931245225363,0.0,1.0,0.9786652653704677,1.0,0.0,1.0,0.7096774193548387,0.0,0.6669526424159232,0.6904761904761905,0.6875,0.5593803786574872,0.0,0.0,1.0,0.0,1.0,0.8181818181818182,0.0,0.0,0.7171052631578947,0.0,0.0,0.0,1.0,0.8717793270688088,0.0,0.1360594795539034,0.6666666666666667,0.6997167138810199,0.9710586443259711,0.0,0.375,1.0,0.5697806354009077,1.0,0.0,0.0,0.9,0.0,0.6666666666666666,0.7,1.0,1.0,1.0,1.0,1.0,0.0,0.8305343511450382,0.37037037037037035,1.0,0.0,0.0,1.0,0.2727272727272727,0.0,0.9574920297555791,0.0,0.6363636363636364,0.8571428571428572,0.0,0.65,0.0,1.0,1.0,0.0,0.8656716417910448,0.9117647058823529,0.0,0.0,1.0,0.0,0.9758691481842965,1.0,0.5644847405977039,1.0,0.9576271186440678,0.0,0.0,0.9451393362631475,0.0,0.9136468774094063,0.0,0.9473684210526316,0.6666666666666666,0.974814300873398,0.965056177048703,0.9709753449326024,0.0,0.0,0.0,0.0,0.9919235024498182,0.9556106309804192,0.0,1.0,0.9811816350028785,0.0,1.0,0.5,0.995420346745175,0.9839536486602912,0.7743465995197127,1.0,0.0,0.2866822254008883,0.0,0.8718730933496034,0.0,0.0,1.0,0.7142857142857143,1.0,0.0,0.0,0.0,0.0,0.48642779587404983,0.6015515281214471,0.4611371935315596,0.6666666666666667,0.6343799293923233,0.6923076923076923,0.0,0.8905423183745066,0.0,0.7919161676646707,0.8478260869565217,0.0,0.7700670411306396,0.0,0.4034021871202915,0.0,0.0,0.5454545454545454,0.75,0.0,0.0,0.5023326753992463,1.0,0.75,0.5528072241853161,0.0,0.0,0.19999999999999996,1.0,0.5409304002884963,0.0,0.0,0.7692307692307692,0.9,0.7698971304818625,0.6312600969305331,0.75,0.6666666666666667,0.29021308693192516,0.425225003082234,0.0,0.0,0.0,0.0,0.0,0.33347511697150156,0.42330723169046525,0.2932692307692307,0.8571428571428571,0.8571428571428572,1.0,0.0,0.7647058823529412,1.0,0.0,0.7797089733225546,0.5714285714285714,0.5215611898582551,0.6649350649350649,0.3999999999999999,0.5953678474114442,0.0,0.33333333333333337,0.41176470588235303,0.6666666666666667,0.6666666666666666,0.0,0.0,0.0,0.8955223880597015,0.75,0.0,0.0,0.1367799113737077,0.20836065573770501,0.0,0.9545454545454546,0.75,0.0,0.0,0.5804597701149425,0.5633333333333335,0.15623409669211186,0.7654320987654321,0.0,0.0,0.8383333333333334,0.0,0.9054726368159204,0.625,0.3757925072046109,0.05521472392638038,0.25,0.24418604651162779,0.10378378378378372,1.0,1.0,0.5,0.0,0.5739762219286657,1.0,0.5185840707964602,0.4285714285714285,0.3065476190476192,0.9747634069400631,0.56,1.0,0.0,0.062130177514792884,0.0,0.0,1.0,1.0,0.9022082018927444,0.19303338171262707,0.5,0.6666666666666666,0.0,0.5,0.758761206193969,0.7692307692307693,0.6617460986925348,0.7345526445872466,0.7777777777777778,0.9588450049784268,0.0,0.0,0.8735059760956175,0.7149921915668922,0.5953952087218477,0.9496907216494845,0.19999999999999996,0.0,0.5,0.5,0.29268292682926833,0.0,0.6931818181818181,0.5776215582893967,1.0,0.33333333333333326,1.0,0.0,0.0,1.0,0.04268077601410947,0.4571457706623159,0.22413793103448265,0.8103333265953792,0.33333333333333337,0.5,0.0,0.0,0.9899178765214841,0.0,0.8742733188720173,0.0,1.0,0.8571428571428571,0.9612695088169718,0.8793243243243243,0.5392930178206251,0.0,0.0,0.0,0.0,1.0,1.0,0.0,0.9848484848484849,0.9797297297297297,0.0,1.0,1.0,0.9203354297693921,0.7878319950586782,0.0,0.0,0.0,0.663091309130913,runif
0.0,0.0,0.8451672010994045,0.6860862142552283,0.7380952380952381,0.0,1.0,0.6186061381074168,0.0,0.6725272145770371,0.0,0.5991851600358036,0.6843849057805955,0.5576887576149159,0.0,0.0,0.0,0.0,0.649860151714201,0.5848876231067206,0.5493839628357908,0.4813404417364813,0.0,0.0,0.0,0.0,0.6411837819978288,0.0,0.2857142857142857,0.768370607028754,0.8515828889141042,0.6608527131782945,0.5265921348715934,0.0,0.7704194260485651,0.9027885536944914,0.360116873630387,0.907745614668303,1.0,0.0,0.5251328654306463,0.8461538461538461,0.8919182083739046,0.0,0.6481481481481481,0.6851851851851852,0.9753682462560349,0.0,0.6666666666666667,0.301642579371989,0.0,0.0,0.43905769887333557,0.7571131409966537,0.0,0.7382376081825335,0.9047875506675359,0.4524584069151407,0.38129496402877694,0.7932159165035877,0.7715674362089915,0.4574247144340602,0.0,0.7142857142857143,0.4,1.0,0.0,0.22222222222222232,0.904300007637669,0.5095078944335598,0.1428571428571428,0.0,1.0,0.0,0.713375796178344,0.8333333333333334,0.0,0.0,0.2666666666666666,0.0,0.5342205323193916,0.0,0.6428571428571428,1.0,0.8275088633239274,0.0,0.5,0.0,0.75,0.0,0.33333333333333337,0.0869565217391306,0.5,0.2941176470588235,0.8753358409457281,0.5,0.2808390732623669,0.09920740642067383,0.7894736842105263,0.4664613278576317,0.125,0.0,0.5124674358020097,0.5,0.5204873317977938,0.6590759075907591,0.75,0.0,0.0,0.0,0.5271438067804122,0.11111111111111116,0.016869424168694303,0.33333333333333326,0.17340590979782278,0.9885675857431069,0.5302445302445302,1.0,0.0,0.8284611141753999,0.0,0.5,0.33333333333333337,0.8571428571428572,0.9090909090909091,0.36543029417138684,1.0,0.0,0.9285714285714286,0.0,0.6406548300878196,0.9006729810568295,0.9142300194931774,0.8915968024956131,0.41666666666666663,1.0,0.8333333333333334,0.2823452341958729,0.5103864578634185,0.6911447084233262,1.0,0.3927863436123349,0.7682079177999396,1.0,0.7777777777777778,0.6666666666666666,1.0,0.36936936936936937,0.6027753686036426,0.562137049941928,0.5,0.0,0.9142857142857143,1.0,0.0,0.0,0.9772340425531915,0.9092480957054068,0.5096526093016054,0.0,0.0,0.9645284269849163,0.5791662645951945,0.72,0.9611398860670868,0.988459200853218,0.5190307463710138,0.0,0.0,0.8,0.9126385249265936,0.45159453302961283,0.28026809341520453,0.0,0.0,0.0,0.0,1.0,0.6182441352443295,0.4699518979034747,0.0,0.9753763914755683,0.6666666666666667,0.0,0.0,0.9942455242966752,0.9902130471724833,0.8563164694745347,0.0,0.7292479483384905,0.73571760874622,0.0,0.0,0.6666666666666667,0.7916666666666666,0.6296296296296295,1.0,0.8839285714285714,1.0,0.0,0.6362799263351748,0.652542372881356,0.6066848037310532,0.8214611872146118,0.819047619047619,0.0,0.0,0.0,0.0,0.6362866966411003,0.6766942954656264,0.9411764705882353,1.0,0.0,0.0,0.4098360655737705,0.5008897963771239,0.6206896551724137,0.0,0.0,0.7083333333333333,0.6907441016333938,0.5910462776659959,0.8655913978494624,0.0,0.5909090909090908,0.8699454676407038,0.5087719298245614,0.8018994413407821,0.7213054638797213,0.0,0.4472984942426924,0.9184581171237954,0.8755760368663594,0.0,0.7333333333333334,0.8777052559257987,1.0,1.0,1.0,0.2013910844135317,0.5755935628202352,1.0,0.7692307692307692,0.6523110684405431,0.0,0.3995157384987894,1.0,0.406318082788671,1.0,0.8161120840630472,0.8823529411764706,0.4,0.0,0.0,0.5,0.0,0.05695570112135029,0.0,1.0,0.7904946653734238,0.0,0.4066073697585768,1.0,0.0,0.9206349206349207,0.8888888888888888,0.0,0.0,0.4181034482758621,0.0,0.5296610169491527,0.0,1.0,0.0,0.9269662921348315,1.0,0.0,0.0,1.0,0.0,1.0,0.19354838709677402,1.0,0.32515831276161855,0.3571428571428571,0.0,0.0,0.5673196131911729,0.4666666666666667,0.3350923482849605,0.0,0.23853211009174313,0.6363636363636365,0.9166666666666666,0.953968253968254,0.6666666666666667,1.0,0.0,0.0,0.0,0.0,0.0,0.0,0.33333333333333337,0.0,0.9710586443259711,0.3763477088948789,0.375,0.0,0.6573705179282869,0.0,0.8,0.0,0.0,0.3529411764705882,0.0,1.0,0.5,1.0,0.5,0.8901685754729121,1.0,0.7571428571428571,0.980121776504298,0.5555555555555556,1.0,0.8823529411764706,0.5674499564838991,0.9355447680690399,0.5254237288135593,0.9818663962874858,0.029147571035746944,0.9406021155410903,0.6363636363636364,0.8571428571428572,1.0,0.8,0.75,0.0,1.0,0.0,0.0,0.9117647058823529,1.0,0.0,0.0,0.9762225284572922,0.8518218623481781,0.385788050159823,0.0,0.0,0.9576271186440678,0.7404862430840955,0.6818181818181819,0.9703009766792904,0.9926362297496318,0.0,0.0,0.0,0.6666666666666666,0.8739325252866129,0.5403669266146771,0.5639130983958569,0.0,0.0,0.0,0.0,1.0,0.42550279435805805,0.5152053506113492,0.0,0.9650073928043371,0.5,0.0,0.0,1.0,1.0,0.9741448602304189,0.0,0.752395685617292,0.732559039876113,0.0,0.0,0.8435870698644421,0.509731889662284,1.0,0.0,1.0,0.6636178861788617,0.0,0.4321293089229754,0.7614804660726525,0.838012958963283,0.5552449414270499,0.4234567901234567,0.0,0.0,0.0,0.0,0.6585365853658537,0.762477097838036,0.3915094339622641,0.0,0.0,0.0,0.0,0.0,0.6084945332211942,0.7625968065780667,0.0,1.0,0.5502793296089385,0.9080485611510791,0.5013907581875281,0.0,0.75,0.3639115250291036,0.5,0.36329070169374345,0.8968609865470852,0.4185673556664291,0.3829787234042553,0.9467871485943775,0.9252850963429021,0.15384615384615385,0.29999999999999993,0.7641759406465288,0.9221209610604806,0.75,0.6666666666666667,0.4099553658063262,0.0,0.0,0.47542011537496864,0.9490034517314331,0.0,0.8,0.6016873889875667,0.25948406676783,1.0,0.8571428571428571,1.0,0.4873949579831933,0.0,0.7647058823529412,0.6,0.0,0.09862570735650766,0.5714285714285714,0.9095041909362126,0.4639434048379736,0.19999999999999996,0.0,1.0,0.33333333333333337,0.41176470588235303,0.6666666666666667,0.0,0.0,0.0,1.0,0.0,0.0,0.0,0.0,0.6525849335302807,0.0,1.0,0.07779980178394452,0.6,0.0,0.0,0.0,0.34024896265560167,0.0,0.4722222222222222,0.33333333333333337,0.1134421134421133,0.0,0.7058823529411765,0.6666666666666667,0.0,0.3092028135990621,0.18796992481203012,0.25,1.0,0.10729023383768921,0.0,0.0,1.0,0.0,0.734620886981402,1.0,0.19999999999999996,0.4285714285714285,0.0,0.9076433121019108,0.88,1.0,1.0,0.9206049149338374,0.0,0.0,1.0,1.0,0.2570977917981073,0.9438202247191011,1.0,0.0,0.5,0.5,0.24478318780523922,0.7692307692307693,1.0,0.8590715300805305,0.0,0.9812206572769953,0.0,0.7142857142857143,0.7965895249695494,1.0,0.7967877094972067,0.6926330150068212,1.0,0.0,0.5,0.5,1.0,1.0,0.7715909090909091,0.5186915887850468,1.0,0.0,1.0,0.9818181818181818,0.0,0.0,0.934201266713582,0.4456589958158995,0.6724137931034482,0.08330809551543394,0.0,0.5,0.34245115985955654,1.0,0.9621257157160289,0.9851247493873914,0.0,1.0,0.5,0.8571428571428571,0.8685221364945859,0.031030855539972202,0.22368863740633138,0.0,0.0,0.0,0.0,0.9655172413793104,0.9366544644278211,0.35887666092876613,0.0,0.9594594594594594,1.0,0.0,0.0,0.935483870967742,0.9758377980880345,0.8283172879418437,0.0,0.8446969696969697,0.9095342095858316,runif
0.5714285714285714,0.0,0.0,0.0,0.75,0.0,0.7857142857142857,0.0,0.6689291101055808,0.0,0.0,0.593064746844397,0.0,0.8723102388271459,0.0,0.9012795367516578,0.0,0.0,0.6508981659827485,0.0,0.5528935380462291,0.0,0.0,0.4833273574757979,0.0064415786403991815,0.0,0.0,0.029322268326417822,0.2857142857142857,0.9285714285714286,0.8408674074873234,0.6608527131782945,0.5265921348715934,0.0,0.33333333333333326,0.7943052850715198,0.0,0.8599856149604411,0.17171717171717182,0.11603773584905663,0.8740453436762765,0.5769230769230769,0.8826247022305638,0.0,0.0,0.8515341471461564,0.8971976293261139,0.39622641509433965,0.33333333333333337,0.6265841438255231,0.33802193222369825,0.0,0.9419597132127006,0.42282828644592874,0.18181818181818188,0.0,0.5431603702475352,0.0,0.2917594654788417,0.9210697977821265,0.0,0.8210045662100457,0.4067796610169492,1.0,0.4,1.0,0.8540211759405272,0.33333333333333337,0.31482471549683044,0.0,0.8571428571428571,0.5840870062965082,0.7884615384615384,0.0,0.6666666666666667,0.8333333333333334,0.0,0.0,0.0,0.5714285714285714,0.08695156695156703,0.3007731958762885,0.6428571428571428,1.0,0.8781786231135001,0.9069549751942338,0.0,0.0,0.8,0.5198807157057654,0.0,0.9578651685393258,1.0,0.2941176470588235,0.8796992481203008,0.2666666666666666,0.8622417031934878,0.0,0.7873170731707317,0.25408917768317274,0.0,0.23637485568693029,0.0,1.0,0.6716676718938479,0.68931475029036,0.75,0.0,0.0,0.0,0.47310671256454373,0.5555555555555556,0.22388378551591537,0.0,0.17982799061766996,0.5803631472763955,1.0,1.0,0.6666666666666667,0.3438568353522138,0.5,0.5,0.33333333333333337,0.0,0.18181818181818177,0.10378220354467393,0.7,0.0,0.9285714285714286,0.0,0.0,0.3656233607274,0.0,0.5576135517498138,0.41666666666666663,0.6587460508165354,0.6666666666666667,0.10356778797145816,0.9183705392058278,0.5497395187298437,0.46380487804878057,0.9596729297146833,0.8221463022508039,0.4444444444444444,0.7777777777777778,0.5,0.0,0.6002331002331003,0.2195121951219512,0.437191760951552,0.5,0.6666666666666667,0.9142857142857143,0.9880385852090032,0.9803921568627451,0.9350895090167172,0.9495035460992908,0.9002766676913618,0.0778310187065161,0.0,1.0,1.0,0.8518420015569218,0.76,0.9908885378078013,0.0,0.0,0.0,0.9487179487179487,0.9,0.2543034055727553,0.5356877535859191,0.4886352001638169,0.0,0.0,0.0,0.0,0.0,0.586891394229683,0.4699518979034747,1.0,0.0,0.0,0.9071564564900885,0.4206349206349206,0.9414090582314881,0.0,0.9316224162640545,0.6666666666666667,0.0,0.0,0.0,0.0,0.0,0.0,0.65,0.0,0.8839285714285714,0.0,0.5945945945945946,0.0,0.0,0.7189150943396226,0.0,0.4736842105263158,0.0,0.8286590709903593,0.0,0.0,0.8492856883201861,0.0,0.8548387096774194,0.0,0.0,0.7940379403794038,0.0,0.0,0.0,0.21212121212121204,0.0,0.9166666666666666,0.712048716833406,0.6031198056514511,0.8655913978494624,0.0,0.5909090909090908,0.8650919153983001,0.0,0.7551020408163265,0.9089494163424124,0.3915929203539824,0.8974358974358975,0.6560415122312824,1.0,0.0,0.0,0.5128538887081029,0.9427239427239427,1.0,1.0,0.6972418216805645,0.0,0.0,1.0,0.2375789184737852,0.0,0.0,0.7090336134453782,0.0,1.0,1.0,0.017871649065800188,0.8527918781725888,0.24420131291028457,0.75,0.5,0.0,0.9294446384910933,0.2500000000000001,0.5070422535211268,0.5038167938931297,1.0,0.659919028340081,0.8344827586206897,0.1428571428571429,0.5229681978798586,1.0,0.0,0.0,0.0,0.8571428571428571,0.2013189864630338,0.33470564018114457,0.625,0.0,1.0,0.8095238095238095,1.0,0.0,0.0,0.873015873015873,0.0,0.967741935483871,1.0,0.8704453441295547,0.0,0.0625,0.9294019933554818,0.0,0.4077669902912622,0.0,0.6296296296296295,0.4687500000000001,0.5,0.0,0.35575485799701045,0.7503052503052503,1.0,0.0,0.0,0.0,0.0,0.5,0.8952702702702703,0.33333333333333337,0.8798641136504015,0.0,0.9809686731529991,0.0,1.0,1.0,1.0,0.8,0.0,0.44999999999999996,0.0,0.46412037037037035,0.7,0.5,1.0,0.0,0.0,0.5869565217391305,0.2857142857142857,0.8305343511450382,0.5555555555555556,0.0,0.6470588235294118,0.0,0.23906810035842285,0.2727272727272727,0.5776237845087739,0.8724760892667376,0.9473023839397742,0.6363636363636364,0.8571428571428572,1.0,0.44999999999999996,0.75,0.4825174825174825,1.0,0.0,0.0,0.9117647058823529,1.0,0.9888888888888889,0.9348958333333334,0.9360778497268748,0.8666666666666667,0.5518469069870939,0.0,1.0,1.0,0.8978694756850942,0.8181818181818182,0.9952323510827733,0.0,0.8320384757676655,0.0,0.9473684210526316,0.6666666666666666,0.07377638944948495,0.8272801420141054,0.7230583985550874,0.0,0.0,0.0,0.0,0.0,0.5566696754444488,0.15198548679701673,1.0,0.0,0.0,0.9850199733688415,0.5,0.950419585803372,0.0,0.547423416986693,1.0,0.0,0.0,1.0,0.0,0.0,0.0,1.0,0.0,0.875,0.0,0.6608856088560886,0.0,0.0,0.48642779587404983,0.0,0.6947368421052632,0.0,0.8833955223880596,0.0,0.0,0.7649545990157343,0.0,0.549359457422758,0.0,0.0,0.645174482006543,0.25374732334047123,0.4034021871202915,0.0,0.0,0.0,1.0,0.5502793296089385,0.9182172219818261,0.5,0.0,0.75,0.6040411646586346,0.0,0.3421052631578947,1.0,0.8632449190492594,0.7992586812329301,0.5753012048192772,0.6569515557306027,0.15384615384615385,0.0,0.8700894593543368,0.6790752351097179,0.6666666666666667,0.33333333333333337,0.5344827586206895,0.5467144563918758,0.0,0.9722560975609756,0.11738609112709808,0.0,0.0,0.28070562293274537,0.0,0.0,0.978021978021978,0.0,1.0,0.33922025991336224,0.5,0.6,0.0,1.0,0.5714285714285714,0.33505687693898656,0.0,0.8,0.41637010676156583,0.5,0.33333333333333337,0.41176470588235303,0.6666666666666667,0.0,0.2857142857142857,0.0,1.0,0.2000422475707645,0.0,0.0,0.0,0.6945107398568018,0.7387033398821219,0.0,0.0,0.75,0.38855160450997395,0.5,0.6559934318555007,1.0,0.0,0.0586419753086419,1.0,1.0,0.4654166666666667,1.0,0.03606965174129362,0.625,0.0,0.5714285714285714,0.25,0.813953488372093,0.0892857142857143,0.0,0.0,0.0,0.0,0.766078184110971,1.0,1.0,0.0,0.0,0.0,0.72,1.0,0.0,0.2931222707423582,0.0,0.0,1.0,0.0,0.9022082018927444,0.4999999999999999,1.0,0.0,0.5,1.0,0.0,0.3846153846153846,0.0,0.47307051637978903,1.0,0.0,1.0,0.38662486938349017,0.9467756403867238,0.7247834590667784,0.0,0.8875051041241323,1.0,0.0,0.5,0.0,0.0,0.75,0.3784090909090909,0.2824267782426777,1.0,0.0,1.0,0.9989545216936748,0.9166666666666666,0.8805786395814097,0.8018575851393188,0.42702190395956197,0.22413793103448265,0.07832729454662923,0.33333333333333337,0.75,0.7841536614645858,0.33333333333333326,0.9948303114830311,0.0,0.8715679190751445,0.0,1.0,1.0,0.7003925284244721,0.7630944176430048,0.4781430858268687,0.0,0.0,0.0,0.0,0.0,0.6160543973429681,0.3596692873838546,0.9811320754716981,0.0,0.0,0.9145129224652088,0.0,0.7722419928825623,0.2613719928563927,0.00941216736544892,0.0,0.0,0.0,runif
0.5714285714285714,0.7065637065637065,0.8451672010994045,0.0,0.75,0.0,0.7857142857142857,0.6186061381074168,0.6669831023352952,0.0,0.6548980606663353,0.0,0.7452417045645949,0.0,0.5,0.7467151290351959,0.0,0.0,0.0,0.0,0.0,0.7245949926362297,0.0,0.0,0.054650421094738166,0.0,0.0,0.029322268326417822,0.8571428571428572,0.77227200843437,0.0,0.0,0.0,0.8571428571428572,0.8095238095238095,0.8259438601800712,0.45081640780565513,0.0,0.8867628159360275,0.9197686351338744,0.6123583260680034,0.8461538461538461,0.8826247022305638,0.0,0.0,0.8505574970877018,0.6876240476342916,1.0,0.33333333333333337,0.3187831533201253,0.8021398320826213,0.0,0.918608362591765,0.45644921361621005,0.0,0.810541901095647,0.9203938409971719,0.7093831450912251,0.75,0.8782498414711477,0.0,0.8366954851104708,0.0,0.5714285714285714,0.0,0.0,0.641933887024916,0.22222222222222232,0.4378675628198274,0.308488612836439,0.0,0.32954700971671,1.0,1.0,0.0,0.0,1.0,0.0,0.4,0.0,0.08745807085003676,0.7852794687327062,0.0,1.0,0.0,0.0,0.0,0.966412999942782,0.75,0.5237860488045354,0.6666666666666667,0.9565846599131693,0.11111111111111116,0.4342105263157895,0.9022556390977443,0.2666666666666666,0.0,0.0,0.0,0.0,0.125,0.5798829287651299,0.0,1.0,0.6677902328133574,0.3046941196407389,0.0,0.6666666666666667,0.0,0.0,0.8184928252399506,0.11111111111111116,0.07471365638766536,0.7777777777777778,0.17208774583963715,0.8955468238375901,0.0,0.0,0.0,0.5172310714438229,0.0,0.5,0.6666666666666667,0.0,0.2727272727272726,0.040371845949535135,1.0,0.75,0.8571428571428571,0.5,0.6406548300878196,0.6187621010555243,0.5286654135338346,0.13490351192616556,0.4722222222222222,0.0,0.6666666666666667,0.9362048894062863,0.4855805689770978,0.9878442073927065,0.36811594202898557,0.3306464485235435,0.03325964630225087,0.36363636363636365,0.7777777777777778,1.0,0.8269230769230769,0.49786324786324787,0.2195121951219512,0.9033613445378151,0.0,0.6666666666666667,0.0,1.0,0.0,0.7711295734142835,0.0,0.0,0.1386897816302719,0.0,0.33333333333333326,1.0,0.8993421673853514,1.0,0.99128884058763,0.8778584596171196,0.0,0.206896551724138,0.0,0.9,0.29062171377585166,0.9476403378042723,0.0,0.0,0.0,0.0,0.0,0.9921005785491767,0.7613010232767345,0.0,0.0,0.9970571091428653,0.0,0.9071564564900885,0.9310344827586207,0.0,0.17687210734858327,0.037735140332952666,0.6666666666666667,1.0,0.0,0.0,0.5741935483870968,0.8656716417910448,0.0,0.65,0.0,0.9424083769633508,0.5212121212121212,0.5,0.0,0.6530047373183585,0.0,0.8375755238462528,0.0,1.0,0.8285810886960442,0.0,0.0,0.0,0.0,0.0,0.7142857142857143,0.0,0.0,0.8681318681318682,0.0,0.0,0.21212121212121204,1.0,0.0,0.0,0.0,0.0,0.6666666666666667,0.8374512353706112,0.887247424373988,0.5087719298245614,0.13265306122448983,0.916154413572658,0.8263305322128851,0.7124786324786325,0.9184581171237954,1.0,0.0,0.0,0.5245847176079732,0.8879615579160344,0.8148148148148148,0.0,0.12091084028223209,0.9308053448898519,0.0,1.0,0.44320652173913044,0.0,0.9398099260823654,1.0,0.30738200887454614,0.0,0.8161120840630472,0.0,0.8527918781725888,0.19318905155951616,0.75,1.0,0.0,0.8229130282920014,0.0,1.0,0.0,0.0,0.8146754468485419,1.0,0.8571428571428572,0.4927239654388359,0.0,1.0,0.0,0.5672043010752688,0.0,0.17099286177806639,0.8135034993824619,0.0,1.0,0.1413969335604771,0.21739130434782605,1.0,0.9797077068657344,0.0,1.0,1.0,0.967741935483871,0.0,0.8306232008091496,0.5476190476190477,0.0625,0.5959752321981424,0.0,0.4077669902912622,0.0,0.46475770925110127,0.5006090133982947,0.5,0.0,0.35575485799701045,0.5189255189255191,0.0,0.0,0.0,0.0,0.8849416755037115,0.0,0.2471416007036058,1.0,0.8842478842478843,0.7965779467680608,0.0,0.875,0.0,0.0,0.0,0.8,1.0,0.0,0.5882352941176471,0.24752475247524763,1.0,0.5,1.0,1.0,0.7857418111753373,0.0,0.0,0.1504664970313826,0.37037037037037035,0.0,0.6470588235294118,0.9618768328445748,0.0,0.8656716417910447,0.5626392277500796,0.0,0.0,0.6363636363636364,0.8571428571428572,1.0,0.8,0.25,0.33333333333333326,1.0,1.0,0.0,0.0,1.0,0.0,0.8579634464751958,0.0,0.0,0.0,0.0,0.5,1.0,0.9660900553101451,0.9545454545454546,0.9946475857794805,0.9173708440768256,0.8042813455657493,0.375,0.0,0.6666666666666666,0.12916740618957312,1.0,0.0,0.0,0.0,0.0,0.0,1.0,0.740306667193926,0.0,0.0,1.0,0.0,0.9361158432708688,1.0,0.0,0.7739819185534843,0.7154834726976822,1.0,0.9480424974530636,0.3258161316722742,0.0,0.8718730933496034,1.0,0.0,0.75,0.0,1.0,0.18357318357318375,0.6608856088560886,0.0,0.7449712643678161,0.0,0.6281162375732857,0.0,0.6666666666666667,0.6343799293923233,0.0,0.0,0.0,0.0,0.0,0.881578947368421,0.0,0.0,0.0,0.3608577673927792,0.0,0.0,0.5454545454545454,1.0,0.0,0.0,0.0,1.0,1.0,0.8141632837167343,0.16666666666666663,0.6122233930453109,1.0,0.5783672063382708,0.46239554317548737,0.9467871485943775,0.6569515557306027,0.15384615384615385,0.0,0.8700894593543368,0.1660156250000001,1.0,0.6666666666666667,0.40704845814977986,0.774016267311497,0.0,0.9743622126799697,0.1424285357113092,0.0,0.6039638386648123,0.7682819383259912,0.8437031484257871,0.3125,0.978021978021978,0.0,0.9706293706293706,0.0,1.0,0.0,0.0,0.7797089733225546,0.5714285714285714,0.5261627906976744,0.3851750795816281,0.0,0.1121047588629831,1.0,1.0,0.0,0.0,1.0,0.2857142857142857,0.0,1.0,0.2317893522967518,0.6666666666666667,0.0,0.5,0.14699853587115674,0.1671335200746964,0.0,0.6617210682492581,0.75,0.38855160450997406,0.5,0.6559934318555007,0.7095435684647302,0.0,0.21504237288135586,1.0,0.1513353115727003,0.4331715924128805,1.0,0.0,0.0,0.8799231508165226,0.5714285714285714,0.25,0.9827586206896551,0.09417040358744388,1.0,1.0,0.0,0.0,0.5863259668508287,1.0,1.0,0.7142857142857142,0.0,0.2805900100569897,0.0,1.0,1.0,0.8875739644970414,0.0,0.0,0.0,1.0,0.144144144144144,0.3049853372434018,0.5,1.0,0.0,0.5,0.13703048590157096,0.6923076923076923,0.6514644351464435,0.0,0.7777777777777778,0.22871125611745502,1.0,1.0,0.6936110834246985,1.0,0.0,0.6765254845656856,0.0,0.0,0.5,0.0,0.8780487804878049,0.625,0.3784090909090909,0.9147465437788018,0.0,0.0,0.0,1.0,0.0,0.9537953795379538,0.0,0.7143868162976443,0.0,0.0,1.0,1.0,1.0,0.0,0.9962448190968868,0.8562361447611615,0.7387816154473756,0.7,0.0,1.0,0.6866103347416315,0.9862408355930501,0.0,0.0,0.0,0.0,0.0,0.9538834951456311,0.613202953366702,0.0,0.0,1.0,0.0,0.8899398108340499,1.0,0.0,0.0,0.25708807808505696,0.0,1.0,0.0,runif
0.5714285714285714,0.706499193362526,0.8361986628462273,0.8323186018193539,0.0,0.0,0.0,0.6186061381074168,0.6689291101055808,0.676139874678756,0.0,0.0,0.6784129185654845,0.8669821240799158,0.0,0.7411211685005814,0.33333333333333326,0.0,0.0,0.7001388117712382,0.5711080428028996,0.41691248770894784,0.0,0.0,0.0,0.0,0.0,0.14924452667283383,0.2857142857142857,0.0,0.7919893781810136,0.0,0.0,0.0,0.6842105263157894,0.8564580734125682,0.0,0.6956897379283863,0.17171717171717182,0.6842938151127522,0.0,0.8461538461538461,0.7984420642648491,0.7272727272727273,0.9815202231520224,0.462962962962963,0.9644102655816865,1.0,0.6666666666666667,0.0,0.0,0.0,0.6956521739130435,0.3849167482859942,0.7313666113119077,0.7930388219544846,0.6545687198278369,0.0,0.3115916341722793,0.9234303215926494,0.8469217970049916,0.7377643504531722,0.5593220338983051,0.8571428571428572,0.4,1.0,0.8540211759405272,0.22222222222222232,0.4378675628198274,0.0,0.0,0.7166571265025758,0.558974358974359,1.0,0.5714285714285714,0.0,0.36186650185414093,0.3548387096774194,0.4,0.2857142857142857,0.0,0.8975137597267033,0.0,1.0,0.10982550209303421,0.06952534390878673,0.5,0.0013691931540343871,0.0,0.9970229234891337,0.0,0.0,0.5,0.5294117647058824,0.0,1.0,0.44839114082741327,0.08004293848595156,0.32357723577235775,0.5538160469667319,0.0,0.29094543637272297,0.8333333333333333,0.0,0.09062554150060642,0.693894619459158,0.75,0.6666666666666667,0.19999999999999996,0.0,0.41633906633906625,1.0,0.14922952149229518,0.11111111111111105,0.2247532270311312,0.9070469798657719,0.5302445302445302,0.875,0.6666666666666667,0.60346437091588,0.5,0.5,0.0,1.0,0.18181818181818177,1.0,0.558974358974359,0.75,0.9285714285714286,0.0,0.10300632911392427,0.5082670313276977,0.31931723563696923,0.7343951985226224,0.7222222222222222,0.9481346678798908,0.6666666666666667,0.0,0.9416983523447402,0.0,0.9503739837398374,0.8694535597089457,0.026929260450160752,0.0,0.7777777777777778,0.0,0.0,0.0,0.0,0.0,0.5,0.791044776119403,0.9142857142857143,0.8242145178764897,0.9803921568627451,0.9852359782804836,0.0,0.8980194907261867,0.0,0.7120496632690869,0.0,1.0,0.6692087926801247,0.76,0.9779155397177394,0.9884942459621907,0.5237709658762291,0.206896551724138,0.5714285714285714,0.7,0.02941176470588236,0.5035795639440286,0.4982442585054526,0.0,0.0,0.0,0.0,0.9965469780020766,0.5998731956574886,0.4699518979034747,0.8164837888380686,0.9794737494027923,0.6666666666666667,1.0,0.8305084745762712,0.0,0.8346760769691725,0.6444491684790608,0.6666666666666667,0.9254136956814207,0.6999236921685557,0.0,0.5741935483870968,0.8656716417910448,0.7916666666666666,0.0,0.0,0.0,0.7666666666666666,0.5,0.6362799263351748,0.0,0.0,0.8089275473140891,0.7435897435897436,0.0,0.8163484326789787,0.7142857142857143,0.0,0.0,0.861614962988077,0.9411764705882353,1.0,0.0,0.0,0.4098360655737705,0.0,0.0,0.0,0.25,0.0,0.6985498302992903,0.0,0.0,0.0,0.7611940298507462,0.7882428115015974,0.0,1.0,0.8565105127259314,0.8204633204633205,0.0,0.9184581171237954,0.9504950495049505,0.1535087719298246,1.0,0.9068676716917923,1.0,0.6153846153846154,1.0,0.0,0.565883190883191,0.0,0.0,0.22148209825145704,0.7345679012345678,0.9045226130653267,0.8588235294117647,0.0,0.6271186440677966,1.0,0.9017902813299232,0.8,0.8534990189666449,0.75,1.0,0.0,0.9485955368047074,0.0,0.704225352112676,0.0,0.0,0.9867172675521821,1.0,0.1428571428571429,0.0,0.0,0.5509391007398975,0.125,0.4181034482758621,0.5714285714285714,0.0,0.9444444444444444,0.0,0.0,0.0,0.0,0.0,0.35982339955849885,0.0,0.96,0.0,0.7096774193548387,1.0,0.0,0.3571428571428571,0.8125,0.7354166666666667,0.22542311847317253,0.08299866131191436,1.0,0.6296296296296295,0.34258349705304525,0.0,0.75,0.10476190476190483,0.8791208791208791,1.0,0.0,0.5,0.0,0.7962145110410095,0.0,0.6177024482109228,0.0,0.0,0.5087585681645088,0.38034236481124595,0.875,1.0,0.7391304347826086,1.0,0.8,0.0,0.9,0.0,0.0,1.0,0.5,1.0,0.0,0.0,0.5869565217391305,0.7857142857142857,0.7820186598812553,0.7777777777777778,1.0,0.6470588235294118,0.7023346303501945,1.0,0.0,0.4481949256734101,0.8724760892667376,0.0,0.0,0.8571428571428572,0.0,0.44999999999999996,0.0,0.4,0.0,0.0,1.0,0.9117647058823529,0.6273119605425401,0.9888888888888889,0.9917844232665133,0.0,0.8695652173913043,0.5926375404530744,0.8945372651678473,0.0,1.0,0.834166506441069,0.8181818181818182,0.9895649289764573,0.9948797159949139,0.0,0.375,0.6428571428571428,1.0,0.5326257572413116,0.8192498870311794,0.7416214192098858,0.0,0.0,0.0,0.0,1.0,0.4180963747575712,0.15198548679701673,0.8148148148148148,0.9892746298992008,0.5,1.0,1.0,0.9219097995545658,0.9506524475061271,0.9305033136306645,1.0,0.93802931946176,0.7318114760462768,1.0,0.8321521820216338,0.8435870698644421,0.5838416531806299,0.0,0.0,0.0,0.2864335408275357,0.6554140127388535,0.03168095415579586,0.0,0.0,0.594222455456431,0.6700729927007298,0.0,0.6354111506165367,0.6923076923076923,0.0,0.0,0.784453600639567,0.5777610818933134,0.0,0.33333333333333326,0.0,0.0,0.23708366115919222,0.0,0.7648559282002834,0.0,0.0,0.4012219959266803,0.0,0.0,0.0,0.75,0.5534171249018067,0.0,0.32805596465390297,0.29999999999999993,0.5776782638649673,0.0,0.6414950419527079,0.640110978993262,0.15384615384615385,0.9,0.525,0.9118600129617628,0.6666666666666667,0.6666666666666667,0.0,0.0,0.0,0.43767243541509915,0.0,0.6923076923076923,0.6463104325699747,0.31954411143942585,0.0,0.6000000000000001,0.978021978021978,1.0,0.9373522458628841,0.17460846384538486,0.9523809523809523,0.4,0.0,0.8096304591265397,0.5714285714285714,0.09919571045576381,0.14204081632653076,0.0,0.562870699881376,0.0,0.33333333333333337,0.0,0.0,0.8888888888888888,0.4736842105263158,0.0,0.0,0.23598516075845,0.75,0.0,0.0,0.38740920096852294,0.3619020501138952,1.0,0.14513822688274547,0.4,1.0,0.5,0.0,0.34024896265560167,0.4129955947136563,0.0,0.0,0.29457364341085257,0.0,1.0,0.6666666666666667,0.0,0.5388272583201268,0.3766233766233765,0.25,0.0,0.5714285714285714,0.0,1.0,0.0,0.0,0.057103064066852616,1.0,0.1628318584070797,0.2857142857142857,0.48929845422116536,0.27026074700493297,0.88,1.0,0.0,0.8985431841831426,0.0,0.0,0.0,0.0,0.9022082018927444,0.8717948717948718,0.0,1.0,0.5,1.0,0.659846547314578,0.3846153846153846,0.5689795918367346,0.854909090909091,1.0,0.9366155072752641,1.0,0.0,0.8735059760956175,0.0,0.9582040140699358,0.8022092538557732,0.19999999999999996,1.0,0.5,0.5,0.0,0.0,0.0,0.0,1.0,0.7916666666666667,1.0,0.8938144329896908,0.9166666666666666,0.9701446598953524,0.0,0.0,0.22413793103448265,0.3951919988989311,0.0,0.75,0.42732585689464553,0.33333333333333326,0.9537016327443525,0.9850729280150897,0.0,0.0,0.0,0.5714285714285714,0.5171823145273525,0.4076900059844405,0.4807813002280833,0.0,0.0,0.0,0.0,1.0,0.6132067993159914,0.3590626087629064,1.0,0.9594594594594594,1.0,1.0,0.8571428571428572,1.0,0.7878319950586782,0.5169760307804294,0.0,0.8334562076083751,0.9141229535313435,runif
0.0,0.0,0.0,0.0,0.0,1.0,0.0,0.0,0.0,0.722717658188157,0.0,0.0,0.0,0.0,1.0,0.0,0.0,0.5612482495173226,0.4516872305634013,0.0,0.7800766283524905,0.7571022727272727,0.25,0.0,0.0,0.0,0.7016037247801346,0.0,0.0,0.0,0.855614383410545,0.628045491324283,0.0,0.8571428571428572,0.8095238095238095,0.8087987702217992,0.0,0.0,0.7315436241610738,0.9166666666666666,0.5071599484630959,0.8461538461538461,0.3641088572872303,0.43038850912866666,0.981736733287388,0.9449586776859504,0.21668800186198067,1.0,0.6666666666666667,0.301642579371989,0.0,0.0,0.4755825087775295,0.4532804315869098,0.0,0.7919843597262952,0.6933417932347226,0.7025600938049639,0.23287671232876705,0.8650227125243348,0.0,0.907859078590786,0.0,1.0,0.0,0.5,0.9080358616137726,0.0,0.32217604835663016,0.5762081784386617,0.1428571428571428,0.6768929994736446,0.8225806451612903,1.0,0.16666666666666674,0.8333333333333334,1.0,0.3548387096774194,0.4,0.0,0.5343418817247796,0.9743732590529248,0.6428571428571428,1.0,0.27705521472392647,0.0,0.5,0.48770310192023636,0.0,0.5476246750177263,0.6666666666666667,0.9578651685393258,0.75,0.7647058823529411,0.8796992481203008,0.5,0.5455114822546974,0.27575099529496927,0.5789473684210527,0.4754744002864305,0.125,0.5798829287651299,0.0,0.33333333333333337,0.0,0.3164983164983165,0.75,0.0,1.0,0.0,0.0,0.5555555555555556,0.23682819383259912,0.33333333333333326,0.057866868381240666,0.9888121092464627,0.0,0.0,0.6666666666666667,0.23140678528014136,0.5,0.5,0.6666666666666667,1.0,1.0,0.36543029417138684,0.0,0.75,0.8571428571428571,0.5,0.5244967559474296,0.6882207578253707,0.8038063909774437,0.5700197238658776,0.9166666666666666,0.6475064546813426,0.6666666666666667,0.0,0.9183705392058278,0.0,0.9339837398373984,0.8330806166287592,0.7682079177999396,0.36363636363636365,0.7777777777777778,0.875,0.8269230769230769,0.7054108216432866,0.0,0.4801247077162899,0.0,0.0,0.9142857142857143,0.0,0.0,0.9851915229695932,0.9654065849432001,0.0,0.5471678994832303,0.0,0.9436619718309859,0.0,0.895408914532351,0.0,0.0,0.0,0.0,0.206896551724138,0.0,0.9,0.9139938080495356,0.7561175859953759,0.42185820957209375,0.0,0.0,0.0,0.0,1.0,0.0,0.0,0.8151029335497981,0.9974092802962857,0.6666666666666667,0.9377399683806369,0.9166666666666666,0.0,0.0,0.847982101719849,0.0,0.9853749129459104,0.4168872660885441,0.0,0.0,0.0,0.0,0.0,0.0,0.0,0.0,0.0,0.7326787512588117,0.6530047373183585,0.0,0.0,0.0,1.0,0.0,0.0,0.7401790208565864,0.8704730176053304,0.0,0.8861120429386112,0.7142857142857143,0.0,0.0,0.0,0.0,0.6206896551724137,0.0,0.25,0.0,0.6930299747201156,0.6001970928800197,0.0,0.6666666666666667,0.8374512353706112,0.8818031885651457,0.0,0.13265306122448983,0.06504065040650397,0.8628318584070797,0.4472984942426924,0.9184581171237954,0.4147465437788018,0.49152542372881347,1.0,0.9869913275517012,0.0,0.8148148148148148,1.0,0.1109177903436277,0.565883190883191,0.0,0.25,0.2592313489073097,0.0,0.9398099260823654,0.8776515151515152,0.0,0.6000000000000001,0.85,0.09527754763877405,0.8,0.0,0.75,1.0,1.0,0.9294446384910933,0.5,0.0,1.0,0.0,0.9585319351763585,0.8769230769230769,0.8888888888888888,0.9917149958574979,1.0,1.0,0.23113207547169812,0.5457227138643068,0.0,0.5296610169491527,1.0,0.625,0.9,0.0,0.21739130434782605,0.0,0.5523241954707987,0.0,1.0,1.0,0.967741935483871,1.0,0.8750486267797402,0.6190476190476191,0.0,0.2654370489174017,0.5350318471337578,0.0,1.0,0.46475770925110127,0.4558823529411764,0.0,0.0,0.47777777777777786,0.2666666666666666,1.0,0.0,0.5,0.0,0.5481088254810883,0.5,0.8675496688741722,0.33333333333333337,0.3536231884057971,0.9710586443259711,0.0,1.0,1.0,0.3161875945537066,1.0,0.8,1.0,0.9,0.5882352941176471,1.0,0.0,0.5,1.0,1.0,0.33089770354906045,1.0,0.9571428571428572,0.8064746914684314,0.962962962962963,0.38547904191616755,0.6470588235294118,0.36496350364963503,0.23906810035842285,0.0,0.4840104849279161,0.6733668341708543,0.4687910643889619,0.6363636363636364,0.8571428571428572,1.0,0.8,0.875,0.0,1.0,1.0,0.0,0.9117647058823529,0.0,0.0,0.9918086500655308,0.9697985050866473,0.0,0.782718385367392,0.0,0.9558823529411765,0.0,0.9355843000630073,0.0,0.0,0.0,0.9074509803921569,0.375,0.0,0.6666666666666666,0.8839222520875012,0.9920951333516634,0.5684484803095551,0.0,0.0,0.0,0.0,0.9761904761904762,0.0,0.0,0.8148148148148148,0.9987555033754035,0.5,0.9850199733688415,1.0,0.0,0.0,1.0,0.0,0.9413644880414417,0.24887302779864773,1.0,0.0,0.0,0.0,0.0,0.0,0.0,0.0,0.0,0.7006127808578932,0.7761066969353008,0.0,0.0,0.0,0.6666666666666667,0.0,0.0,0.16800793738286834,0.5693029180176007,0.0,0.6841169498222046,0.8478260869565217,0.33333333333333326,0.0,0.25374732334047123,0.4035002430724357,0.9015846538782318,0.0,0.0,0.0,0.8686716791979949,0.655,0.0,1.0,1.0,0.368457459073092,0.0,0.6045627376425855,0.9090909090909091,0.5800464037122971,0.07277628032345007,0.9537612146307799,0.525564803804994,0.7692307692307692,0.9,1.0,0.008287292817679592,0.5555555555555556,0.6666666666666667,0.41054271617761606,0.0,0.0,0.47295266716754325,0.13123567777190193,0.0,0.5325581395348837,0.48578811369509045,0.7971497877501517,1.0,1.0,0.0,0.9328671328671329,0.0,0.7959183673469388,0.0,0.0,1.0,0.0,0.44426623897353645,0.462962962962963,0.19999999999999996,0.5282657297987863,0.5,1.0,0.9411764705882353,0.6666666666666667,1.0,1.0,0.0,1.0,0.0,0.5,0.0,1.0,0.0,0.0,1.0,0.0,0.75,0.8290290290290291,0.5,0.6559934318555007,0.68,0.6308203991130821,0.0586419753086419,1.0,0.523225241016652,0.0,0.23529411764705876,0.6666666666666667,0.0,0.8622196329740752,0.16541353383458646,0.25,0.7719298245614036,0.1428571428571428,0.0,0.0,0.8333333333333334,0.0,0.0,1.0,0.1628318584070797,0.4285714285714285,0.31845238095238093,0.9366186024401838,0.0,0.0,0.0,0.17709213863060025,0.0,0.0,0.0,0.0,0.061514195583596276,1.0,1.0,1.0,0.0,0.5,0.13220565323837075,0.26923076923076916,0.8281884646628757,0.826892177589852,0.7777777777777778,0.0,1.0,0.6702103073723135,0.9465518967070363,0.0,0.9446277435088223,0.954343144292893,0.9836065573770492,0.0,0.5,0.5,0.8780487804878049,0.9375,0.0,0.3767029972752043,0.0,0.0,1.0,0.0,0.0,0.9701446598953524,0.6998236331569665,0.792222461273666,1.0,0.0,0.6666666666666667,0.0,1.0,0.0,0.0,0.0,0.8768974145120935,0.0,0.5,1.0,0.8566458346756007,0.46732073293897003,0.2229399788755032,0.0,0.0,0.0,0.0,1.0,0.0,0.0,0.7358490566037736,0.9662162162162162,1.0,0.9113848002403124,0.8571428571428572,0.0,0.2613719928563927,0.7688205771643664,0.0,1.0,0.6442121430945749,runif
0.5714285714285714,0.0,0.8381311939594148,0.0,0.0,0.7941176470588235,0.828125,0.0,0.6699172033118675,0.0,0.6548980606663353,0.0,0.0,0.5834044732798362,1.0,0.9005124238615488,0.8888888888888888,0.5191732062039733,0.45574136336274595,0.5709095571892631,0.6250689464975179,0.0,0.0,0.7306257770410278,0.0,0.0,0.0,0.7202272667352159,0.2857142857142857,0.0,0.0,0.6608527131782945,0.0,0.8571428571428572,0.7777777777777778,0.0,0.0,0.0,0.0,0.0,0.614038960322278,0.0,0.0,0.38636363636363635,0.6510741510741511,0.9445831253120319,0.10549173437937831,0.0,0.33333333333333337,0.3018348623853211,0.13094887284514511,0.0,0.5217391304347827,0.7143436528322293,0.7956140350877193,0.6980702622464127,0.9167605511742786,0.0,0.3515901060070671,0.9140154772141015,0.8291571753986333,0.12146118721461197,0.8328083353525564,0.0,0.8,1.0,0.23715927010587956,0.0,0.44404986777483946,0.2602581390868811,0.0,0.0,1.0,1.0,0.9483826565726083,0.0,1.0,0.0,1.0,0.8571428571428572,0.0,0.8358429288455861,0.0,0.0,0.26750173973556035,0.8641804208139096,0.0,0.4673678002752113,0.0,0.4835402050728549,0.0,0.6763888888888888,0.7777777777777778,0.6521739130434783,0.5833333333333333,0.5,1.0,0.6628483875674887,0.5497587454764776,0.9162790697674419,0.0,0.4306985772790759,0.9728260869565217,0.33333333333333337,0.5311698647095233,0.5656833616298811,0.0,0.6666666666666667,0.6,0.0,0.0,0.0,0.009715025906736119,0.11111111111111105,0.40898791540785484,0.9591049382716049,0.3519653423499576,0.0,0.0,0.0,0.0,0.0,0.33333333333333337,0.0,0.0,0.0,1.0,0.75,0.4285714285714285,0.5,0.8573637417858524,0.0,0.7979675780304863,0.0,0.4722222222222222,0.9903176490572447,0.8333333333333334,0.0,0.9068749593742551,0.0,0.4384113724628125,0.2558803865556435,1.0,0.0,0.0,0.6666666666666667,0.3076923076923077,0.09195402298850586,0.0,0.9182464454976303,0.0,0.0,0.0,1.0,0.0,0.9942550315410033,0.5024110055311304,0.9961829902736937,0.2040984875858155,0.9843902898005269,1.0,0.0,0.6391937583770244,1.0,0.0,0.896035655641567,0.0,0.206896551724138,0.0,0.8,0.0,0.5201384096311632,0.4895519117700763,0.0,0.0,0.0,0.0,0.9985008912024741,0.0,0.6208594044878712,0.94872250216431,0.0,0.6666666666666667,0.0,0.7483870967741936,0.9919490975198026,0.9094223099026462,0.11838985115312362,0.0,0.7461316515166989,0.6706400952488945,0.0,0.0,0.6666666666666667,0.0,0.0,0.7859195402298851,0.0,0.0,0.5,0.0,0.6962962962962963,0.0,0.0,0.6796116504854368,1.0,0.8321355786763918,0.9322033898305084,0.7148515808033234,0.6377268077316536,0.6784207945071112,0.8861120429386112,0.0,0.0,0.7919441801458929,0.4098360655737705,0.5052906887297219,0.0,0.6444444444444444,0.0,0.33333333333333326,0.0,0.6244520214320507,0.0,0.6666666666666667,0.0,0.0,0.0,0.0,0.0,0.14367816091954033,0.717948717948718,0.0,0.6306620209059235,0.3263707571801566,0.7333333333333334,0.9734562727018721,0.15977361776229848,0.14814814814814825,1.0,0.1896032144650931,0.0,0.0,0.8029411764705883,0.4381344710901868,0.7625698324022346,0.3995157384987894,0.9964953271028038,0.0,1.0,1.0,0.9197080291970803,0.1725888324873096,0.9354404841963685,0.5,1.0,0.0,0.4965856323408905,0.5,1.0,0.6081474296799224,0.0,0.1408918406072106,1.0,0.7777777777777778,0.986098450319052,0.0,1.0,1.0,0.4267241379310345,1.0,0.270746887966805,0.7793181818181818,0.0,0.0,0.6105054509415263,1.0,1.0,0.8261427837699024,0.0,0.6124031007751938,0.0,0.0,1.0,0.6712955122777307,0.7857142857142857,0.6875,0.8674463937621832,0.9098712446351931,0.0,1.0,0.6296296296296295,0.5617469879518071,0.6363636363636365,0.0,0.980272523896685,0.48,0.0,0.0,0.5,0.0,0.387806411062225,1.0,0.0,0.0,0.7894736842105263,0.5822922324823465,0.676212938005391,0.0,0.0,0.6036478428621537,0.0,0.0,0.0,0.0,0.0,0.20610119047619035,1.0,1.0,0.33333333333333326,1.0,1.0,0.0,0.9571428571428572,0.8412371134020619,0.37037037037037035,1.0,0.8823529411764706,0.0,0.3568306010928962,0.0,0.48013749079302737,0.0,0.9576811594202899,0.0,0.0,1.0,0.65,0.25,0.30487804878048785,1.0,1.0,0.0,0.0,1.0,0.0,1.0,0.0,1.0,1.0,0.9106115760648418,1.0,0.0,0.7584129535868476,0.6818181818181819,0.0,0.9630492245697703,0.735897435897436,0.375,0.0,0.6666666666666666,0.8321202330604613,0.5567103479439675,0.09538918726493195,0.0,0.0,0.0,0.0,0.9922220855878012,0.0,0.5827424878213476,0.9259259259259259,0.0,0.5,0.0,0.5,0.9943977591036415,0.9710825602608392,0.25815047910642386,0.0,0.7526200498238983,0.75038646903701,1.0,0.0,0.75,0.0,0.0,0.7142857142857143,1.0,0.0,0.6626865671641793,0.0,0.894358407079646,0.0,0.0,0.706578947368421,0.6666666666666667,0.894316163410302,0.6923076923076923,0.17113854595336087,0.317882316886301,0.5225392785473056,0.5764883195177091,0.27142857142857135,0.0,0.6466089075402734,0.0,0.0,0.0,0.8257839721254355,0.0,0.0,0.0,0.6741547012505791,0.0,1.0,0.9,0.0,0.0,0.6428065201984408,0.19999999999999996,0.0,0.49416854778028585,0.0,0.0,0.7692307692307692,0.29999999999999993,0.957983193277311,0.6872676579925651,0.75,0.33333333333333337,0.421934312592837,0.46790778222751384,0.0,0.479287698913867,0.9619269619269619,0.6923076923076923,0.8379694019471489,0.4109871953738127,0.0,0.0,0.923469387755102,0.8571428571428572,0.19080068143100493,0.6884755895051478,0.0,0.8,0.0,0.07502799552071682,0.0,0.4969464564692516,0.32979200957653765,0.0,0.0,1.0,0.33333333333333337,0.8823529411764706,0.0,1.0,0.5,0.0,1.0,0.24061597690086645,0.6666666666666667,0.0,0.5,0.0,0.5513964313421256,0.0,0.0,0.4,0.8236,0.5,0.10620012277470836,0.7894736842105263,0.17389138016940708,0.42500000000000004,0.0,0.34838709677419366,0.17819148936170215,1.0,0.8157894736842105,0.625,0.23390620448587252,0.18796992481203012,0.25,1.0,0.8119440914866582,1.0,1.0,1.0,0.0,0.0,0.0,0.31264023934180996,0.2857142857142857,0.7346666666666667,0.0,0.0,1.0,1.0,0.0,0.0,0.0,1.0,1.0,1.0,0.34124629080118685,1.0,0.6666666666666666,1.0,0.5,0.6357715430861723,0.0,0.828048780487805,0.0,0.7777777777777778,0.8147138964577656,0.0,0.6020230205790025,0.9465732866433216,0.33038999264164826,0.9368454458901936,0.6489803284605666,1.0,1.0,0.0,0.0,0.29268292682926833,0.625,0.0,0.8942857142857142,0.0,1.0,0.0,1.0,0.0,1.0,0.04166666666666674,0.5976219117238828,0.2068965517241378,0.3410694966771419,1.0,1.0,0.3408522812829393,1.0,0.0,0.7577595433464146,0.3366228070175439,0.1428571428571428,0.0,0.8571428571428571,0.43158434330489537,0.6642728904847397,0.4889585563541826,0.0,0.0,0.0,0.0,1.0,0.0,0.3596692873838546,0.9545454545454546,0.0,1.0,0.0,0.5555555555555556,0.8861209964412812,0.7366809552969994,0.3343520879190487,0.0,0.6235628203352265,0.5922853842561873,runif
0.5714285714285714,0.7065637065637065,0.7391304347826086,0.0,0.0,0.95,0.7857142857142857,0.8503937007874016,0.66484375,0.0,0.0,0.0,0.6841727993883207,0.0,0.5,0.0,0.0,0.0,0.0,0.0,0.0,0.0,0.0,0.4838593974175035,0.04064909089732227,0.0,0.7883474822653798,0.0,0.0,0.768370607028754,0.7924466338259442,0.0,0.0,0.0,0.7714285714285715,0.0,0.42666666666666664,0.0,0.0,0.6856617647058825,0.4187863199009241,0.3846153846153846,0.578383641674781,0.33749429136854936,0.0,0.0,0.7924824229313143,1.0,0.6666666666666667,0.0,0.7934281105817923,0.0,0.6446776611694154,0.3284602464930335,0.0,0.9162457912457913,0.38779620853080576,0.0,0.27429328621908133,0.9112458654906285,0.6382592928377153,0.7827476038338659,0.0,0.0,0.6000000000000001,1.0,0.23715927010587956,0.5555555555555556,0.4378675628198274,0.283885389148547,0.5714285714285714,0.0,0.7179487179487178,1.0,0.13559322033898313,0.0,0.7966573816155988,0.0,0.0,0.0,0.0643144260830728,0.0,0.0,0.0,0.38224543080939943,0.020783564261824927,0.0,0.0,0.0,0.7831288343558283,0.6666666666666667,0.0,0.0,0.7763157894736842,0.0,0.0,0.2808390732623669,0.0,0.3157894736842105,0.9647749510763209,0.125,0.4400257687256869,0.8711978971085242,0.33333333333333337,0.5089005891939326,0.6013915243516761,0.0,0.6666666666666667,0.19999999999999996,0.6666666666666667,0.07619047619047625,1.0,0.14922952149229518,0.0,0.16819684171869254,0.9884979702300406,0.15158730158730171,0.375,0.0,0.6051689241787327,0.0,0.625,0.0,0.0,1.0,0.09976247030878882,0.6000000000000001,0.75,0.9285714285714286,0.0,0.6306512893145387,0.7111299915038232,0.9265232974910395,0.03244203440538529,0.4722222222222222,0.8437357630979498,0.8333333333333334,0.04097859327217157,0.47818554103008337,0.1096502108657903,0.6161649944258639,0.0,0.04721549636803879,0.4444444444444444,0.11111111111111116,1.0,1.0,1.0,0.5978742249778565,0.437191760951552,0.0,1.0,0.9142857142857143,0.0,0.9803921568627451,0.9831393014853472,0.9894847184459659,0.9935851746258019,0.04678285938933302,0.36018165132268953,0.0,0.8288288288288288,0.6687094180670984,0.72,0.9760293183569322,0.9043264884411727,0.5186399912539631,0.206896551724138,0.9333333333333333,0.9,0.008702975856260453,0.9526228868958874,0.8617492818597454,0.0,0.0,0.0,0.0,0.0,0.586786832934838,0.8738529191352177,0.9535258814703675,0.0,0.6666666666666667,0.9202343936857211,0.4206349206349206,0.0,0.7441614608361364,0.3515935440616158,0.0,0.7224659628067592,0.31532235314541157,0.0,0.5741935483870968,0.6666666666666667,0.0,0.0,0.8148148148148149,0.9,0.5212121212121212,1.0,0.0,0.0,0.0,0.8214611872146118,0.0,1.0,0.0,0.0,0.0,0.0,0.0,0.0,0.0,0.0,0.42233009708737856,0.0,0.47490298566563705,0.6206896551724137,0.21212121212121204,0.0,0.0,0.7026615969581749,0.0,0.0,0.0,0.8955223880597015,0.0,0.5087719298245614,0.0,0.0,0.7891156462585034,0.4472984942426924,0.6453367875647668,0.0,0.26926977687626774,0.0,0.0,0.9487332339791357,0.6153846153846154,1.0,0.0,0.9308053448898519,0.0,0.0,0.2305023591451567,0.0,0.8095238095238095,0.31932773109243695,0.0,0.0,0.9679276315789473,0.7198838896952104,0.8588807785888077,0.0,0.0,0.0,1.0,0.4703008770955923,0.75,1.0,0.5535714285714286,1.0,0.375,0.7,0.7142857142857143,0.9130434782608696,0.0,0.6497257769652651,1.0,0.0,0.0,0.06603773584905659,0.0,0.0,0.0,0.5974374255065554,0.33333333333333326,1.0,0.4288779889638257,0.0,0.7777777777777778,1.0,0.0,0.5,0.8944281524926686,0.0,0.0625,0.0,0.6005728835136857,0.08299866131191436,1.0,0.0,0.5643418467583498,0.8181818181818182,0.0,0.980272523896685,0.36996336996337,0.0,0.0,0.0,1.0,0.0,0.0,0.688115064345193,0.33333333333333337,0.8789376158122297,1.0,0.6064516129032258,0.375,0.0,0.6737849779086893,0.0,0.8,0.0,0.0,0.8823529411764706,0.3084714548802945,1.0,0.5,1.0,0.0,0.4045485871812543,0.0,0.7571428571428571,0.1504664970313826,0.37037037037037035,0.619718309859155,0.8823529411764706,0.7008797653958945,0.9102457309454395,0.18181818181818177,0.0,0.09798994974874387,0.0,0.6363636363636364,0.0,1.0,0.8,0.875,0.0,1.0,1.0,0.8095238095238095,0.9117647058823529,0.0,0.9888888888888889,1.0,0.9717823888074869,0.977994227994228,0.014381813964277401,0.5411290873097139,0.0,0.9576271186440678,0.8465100250072901,0.6818181818181819,0.9970934574070883,0.9679301590129615,0.0,0.375,0.9310344827586207,0.6666666666666666,0.6168935734153125,0.9640071985602879,0.954533973225562,0.0,0.0,0.0,0.0,0.0,0.6110682210041432,0.8382082225403968,0.9259259259259259,0.0,0.5,0.7124183006535947,0.5,0.0,0.9517655523577596,0.0,0.0,0.7244309997118986,0.3295774647887324,0.0,0.8101670814077497,1.0,0.0,0.0,0.7142857142857143,1.0,0.6969596827495044,0.6578385305425032,0.0,0.0,0.0,0.6122058362096016,0.0,0.6666666666666667,0.0,0.0,0.0,0.0,0.0,0.0,0.23181818181818192,0.33333333333333326,0.7280505952380952,0.262496166819994,0.0,0.8851756640959726,0.0,0.0,1.0,0.8915507470376095,0.0,0.0,0.0,1.0,0.0,0.16666666666666663,0.0,0.5,0.5776782638649673,0.3930940304330863,0.6626506024096386,0.5285545490350532,0.3076923076923076,1.0,0.0,0.6692245557350565,0.5555555555555556,0.6666666666666667,0.0,0.774060395394308,0.0,0.9511400651465798,0.014014325755216661,0.0,1.0,0.7853191489361703,0.0,0.43028846153846145,0.5,0.1428571428571428,0.8185689948892675,0.0,1.0,1.0,0.0,0.10509209100758399,0.5714285714285714,0.2704918032786885,0.2475247524752474,0.3999999999999999,0.0,0.5,0.33333333333333337,1.0,0.0,1.0,0.2857142857142857,0.0,1.0,0.0,0.0,0.0,0.0,0.0,0.005485893416928067,0.0,0.14295908658420542,0.4,0.9711278195488722,0.5,0.04081632653061229,0.32333333333333336,0.6332599118942731,0.060381355932203506,1.0,0.5691756272401434,0.0,1.0,1.0,1.0,0.26845637583892623,0.13636363636363613,0.25,0.8333333333333334,0.788108108108108,1.0,1.0,0.44444444444444453,0.0,0.0,1.0,0.12041884816753934,0.0,0.0,0.9329534026148173,0.0,1.0,1.0,0.8997912317327766,0.0,0.33333333333333337,0.0,1.0,0.3153153153153151,0.41025641025641024,0.0,1.0,0.5,1.0,0.9143286573146292,0.6923076923076923,0.9375,0.0,0.7777777777777778,0.8977893368010403,0.0,0.0,0.36752988047808755,0.17315490673154899,0.5974378881987578,0.0,0.19999999999999996,0.0,0.5,0.5,1.0,0.9375,0.7777777777777778,0.23590150913423347,0.0,0.6923076923076923,1.0,0.0,0.9166666666666666,1.0,0.9375,0.0031119770525518398,0.4482758620689654,0.0,1.0,0.5,0.44396684065090575,1.0,0.9540457302846477,0.8551061623273839,0.0,0.7,1.0,1.0,0.4302272806619418,0.8736935080229649,0.775338928340865,0.0,0.0,0.0,0.0,0.0,0.6132067993159914,0.7896100327753027,0.9433962264150944,0.0,1.0,0.8566878980891719,0.0,0.0,0.4079379289764249,0.6948831441709866,0.0,0.6447395833333333,0.0,runif
0.5714285714285714,0.0,0.0,0.8422908731838059,0.0,0.9421296296296297,0.0,0.6186061381074168,0.0,0.7054662638469285,0.6593532229965157,0.593064746844397,0.7321623390792058,0.5350553505535055,1.0,0.0,0.0,0.5367324809108571,0.0,0.7013451252449293,0.7439093484419264,0.717948717948718,0.25,0.7498274331919929,0.04097595748817329,0.20330962800875285,0.0,0.0,0.2857142857142857,0.9285714285714286,0.7642483572482232,0.0,0.0,0.0,0.0,0.8259438601800712,0.360116873630387,0.6938676967648479,0.20952380952380956,0.7371676757041327,0.0,0.8461538461538461,0.8826247022305638,1.0,0.5818181818181818,0.0,0.33471017485887367,0.39622641509433965,0.6666666666666667,0.8306029075344993,0.3861215987501626,0.0,0.5217391304347826,0.8137196106472298,0.0,0.0,0.5497334694340479,0.4539456773198526,0.10981067125645427,0.8116385911179174,0.5049566294919455,0.3719939117199391,0.8306332842415316,0.0,0.8,1.0,0.16952016219869337,0.33333333333333337,0.0,0.0,0.1428571428571428,0.0,0.6000000000000001,0.0,0.7321428571428571,0.0,0.0,0.7741935483870968,0.06201550387596888,0.8571428571428572,0.9303736633425448,0.7391304347826086,0.6428571428571428,0.0,0.8480517729540246,0.727599454703185,0.5,0.6751837799383447,0.6000000000000001,0.0,0.0,0.6875,0.0,0.2941176470588235,0.0,0.0,0.2809822361546499,0.7156333465931692,0.32065040650406496,0.5095264017419705,0.0,0.5892984851440088,0.20952735392631183,0.7333333333333334,0.5204242424242425,0.6410051854806542,0.0,0.6666666666666667,1.0,0.0,0.7571692307692308,0.11111111111111116,0.3432230869001295,0.7777777777777778,0.4898692484279866,0.9098856758574311,0.19047619047619047,1.0,0.0,0.4603192074848652,0.5,0.625,0.0,0.8571428571428572,0.0,0.0,0.7179487179487178,1.0,0.9285714285714286,0.0,0.0,0.47634069400630896,0.5719231979855208,0.5744400527009222,0.0,0.15719063545150502,0.0,0.9428379287155346,0.0,0.0,0.4669918699186991,0.0,0.8216983983076458,0.8888888888888888,0.7777777777777778,1.0,0.1923076923076923,1.0,0.33333333333333326,0.7061574434918161,0.0,0.791044776119403,0.0,0.9969220585801755,0.9803921568627451,0.9845395358425094,0.0,0.9163118353880108,0.0,0.49209222353615456,1.0,0.9960893854748604,0.0,0.16000000000000003,0.9926800823800899,1.0,0.5318890239858518,0.0,0.0,0.7,0.5215858756004741,0.5748515513924897,0.28412461246572585,0.0,0.0,0.0,0.0,0.9836895388076491,0.0,0.8965708745765958,0.9548126377663483,1.0,0.0,1.0,0.0,0.9739676173499703,0.0,0.023057764104862488,0.0,0.9264543139424808,0.31829489367895936,0.0,0.0,0.0,0.7916666666666666,0.0,0.7916666666666666,0.0,0.5212121212121212,0.0,0.9432301598943817,0.652542372881356,0.6004737465455982,0.8214611872146118,0.7435897435897436,1.0,0.0,0.0,0.8427225130890053,0.0,0.8695652173913043,0.8861120429386112,0.7142857142857143,0.0,0.42233009708737856,0.0,0.4648855456844563,0.0,0.0,0.25,0.9166666666666666,0.6907441016333938,0.0,0.0,0.0,0.0,0.8551642154152383,0.5087719298245614,0.801500223914017,0.8898628048780488,0.9768339768339769,0.0,0.88860103626943,1.0,0.4362416107382552,0.7333333333333334,0.0,0.4280017722640673,1.0,1.0,0.9712740790807706,0.6149272275470359,0.0,0.7553256238587949,0.8097351268894744,0.0,0.0,0.7088673816374575,0.4380986165306846,0.0,0.85,0.14863102998696232,1.0,0.9388924252068745,0.0,1.0,0.0,0.0,0.2500000000000001,0.11111111111111116,0.0,0.0,0.15096153846153837,1.0,0.0,0.8666666666666667,0.0,0.0,0.625,0.5129032258064515,1.0,0.817391304347826,0.9368913128165173,0.625,0.0,0.9950343773873186,0.6956521739130435,0.0,0.5930008266740149,0.0,0.0,0.0,0.0,0.0,0.8629604209563029,0.07142857142857151,0.0,0.0,0.0,0.2799352750809063,0.8671875,0.0,0.8211009174311927,0.2727272727272728,0.9166666666666666,0.980272523896685,0.5625,0.0,0.0,0.5,0.0,0.8550376970527759,0.0,0.0,1.0,0.7850162866449512,0.5087585681645088,0.701219512195122,0.0,0.0,0.6573705179282869,1.0,0.8,0.0,0.9,0.3529411764705882,0.3606224627875505,0.7,1.0,1.0,0.0,0.35734705546026313,1.0,0.0,0.8064746914684314,0.0,0.37149817295980503,0.0,0.5073313782991202,0.29279466888796346,0.0,0.5884358201127573,0.0,0.9406021155410903,0.9090909090909091,0.8571428571428572,1.0,0.0,0.875,0.33333333333333326,0.9318181818181818,1.0,0.8095238095238095,0.0,1.0,0.9888888888888889,0.9918086500655308,0.30843251456064813,0.8695652173913043,0.7211655200323757,0.6677550897572867,1.0,0.9576271186440678,0.0,0.13636363636363646,0.9973911339802222,0.9948804587108995,0.0,0.0,0.0,1.0,0.9506352417100389,0.823946225339125,0.5388644023852736,0.0,0.0,0.0,0.0,1.0,0.0,0.953985566227142,0.9259259259259259,0.99666874869873,0.0,1.0,0.0,1.0,0.0,0.7004839576985122,0.0,0.93802931946176,0.3265781504775217,0.0,0.0,0.0,0.8500103156591706,0.0,0.7142857142857143,0.0,0.7198599299649825,0.0,0.6267677964762581,0.7723649247121346,0.4739187965735775,0.6416522491349481,0.4352303523035229,0.6666666666666667,0.0,0.0,0.9714169048591261,0.0,0.6292806413051122,0.9505016722408027,0.8478260869565217,0.33333333333333326,0.7988518436741002,0.25374732334047123,0.7058599695585996,0.0,0.0,0.0,0.75,0.8685744568097509,0.0,0.0,0.0,0.0,0.5871959336802615,1.0,0.34248039914469,0.32799999999999996,0.4185673556664291,0.0,0.8457811869196609,0.644514353126229,0.7692307692307692,0.0,0.0,0.0,1.0,0.6666666666666667,0.8072967203570736,0.41194743130226996,0.0,0.47416603962879367,0.5868481595092025,0.25,0.0,0.19373159444678167,0.45965331739390314,0.6000000000000001,0.5,1.0,0.705718270571827,0.6863925108659311,1.0,0.8,0.0,0.12765957446808518,0.5714285714285714,0.0,0.0,0.19999999999999996,0.0,0.0,0.33333333333333337,0.9411764705882353,0.0,0.0,1.0,0.0,0.5,0.8090032154340836,0.75,0.0,0.0,0.6525849335302807,0.4575740318906605,1.0,0.906184850590688,0.0,0.0,0.5,0.10620012277470836,0.5633333333333335,0.03886397608370695,0.0,0.33333333333333337,0.8235294117647058,0.8383333333333334,0.0,0.5986277873070327,0.0,0.8098039215686275,0.5714285714285714,0.25,0.8333333333333334,0.08928571428571441,1.0,1.0,1.0,0.0,0.5662407531943511,1.0,0.5185840707964602,0.7142857142857142,0.913135593220339,0.36977441236788144,0.0,1.0,1.0,0.8468507333908541,0.0,0.33333333333333337,0.0,1.0,0.2570977917981073,0.0,0.5,0.6666666666666666,0.5,1.0,0.0,0.26923076923076916,0.7575757575757576,0.8455644290956184,0.44444444444444453,0.3745704467353954,0.0,1.0,0.0,0.0,0.08590412909349798,0.6588089330024813,1.0,1.0,0.5,0.5,0.41463414634146345,0.9375,1.0,0.46703733121525026,0.0,0.5,0.0,1.0,0.9166666666666666,0.9701446598953524,0.0,0.0,0.0,0.23308057830350826,0.33333333333333337,0.5,0.0,0.33333333333333326,0.9903938520653218,0.9896235654001474,0.0,0.0,0.5,0.5714285714285714,0.8221109415633261,0.5189576547231272,0.22004735838612466,0.0,0.0,0.0,0.0,0.9192825112107623,0.0,0.9403791974415594,0.9545454545454546,1.0,0.0,0.9760315014552303,0.0,1.0,0.25952233889232035,0.0,0.0,0.8845231891610214,0.6337125245166713,runif
0.0,0.7065637065637065,0.8106508875739645,0.0,0.9,0.7941176470588235,0.7857142857142857,0.0,0.8558231107072543,0.7604253106294465,0.0,0.896551724137931,0.0,0.8257099501409062,0.0,0.0,0.8888888888888888,0.0,0.9308660106721496,0.5754154699251239,0.0,0.7245949926362297,0.25,0.75,0.06610015653569401,0.646612096407458,0.6089292610440419,0.0,0.2857142857142857,0.0,0.7993688007213706,0.0,0.5803671294164089,0.0,0.7777777777777778,0.0,0.360116873630387,0.0,0.9689502919811992,0.9177427068388331,0.9036469666637653,0.0,0.9427491223332434,0.675317604355717,0.9814814814814815,1.0,0.649371172713505,1.0,0.6666666666666667,0.13978985838282298,0.0,0.0,0.7350781998084903,0.7571105686646777,0.0,0.9031606386445096,0.6991538792485301,0.44196482716798047,0.45299145299145305,0.0,0.0,0.12146118721461197,1.0,0.7142857142857143,0.6000000000000001,0.0,0.0,0.44444444444444453,0.7676823231767682,0.24388965336478585,0.8571428571428571,0.2705285742149406,0.7483870967741936,0.6363636363636364,0.6666666666666666,0.0,0.995982694684796,0.0,0.0,0.5714285714285714,0.944511217948718,0.3023324475937408,0.6428571428571428,1.0,0.7154511225770465,0.9160902255639097,0.5,0.8848226550667465,0.8,0.9833770778652668,0.6666666666666667,0.6304347826086957,0.11111111111111116,0.2941176470588235,0.11293634496919913,0.5,0.4894461859979101,0.0,0.0,1.0,0.0,0.900579214111762,0.7066280333212605,0.5,0.5336072021676426,0.31565031982942404,0.75,0.0,0.0,0.6666666666666667,0.0,1.0,0.07538635506973235,0.0,0.0,0.5792163543441227,0.16945516945516959,1.0,0.0,0.408804268736357,0.5,0.625,0.6666666666666667,0.29999999999999993,1.0,0.18892746208660693,0.0,0.0,0.9285714285714286,0.0,0.0,0.8887210473313193,0.46190476190476193,0.5489079667274588,0.0,0.0,0.8333333333333334,0.10106165781951837,0.3695905384822148,0.13923171860536887,0.7363620314247044,0.619459635948086,0.7673012994862496,0.0,0.11111111111111116,0.8333333333333334,0.8269230769230769,0.0,0.1989664082687338,0.6211055276381909,0.5,0.0,0.0,0.9220655737704918,0.9803921568627451,0.6241281167321415,0.7732965400127361,1.0,0.23367573426934385,0.6503166738005934,1.0,1.0,0.0,1.0,0.9757179130268147,0.9885864571266705,0.4433460076045629,0.206896551724138,0.7435897435897436,0.9,0.9126385249265936,0.4317193634176201,0.5595590654820666,0.0,0.0,0.0,0.0,0.9836895388076491,0.0,0.7544621229200345,1.0,0.9644774582628521,0.6666666666666667,1.0,0.0,0.9739676173499703,0.9896464478327451,0.05694764331720814,0.6666666666666667,0.0,0.0,0.0,0.5741935483870968,0.8888888888888888,0.0,0.8571428571428572,1.0,0.993127147766323,0.0,0.5945945945945946,0.9432301598943817,0.0,0.9183032207384132,0.0,0.7435897435897436,0.0,0.0,0.7142857142857143,0.0,0.665797412691108,0.6988322385569804,0.0,0.7142857142857143,0.0,0.7940379403794038,0.4098360655737705,0.522923588039867,0.6206896551724137,0.0,0.25,0.0,0.7003891050583657,0.0,0.8655913978494624,0.0,0.72,0.0,0.5087719298245614,0.0,1.0,0.8243626062322946,0.9545454545454546,0.0,0.9221004039238315,0.7023890784982936,1.0,0.9711627906976744,0.4280017722640673,0.8148148148148148,1.0,0.0,0.5358762646819397,1.0,0.75,0.9193669932177845,0.0,0.8159806295399515,0.8713052576510594,0.406318082788671,0.6233766233766234,0.2571428571428571,0.0,0.6696428571428572,1.0,0.0,0.0,0.0,0.0,0.75,1.0,0.3588748787584869,1.0,0.0,1.0,0.7777777777777778,0.6165413533834587,0.0,1.0,0.0,0.0,0.8571428571428571,0.8796296296296297,0.3653333333333333,0.625,0.8571428571428572,0.9732620320855615,0.8095238095238095,0.0,0.8934112431996776,1.0,1.0,1.0,0.6129032258064515,0.0,0.32515831276161855,0.6904761904761905,0.0,0.3232758620689654,0.16920389318692264,0.0,1.0,0.0,1.0,0.6363636363636365,0.9166666666666666,0.980272523896685,0.0,1.0,0.0,0.5,1.0,0.5464447806354009,1.0,0.0,0.33333333333333337,0.15999999999999992,0.0,0.676212938005391,0.875,0.0,0.7178517397881996,1.0,0.8,1.0,0.44999999999999996,0.5882352941176471,0.7745740498034076,0.0,0.5,1.0,0.0,0.0,1.0,0.0,0.8203560510699515,0.0,0.0,0.8823529411764706,0.5040530582166545,0.0,0.7627118644067796,0.7086458744571653,0.9309355692850838,0.9406021155410903,0.0,0.0,1.0,0.8,0.0,0.5138888888888888,1.0,0.0,0.0,0.0,0.9153262244713537,0.9888888888888889,0.6671854423560397,0.854220600769482,1.0,0.8124149196841819,0.528919865900818,1.0,0.9915254237288136,0.0,0.13636363636363646,1.0,0.9948802839735823,0.0,0.375,0.736842105263158,0.6666666666666666,0.8748004263776981,0.5470488123720494,0.9536351165980795,0.0,0.0,0.0,0.0,1.0,0.0,0.8936478078425698,1.0,0.9974585820806061,0.5,1.0,0.0,0.9992553983618764,1.0,0.6308831007401547,1.0,0.0,0.0,0.0,0.8931977113795295,1.0,0.0,1.0,0.7142857142857143,1.0,0.0,0.6900234436051055,0.7048334384496302,0.0,0.4739187965735775,0.0,0.4292742927429273,0.0,0.0,0.6923076923076923,0.0,0.7597968369327331,0.7946988239508088,0.0,0.8478260869565217,0.33333333333333326,0.7667740579913154,0.75,0.0,0.5794261721483555,0.0,0.0,0.0,0.8915507470376095,0.0,0.5023326753992463,0.0,0.9,0.0,1.0,0.6392405063291138,0.808,0.58071988595866,0.7957110609480812,0.5348516218081434,1.0,0.0,0.9,1.0,0.0,1.0,0.6666666666666667,0.44120619946091644,0.0,0.0,0.47416603962879367,0.9553296108009001,0.25,1.0,0.33347511697150156,0.45965331739390314,1.0,1.0,1.0,0.33721727210418084,0.6481481481481481,0.7647058823529411,1.0,0.0,0.0,0.4285714285714285,0.5215611898582551,0.33230904302019326,0.8,0.6525885558583107,0.0,0.33333333333333337,0.0,0.0,1.0,0.2857142857142857,0.0,0.0,0.822740268308775,0.0,0.0,1.0,0.5265007320644217,0.9374416433239963,1.0,0.23580158159597409,0.75,0.9531324725011956,0.5,0.4441707717569786,0.631578947368421,0.0,0.7654320987654321,0.33333333333333337,0.5773115773115773,0.4880319148936171,0.23529411764705876,0.8157894736842105,0.0,0.41582733812949635,0.0,0.25,1.0,0.05107084019769359,0.0,0.0,0.8333333333333334,0.0,0.0,0.0,0.31264023934180996,0.0,0.31493506493506496,0.06350653296870246,0.0,1.0,1.0,0.8512256973795436,0.0,0.33333333333333337,0.0,1.0,0.061514195583596276,0.2178362573099416,1.0,0.0,0.5,1.0,0.0,0.7692307692307693,0.5067114093959731,0.3071257595286321,0.0,0.42895322939866387,0.0,0.4231569216547262,0.6930237213492143,0.0,0.057615336001685336,0.19149718206321975,0.5733333333333335,1.0,0.5,0.5,0.8780487804878049,0.0,0.32777777777777783,0.5186915887850468,1.0,0.0,0.0,0.4285714285714285,0.9166666666666666,0.6268082486919052,0.6467276565798734,0.9177256847754545,0.0,0.8132700464552616,0.6666666666666667,0.5,0.0,0.33333333333333326,0.9892208982584785,0.9850355634585464,0.0,0.0,1.0,1.0,0.8502029621503017,0.11682242990654201,0.548359547363177,0.0,0.0,0.0,0.0,0.950185873605948,0.0,0.8643775342938487,0.9848484848484849,0.9662162162162162,1.0,0.9878472222222222,0.5,1.0,0.9768566138654597,0.04344237695078035,0.0,0.0,0.0,runif
